3367.2194450692305 0.48026985727131744
3397.288083293275 0.24509267294406223
3427.35672151732 0.3789225521524198
3457.4253597413635 0.3357222311917811
3487.493997965408 0.3709029564544355
3517.5626361894524 0.46564817819134696
3547.6312744134966 0.5030886623148096
3577.6999126375413 0.4131932348712631
3607.7685508615855 0.40791724655761374
3637.8371890856297 0.5065581835700602
3667.9058273096744 0.3456546158687856
3697.974465533718 0.4683517253212807
3728.0431037577628 0.48270953819495965
3758.111741981807 0.5626729715280021
3788.180380205851 0.5817197899109477
3818.249018429896 0.5814726624126861
3848.31765665394 0.6143503095364138
3878.3862948779843 0.64578194574371
3908.454933102029 0.6831935758732932
3938.523571326073 0.7388942372507878
3968.5922095501173 0.7751761880295767
3998.660847774162 0.7290199071195884
4028.7294859982057 0.8202271506358448
4058.7981242222504 0.8394399585237293
4088.8667624462946 0.9106201295821587
4118.935400670339 0.9170558507073715
4149.0040388943835 0.7816168428613564
4179.072677118427 0.69554707509499
4209.141315342472 0.7108555413193037
4239.209953566517 0.7611564892856856
4269.27859179056 0.752427147533487
4299.347230014605 0.8713849818824316
4329.41586823865 1.0005135984326734
4359.484506462693 1.0546512880328507
4389.553144686738 1.1049281287226704
4419.621782910783 1.1109474689205225
4449.6904211348265 1.0409537617108306
4479.759059358871 1.0599580257559333
4509.827697582916 0.9949795408474732
4539.8963358069595 1.0275407540684869
4569.964974031004 1.00113101172243
4600.033612255049 1.0633258457138943
4630.102250479093 1.0770154056513481
4660.170888703137 1.025902131670359
4690.239526927182 1.0744171754787788
4720.308165151226 1.038897039338222
4750.376803375269 1.0000864784111556
4780.445441599314 0.9245700279506167
4810.514079823359 0.8588926551289344
4840.5827180474025 0.8365216209994615
4870.651356271447 0.8381693782754883
4900.719994495492 0.9305847431576778
4930.788632719536 0.9906866464268866
4960.85727094358 1.0439657620796452
4990.925909167625 1.1951973999658563
5020.994547391669 1.2843672891634783
5051.063185615713 1.3545251592019802
5081.131823839758 1.4316272145396485
5111.200462063802 1.4488631165349808
5141.269100287846 1.3929384691663782
5171.337738511891 1.320708315024431
5201.406376735935 1.2446413586889427
5231.4750149599795 1.1818740568154436
5261.543653184024 1.097428421453298
5291.612291408068 1.1473203376111205
5321.680929632113 1.0798195025384045
5351.749567856157 1.0606804101145109
5381.818206080201 1.0344984619340098
5411.886844304245 1.0875557684015285
5441.955482528289 1.0902903330080014
5472.024120752334 0.995453970784706
5502.092758976378 0.9541137115157248
5532.1613972004225 0.9096784804777316
5562.230035424467 0.9308754455776339
5592.298673648511 0.9996357025851411
5622.367311872556 0.999854256121729
5652.4359500966 1.100294112473385
5682.504588320644 1.1990464843091877
5712.573226544689 1.3500989718631033
5742.641864768733 1.4442552001195752
5772.710502992777 1.5647303704466549
5802.779141216822 1.653360466954575
5832.847779440866 1.6874647498514757
5862.91641766491 1.7371887942128872
5892.985055888955 1.7544707409510742
5923.053694112999 1.7886829637927713
5953.122332337043 1.765538394425451
5983.190970561088 1.8594759383149277
6013.259608785132 1.792472639092771
6043.328247009176 1.8236273647408001
6073.396885233221 1.7368325528361475
6103.465523457265 1.7346029622139585
6133.534161681309 1.6346390564130555
6163.602799905353 1.6105387645737224
6193.671438129398 1.5631481814940942
6223.740076353442 1.5246704943809268
6253.808714577486 1.5091468938381787
6283.877352801531 1.4207700871466222
6313.9459910255755 1.3884181960467945
6344.014629249619 1.4103537795008216
6374.083267473664 1.399526737260092
6404.151905697709 1.4076640864784367
6434.220543921752 1.3960257718867832
6464.289182145797 1.3888731078456138
6494.357820369842 1.390447830066508
6524.426458593885 1.3286385848619044
6554.49509681793 1.3600027847325145
6584.563735041975 1.3115722288446023
6614.6323732660185 1.2861657384863765
6644.701011490063 1.2532124587182363
6674.769649714107 1.3002870733478946
6704.838287938152 1.3628173194810127
6734.906926162196 1.2433822476425054
6764.97556438624 1.2265898683276497
6795.044202610285 1.201165061326674
6825.112840834328 1.1111544831463103
6855.181479058373 1.1202999466691033
6885.250117282418 0.9726179958930312
6915.3187555064615 1.017735765746673
6945.387393730506 1.1151246579894563
6975.456031954551 1.1409850002741428
7005.5246701785945 1.1948030465148776
7035.593308402639 1.248685857560834
7065.661946626684 1.2613328165352868
7095.730584850728 1.257004409395471
7125.799223074772 1.2606395414385965
7155.867861298817 1.3415946606810205
7185.936499522861 1.3545282572849198
7216.005137746905 1.3901304388556983
7246.07377597095 1.3463667401987485
7276.142414194994 1.3647757393494333
7306.211052419038 1.3364055625473485
7336.279690643082 1.3491170984505478
7366.348328867127 1.2991481083208216
7396.4169670911715 1.3835048357222948
7426.485605315215 1.2885888216790777
7456.55424353926 1.2414888096458734
7486.622881763304 1.1959474643314276
7516.691519987349 1.1808278759507598
7546.760158211393 1.152760333366243
7576.828796435437 2.1915374404816093
7606.897434659481 0.8844561169910488
7636.966072883526 0.8115094673761916
7667.03471110757 1.0124264361926292
7697.1033493316145 1.0839166159884055
7727.171987555659 1.0695134225952843
7757.240625779703 1.0876251506393968
7787.309264003748 1.0614334813147401
7817.377902227792 1.0648668021077003
7847.446540451836 1.0349527606939566
7877.515178675881 1.0511993172710774
7907.583816899925 1.0239714823640853
7937.652455123969 1.0234238374830118
7967.721093348013 1.0461045636853334
7997.789731572058 1.0534131454548725
8027.858369796102 1.0090905466267663
8057.927008020146 0.9763710530701811
8087.995646244191 1.0333928648274655
8118.064284468235 1.028879633683644
8148.132922692279 1.0167827551812216
8178.2015609163245 0.9293052374208904
8208.270199140368 0.902785104638131
8238.338837364412 0.8388907304958214
8268.407475588458 0.8043477799897891
8298.4761138125 0.7388031330932627
8328.544752036545 0.7532894808707473
8358.61339026059 0.7522865521767993
8388.682028484633 0.7596314116194183
8418.750666708678 0.7924311539050681
8448.819304932724 0.8036722237019788
8478.887943156766 0.8034125563646021
8508.956581380811 0.8555230007941508
8539.025219604857 0.8805031840628287
8569.093857828899 0.9267817774579723
8599.162496052944 0.9287009806911887
8629.23113427699 0.9690798924463347
8659.299772501032 0.9375452453547665
8689.368410725077 0.9608962710498878
8719.437048949123 0.9999135215888445
8749.505687173165 0.9748712259034565
8779.57432539721 0.9586748713507626
8809.642963621256 0.8812115056654587
8839.711601845298 1.018082487107617
8869.780240069344 1.027546826439651
8899.84887829339 0.6312445137234871
8929.917516517431 0.8324980825590454
8959.986154741477 0.7693687070563547
8990.054792965522 0.7533070040361379
9020.123431189564 0.6591664835231551
9050.19206941361 0.6633248540990364
9080.260707637655 0.604497553022892
9110.329345861697 0.6041993155552722
9140.397984085743 0.5914512546097891
9170.466622309788 0.5846426782732645
9200.53526053383 0.6520134636185129
9230.603898757876 0.6472469249863602
9260.67253698192 0.6938012237374032
9290.741175205963 0.7886021823822995
9320.809813430009 0.7725501847736186
9350.878451654053 0.698006665883475
9380.947089878096 0.7712198773775776
9411.015728102142 0.8935536864067964
9441.084366326186 0.8122052035938977
9471.15300455023 0.8014448006865862
9501.221642774275 0.9140321423899012
9531.290280998319 0.9422499468448766
9561.358919222363 0.9047064295673753
9591.427557446408 0.8763692424486881
9621.49619567045 0.892725584394854
9651.564833894496 0.8955056670052927
9681.633472118541 0.8817859745418436
9711.702110342583 0.9076037826065667
9741.770748566629 0.8929752600851097
9771.839386790674 0.842094785154679
9801.908025014716 0.8223369996399119
9831.976663238762 0.7974339896478877
9862.045301462807 0.7803208526208975
9892.11393968685 0.7697885493867169
9922.182577910895 0.7381495121117727
9952.25121613494 0.7315726010149082
9982.319854358982 0.7385411140724466
10012.388492583028 0.7885805759301091
10042.457130807074 0.7778224779097621
10072.525769031115 0.7979779576085003
10102.594407255161 0.7385846152246234
10132.663045479207 0.7803962198091777
