# Template No. 1: sn2003jo x sn99ee (Ia-norm; +7)
#redshift correlation
 -0.0121102929  0.00092029816
 -0.0107719898 -0.0028348139
 -0.00943183899 -0.00653855223
 -0.00808990002 -0.010171962
 -0.0067461729 -0.0137650706
 -0.00540059805 -0.0173739661
 -0.00405317545 -0.0210490488
 -0.00270396471 -0.0248018727
 -0.00135290623 -0.0285799485
  0. -0.0322568454
  0.00135469437 -0.0356421545
  0.00271129608 -0.0385108553
  0.00406968594 -0.0406465121
  0.00542986393 -0.0418888293
  0.00679194927 -0.0421742126
  0.00815594196 -0.0415583476
  0.00952172279 -0.0402141884
  0.0108892918 -0.0384032093
  0.0122587681 -0.0364253931
  0.0136300325 -0.0345576219
  0.0150033236 -0.0329946242
  0.0163782835 -0.031805668
  0.01775527 -0.0309176035
  0.0191340446 -0.0301283412
  0.0205146074 -0.0291486401
  0.0218971968 -0.0276615825
  0.0232815742 -0.0253872462
  0.0246677399 -0.0221361555
  0.026055932 -0.0178400725
  0.0274459124 -0.0125529105
  0.0288378 -0.00642340351
  0.030231595  0.000353413459
  0.0316272974  0.00759116421
  0.0330249071  0.0151595855
  0.034424305  0.0230100639
  0.0358257294  0.0311737712
  0.0372289419  0.0397310071
  0.0386340618  0.0487609133
  0.0400412083  0.0582848489
  0.0414501429  0.068219848
  0.0428609848  0.0783553943
  0.0442737341  0.0883620754
  0.0456885099  0.0978316516
  0.0471050739  0.106340788
  0.0485236645  0.113522612
  0.0499440432  0.119129606
  0.0513664484  0.123071566
  0.052790761  0.125418901
  0.0542169809  0.126369938
  0.0556452274  0.126190066
  0.0570752621  0.12513718
  0.0585073233  0.123392411
  0.0599412918  0.121012829
  0.0613772869  0.117917813
  0.0628150702  0.113912351
  0.06425488  0.108740248
  0.0656967163  0.102154151
  0.06714046  0.0939832926
  0.0685861111  0.0841821805
  0.0700336695  0.0728474334
  0.0714832544  0.0601999462
  0.072934866  0.0465373732
  0.0743883848  0.032170862
  0.0758439302  0.017364243
  0.077301383  0.00229212199
  0.0787607431 -0.0129702324
  0.080222249 -0.0284228977
  0.0816856623 -0.0440897569
  0.0831509829 -0.0599538386
  0.08461833 -0.0758989155
  0.0860877037 -0.0916753486
  0.087559104 -0.106902897
  0.0890324116 -0.121112674
  0.0905077457 -0.133820355
  0.0919851065 -0.144614458
  0.0934643745 -0.153237656
  0.0949457884 -0.159639493
  0.0964291096 -0.163987041
  0.0979144573 -0.166628391
  0.0994018316 -0.168016493
  0.100891232 -0.168611199
  0.102382541 -0.168781891
  0.103875995 -0.168735355
  0.105371475 -0.168485239
  0.106868863 -0.167870328
  0.108368397 -0.166616097
  0.109869957 -0.164423242
  0.111373544 -0.161059156
  0.112879157 -0.156430036
  0.114386797 -0.150613025
  0.115896463 -0.143841684
  0.117408156 -0.136448756
  0.118921876 -0.128781095
  0.120437741 -0.121110454
  0.121955633 -0.113563895
  0.123475552 -0.106092542
  0.124997616 -0.0984882042
  0.126521587 -0.0904434174
  0.128047705 -0.0816404521
  0.129575968 -0.0718460158
  0.131106138 -0.0609870106
  0.132638574 -0.0491880141
  0.134172916 -0.0367600992
  0.135709405 -0.0241429973
  0.137248039 -0.0118158981
  0.138788581 -0.000197578731
  0.140331388  0.0104383864
  0.141876221  0.0200135186
  0.14342308  0.0286480952
  0.144972086  0.0366178714
  0.146523237  0.0442775115
  0.148076534  0.0519689322
  0.149631858  0.0599383637
  0.151189208  0.0682817176
  0.152748823  0.07693021
  0.154310465  0.0856777355
  0.155874133  0.0942405611
  0.157440066  0.102332704
  0.159008026  0.109737113
  0.160578251  0.11635562
  0.162150502  0.122225896
  0.163724899  0.127504125
  0.165301323  0.132420555
  0.166880012  0.137221426
  0.168460846  0.142113671
  0.170043826  0.147226423
  0.171628833  0.152598083
  0.173216105  0.158190116
  0.174805403  0.163920626
  0.176396966  0.169706017
  0.177990675  0.175497442
  0.17958653  0.181300983
  0.18118453  0.187174499
  0.182784677  0.193202585
  0.184387088  0.199456364
  0.185991526  0.2059488
  0.187598228  0.212598637
  0.189207077  0.219211936
  0.190818191  0.225487411
  0.192431331  0.231044531
  0.194046736  0.235467672
  0.195664406  0.238356411
  0.197284222  0.239371777
  0.198906183  0.238268137
  0.200530291  0.234906942
  0.202156782  0.229251489
  0.2037853  0.221347734
  0.205416083  0.211298347
  0.207049131  0.199238047
  0.208684325  0.185316756
  0.210321784  0.169692814
  0.211961389  0.152535453
  0.213603258  0.134032041
  0.215247393  0.114393674
  0.216893673  0.0938535929
  0.218542218  0.0726547837
  0.220193028  0.0510276183
  0.221845984  0.0291620642
  0.223501325  0.00718179625
  0.225158811 -0.0148722557
  0.226818562 -0.0370404348
  0.228480577 -0.0594231412
  0.230144739 -0.0821414292
  0.231811285 -0.105286978
  0.233480096 -0.128871366
  0.235151052 -0.152788311
  0.236824393 -0.176798403
  0.23849988 -0.200543404
  0.240177751 -0.223588273
  0.241857767 -0.24548386
  0.243540168 -0.265836626
  0.245224833 -0.284369618
  0.246911764 -0.300958812
  0.24860096 -0.315634638
  0.25029254 -0.328547001
  0.251986265 -0.339899778
  0.253682375 -0.349869519
  0.25538075 -0.358527452
  0.257081389 -0.365785837
  0.258784413 -0.371382743
  0.260489702 -0.374912262
  0.262197375 -0.375896364
  0.263907313 -0.373883069
  0.265619516 -0.368549258
  0.267334104 -0.359784007
  0.269050956 -0.347730994
  0.270770192 -0.332778007
  0.272491693 -0.315494508
  0.274215579 -0.29652825
  0.27594173 -0.276485085
  0.277670264 -0.255818814
  0.279401183 -0.23475647
  0.281134486 -0.21327737
  0.282870054 -0.191151053
  0.284607887 -0.168025509
  0.286348224 -0.143545225
  0.288090825 -0.117471717
  0.28983593 -0.0897776484
  0.2915833 -0.060693685
  0.293332934 -0.0306953639
  0.295085073 -0.000436069793
  0.296839595  0.0293598734
  0.298596382  0.0580177866
  0.300355673  0.0850199908
  0.302117229  0.110075168
  0.303881288  0.133135781
  0.305647612  0.154362395
  0.307416439  0.174045235
  0.309187651  0.192503497
  0.310961246  0.209986687
  0.312737226  0.226601601
  0.314515591  0.242280439
  0.316296339  0.256795198
  0.318079591  0.269812614
  0.319865227  0.280974835
  0.321653247  0.289985329
  0.32344377  0.296680033
  0.325236678  0.301066786
  0.32703197  0.303326398
  0.328829765  0.303775668
  0.330629945  0.302802473
  0.332432508  0.300787389
  0.334237576  0.298030525
  0.336045146  0.294697464
  0.337855101  0.290795982
  0.339667559  0.28618598
  0.341482401  0.280620158
  0.343299747  0.27380538
  0.345119476  0.265472323
  0.346941829  0.255439013
  0.348766565  0.243657485
  0.350593686  0.230234116
  0.352423429  0.215423033
  0.354255557  0.199593291
  0.356090188  0.183178663
  0.357927322  0.166619837
  0.35976696  0.150309935
  0.361608982  0.134554073
  0.363453627  0.119549386
  0.365300775  0.105387747
  0.367150307  0.0920793638
  0.369002461  0.0795897171
  0.370857  0.0678807124
  0.372714162  0.0569450781
  0.374573827  0.0468258075
  0.376435995  0.0376150683
  0.378300667  0.0294327922
  0.380167842  0.022389302
  0.38203764  0.0165421292
  0.383909941  0.0118569694
  0.385784745  0.00818390213
  0.387662053  0.00525540346
  0.389541984  0.00270799524
  0.391424417  0.0001238884
  0.393309355 -0.00291644246
  0.395196915 -0.00678336853
  0.397086978 -0.0117585743
  0.398979664 -0.0180167463
  0.400874853 -0.0256305244
  0.402772665 -0.0345963016
  0.4046731 -0.0448716097
  0.406576037 -0.0564130694
  0.408481479 -0.0692036077
  0.410389662 -0.0832610801
  0.412300348 -0.0986259431
  0.414213538 -0.115331434
  0.41612947 -0.133366778
  0.418047905 -0.152644008
  0.419968963 -0.172980756
  0.421892643 -0.194105566
  0.423818827 -0.215687037
  0.425747752 -0.237380594
  0.427679181 -0.25888145
  0.429613352 -0.279968977
  0.431550026 -0.300530702
  0.433489442 -0.320557743
  0.435431361 -0.340110421
  0.437376022 -0.359262884
  0.439323187 -0.378038913
  0.441273093 -0.396357447
  0.443225622 -0.414001346
  0.445180774 -0.430619568
  0.447138667 -0.445764065
  0.449099064 -0.458953291
  0.451062202 -0.469746411
  0.453027964 -0.477809668
  0.454996467 -0.482956976
  0.456967592 -0.485152692
  0.45894134 -0.484473944
  0.46091783 -0.481041193
  0.462896943 -0.474932998
  0.464878798 -0.466108263
  0.466863275 -0.454356909
  0.468850493 -0.439294964
  0.470840335 -0.420409888
  0.472832918 -0.397148967
  0.474828124 -0.369034231
  0.476826191 -0.335776597
  0.47882688 -0.297365367
  0.480830193 -0.254107386
  0.482836366 -0.206606895
  0.484845161 -0.155686289
  0.486856699 -0.102263674
  0.488870978 -0.0472112745
  0.490888  0.00877194572
  0.492907763  0.0652462244
  0.494930148  0.122055151
  0.496955395  0.179281205
  0.498983383  0.237139732
  0.501014113  0.295834154
  0.503047466  0.355402172
  0.50508368  0.415587604
  0.507122755  0.475762844
  0.509164453  0.534922183
  0.511208892  0.591747165
  0.513256192  0.644734144
  0.515306234  0.692357957
  0.517359018  0.733244121
  0.519414663  0.766317308
  0.52147305  0.790903568
  0.523534179  0.806769967
  0.525598168  0.8141011
  0.5276649  0.813421905
  0.529734492  0.805486321
  0.531806827  0.791152537
  0.533882022  0.771267951
  0.535959959  0.746580303
  0.538040757  0.717684746
  0.540124416  0.685008943
  0.542210817  0.648829162
  0.544300079  0.609311461
  0.546392202  0.566562414
  0.548487067  0.5206815
  0.550584912  0.471807212
  0.552685499  0.420150399
  0.554788947  0.366013169
  0.556895256  0.309796125
  0.559004426  0.251991391
  0.561116457  0.193167448
  0.563231349  0.133944258
  0.565348983  0.0749640837
  0.567469597  0.0168593042
  0.569593072 -0.0397794954
  0.571719527 -0.0944320187
  0.573848724 -0.146668017
  0.575980902 -0.196157053
  0.578115821 -0.242666557
  0.58025372 -0.286049753
  0.5823946 -0.326225281
  0.584538221 -0.36315307
  0.586684823 -0.396813095
  0.588834405 -0.427190095
  0.590986848 -0.454266429
  0.593142152 -0.478022933
  0.595300436 -0.498446792
  0.597461581 -0.51554054
  0.599625707 -0.529328465
  0.601792812 -0.53985703
  0.603962779 -0.54718709
  0.606135607 -0.551380813
  0.608311534 -0.552485943
  0.610490322 -0.550521612
  0.612672091 -0.545473397
  0.614856839 -0.537298739
  0.617044449 -0.525944889
  0.619235158 -0.511377037
  0.621428728 -0.493612498
  0.623625278 -0.472753733
  0.625824928 -0.449014187
  0.628027439 -0.422730863
  0.63023293 -0.394361496
  0.632441401 -0.3644647
  0.634652972 -0.333666384
  0.636867404 -0.302617341
  0.639084935 -0.271947265
  0.641305447 -0.242221296
  0.643528938 -0.213905722
  0.645755529 -0.187345132
  0.647984982 -0.162754208
  0.650217533 -0.140223816
  0.652453184 -0.119739592
  0.654691815 -0.101210013
  0.656933427 -0.0844993442
  0.659178138 -0.0694590658
  0.661425829 -0.0559545308
  0.66367662 -0.0438806117
  0.66593039 -0.0331642069
  0.668187261 -0.0237532686
  0.67044723 -0.0155943735
  0.67271018 -0.00860394817
  0.67497623 -0.00263962778
  0.677245378  0.00252136146
  0.679517508  0.00718981633
  0.681792855  0.0117550557
  0.684071183  0.0166583024
  0.686352611  0.0223515853
  0.688637137  0.0292502381
  0.690924764  0.0376865901
  0.693215489  0.0478736609
  0.695509315  0.0598853268
  0.697806358  0.0736557171
  0.700106382  0.0889962539
  0.702409506  0.10562671
  0.704715848  0.123212524
  0.70702517  0.141400963
  0.709337711  0.159850508
  0.711653471  0.178249657
  0.713972211  0.196325794
  0.716294169  0.213845313
  0.718619347  0.230609894
  0.720947504  0.246452779
  0.723278999  0.261237651
  0.725613475  0.274859995
  0.727951288  0.287249923
  0.730292082  0.298374027
  0.732636213  0.308232069
  0.734983444  0.316848308
  0.737333894  0.324256182
  0.739687443  0.33048138
  0.74204421  0.33552447
  0.744404197  0.339350373
  0.746767402  0.341885716
  0.749133825  0.343026966
  0.751503348  0.342656076
  0.753876209  0.340661168
  0.75625217  0.336955309
  0.758631349  0.331490338
  0.761013865  0.324260503
  0.763399482  0.315296531
  0.765788436  0.304651737
  0.768180609  0.292384863
  0.770576  0.278544754
  0.77297461  0.263161153
  0.775376439  0.246244803
  0.777781606  0.227796957
  0.780189991  0.20782499
  0.782601714  0.186360925
  0.785016656  0.163478136
  0.787434816  0.139301866
  0.789856315  0.114012033
  0.792281032  0.0878385901
  0.794709086  0.0610511228
  0.79714036  0.0339454599
  0.799574971  0.00683006272
  0.80201292 -0.0199854262
  0.804454207 -0.0461993963
  0.806898713 -0.0715252161
  0.809346557 -0.0956986696
  0.811797738 -0.118485264
  0.814252138 -0.139689252
  0.816709995 -0.159163624
  0.819171071 -0.176819339
  0.821635604 -0.192632109
  0.824103355 -0.206643134
  0.826574564 -0.218954906
  0.829048991 -0.229719132
  0.831526875 -0.239119798
  0.834008098 -0.247351348
  0.836492658 -0.254595637
  0.838980556 -0.260999799
  0.84147191 -0.266656607
  0.843966603 -0.27158916
  0.846464634 -0.275742382
  0.848966122 -0.278981686
  0.851470947 -0.281100661
  0.853979111 -0.281837702
  0.856490731 -0.280902892
  0.859005809 -0.278012216
  0.861524224 -0.272926301
  0.864046097 -0.265488654
  0.866571307 -0.255656749
  0.869099975 -0.243519664
  0.871632099 -0.229298562
  0.874167681 -0.213326931
  0.8767066 -0.196014196
  0.879248977 -0.177797779
  0.88179493 -0.159092799
  0.88434422 -0.140248999
  0.886896968 -0.121522903
  0.889453173 -0.103068873
  0.892012835 -0.0849501863
  0.894575953 -0.0671634823
  0.897142649 -0.0496690124
  0.899712682 -0.032417316
  0.902286291 -0.0153646674
  0.904863358  0.00152491941
  0.907443881  0.0182902366
  0.910027981  0.03498815
  0.912615538  0.0517045557
  0.915206552  0.0685515329
  0.917801142  0.0856458023
  0.920399189  0.103068799
  0.923000813  0.120814927
  0.925605893  0.138741359
  0.92821455  0.156533495
  0.930826783  0.173700154
  0.933442473  0.189605519
  0.93606174  0.2035373
  0.938684583  0.214802623
  0.941311002  0.222833365
  0.943940878  0.227280676
  0.94657445  0.228079215
  0.949211478  0.225466147
  0.951852083  0.219950527
  0.954496384  0.21223785
  0.957144141  0.203125164
  0.959795475  0.193387166
  0.962450504  0.183675647
  0.96510911  0.174450561
  0.967771173  0.165953815
  0.97043705  0.158227161
  0.973106384  0.151165515
  0.975779414  0.144591421
  0.97845602  0.138330713
  0.981136322  0.13227351
  0.9838202  0.126407251
  0.986507654  0.120816715
  0.989198804  0.115654446
  0.991893649  0.111090362
  0.994592071  0.107254259
  0.997294188  0.104185976
  1.  0.101804085
  1.00270939  0.0999002159
  1.00542259  0.0981601849
  1.00813937  0.0962063521
  1.01085973  0.0936525017
  1.0135839  0.0901603997
  1.01631188  0.085486941
  1.01904345  0.0795146748
  1.02177858  0.0722614527
  1.02451754  0.0638696998
  1.02726007  0.0545795895
  1.03000665  0.0446926467
  1.03275657  0.0345332623
  1.03551054  0.0244139563
  1.03826809  0.014608942
  1.04102921  0.00533688301
  1.04379439 -0.00324790971
  1.04656315 -0.0110595617
  1.04933548 -0.0180829465
  1.05211186 -0.0243761986
  1.05489182 -0.0300745163
  1.0576756 -0.0353928767
  1.06046319 -0.0406244472
  1.06325459 -0.0461298265
  1.06604981 -0.0523137562
  1.06884861 -0.0595887452
  1.07165146 -0.0683272257
  1.07445788 -0.0788086504
  1.07726812 -0.0911694318
  1.08008242 -0.105366141
  1.08290029 -0.121159658
  1.08572197 -0.13812542
  1.08854747 -0.155690089
  1.09137702 -0.17318958
  1.09421015 -0.189939424
  1.09704733 -0.205305219
  1.09988809 -0.218762264
  1.1027329 -0.229935065
  1.10558152 -0.238612637
  1.10843396 -0.244740427
  1.11129045 -0.248393878
  1.11415052 -0.249741927
  1.11701465 -0.249009505
  1.11988258 -0.246444806
  1.12275457 -0.242296249
  1.12563014 -0.236797765
  1.12850976 -0.23016037
  1.13139343 -0.222565025
  1.13428092 -0.214153931
  1.13717222 -0.205018684
  1.14006734 -0.195186928
  1.14296651 -0.18461208
  1.14586973 -0.173171684
  1.14877677 -0.16067937
  1.15168786 -0.146911502
  1.15460277 -0.131647363
  1.15752149 -0.114716738
  1.1604445 -0.0960452035
  1.16337132 -0.0756889209
  1.16630197 -0.0538502224
  1.16923666 -0.0308712665
  1.17217541 -0.00720581459
  1.17511821  0.0166238956
  1.17806482  0.0400765501
  1.18101549  0.0626372844
  1.18397021  0.083851248
  1.18692875  0.103341118
  1.18989158  0.120808475
  1.19285822  0.136023507
  1.19582891  0.148810044
  1.19880366  0.159033358
