# Spectrum of ESSENCE object d033 (SN 2003jo)
# (from Matheson et al. 2005, AJ 129, 2352)
#Wavelength[A] Flux[erg/s/cm^2/A]
4335.1879882812  2.429679E-20
4337.82172876828  1.548093E-19
4340.45546925536  2.008882E-20
4343.08920974244  7.301304E-20
4345.72295022952  4.360396E-19
4348.3566907166  8.090902E-19
4350.99043120368  3.213860E-19
4353.62417169076  1.005315E-19
4356.25791217784  1.868785E-20
4358.89165266492  6.600819E-20
4361.525393152  3.703561E-19
4364.15913363908  1.187165E-19
4366.79287412615  -7.158077E-22
4369.42661461323  6.035651E-20
4372.06035510031  1.728250E-19
4374.69409558739  2.235403E-20
4377.32783607447  -1.114754E-20
4379.96157656155  4.740217E-20
4382.59531704863  3.437415E-19
4385.22905753571  6.273265E-20
4387.86279802279  2.376823E-19
4390.49653850987  3.875091E-19
4393.13027899695  2.120691E-19
4395.76401948403  1.427039E-20
4398.39775997111  -7.849223E-21
4401.03150045819  2.088777E-20
4403.66524094527  1.395612E-19
4406.29898143235  4.857426E-20
4408.93272191943  2.847692E-19
4411.56646240651  3.439355E-19
4414.20020289358  5.120533E-19
4416.83394338067  3.456583E-19
4419.46768386774  2.633486E-19
4422.10142435482  6.684917E-19
4424.7351648419  1.897742E-19
4427.36890532898  6.985656E-19
4430.00264581606  4.134342E-19
4432.63638630314  1.438249E-19
4435.27012679022  1.103025E-20
4437.9038672773  6.435478E-20
4440.53760776438  3.349293E-19
4443.17134825146  1.393934E-19
4445.80508873854  4.868563E-19
4448.43882922562  1.882503E-19
4451.0725697127  9.018340E-21
4453.70631019978  1.407038E-19
4456.34005068686  5.531270E-19
4458.97379117394  7.017017E-19
4461.60753166101  4.409756E-19
4464.2412721481  4.001567E-19
4466.87501263517  1.025952E-19
4469.50875312225  2.339830E-19
4472.14249360933  2.457730E-19
4474.77623409641  4.964464E-19
4477.40997458349  4.085004E-20
4480.04371507057  7.092491E-20
4482.67745555765  6.098592E-19
4485.31119604473  1.378978E-19
4487.94493653181  5.012576E-19
4490.57867701889  3.757456E-19
4493.21241750597  2.959982E-20
4495.84615799305  5.358933E-20
4498.47989848013  1.323200E-19
4501.11363896721  1.934396E-20
4503.74737945429  5.856682E-20
4506.38111994137  2.496728E-19
4509.01486042845  1.730677E-19
4511.64860091553  1.286096E-19
4514.28234140261  1.475375E-19
4516.91608188969  3.742257E-19
4519.54982237677  4.250875E-19
4522.18356286384  1.163886E-19
4524.81730335092  2.052027E-19
4527.451043838  4.678690E-19
4530.08478432508  3.114015E-19
4532.71852481216  5.304416E-20
4535.35226529924  3.419788E-20
4537.98600578632  5.476462E-21
4540.6197462734  -2.924986E-21
4543.25348676048  1.180878E-20
4545.88722724756  8.128223E-20
4548.52096773464  6.142699E-20
4551.15470822172  2.358527E-19
4553.7884487088  4.671844E-20
4556.42218919588  1.668280E-19
4559.05592968296  4.860312E-19
4561.68967017004  5.309629E-19
4564.32341065712  2.805842E-19
4566.9571511442  2.174837E-19
4569.59089163128  2.869531E-19
4572.22463211836  9.982321E-20
4574.85837260544  2.033659E-19
4577.49211309251  5.984557E-19
4580.12585357959  4.877195E-19
4582.75959406667  2.176025E-19
4585.39333455375  1.619917E-19
4588.02707504083  4.061512E-19
4590.66081552791  1.263699E-19
4593.29455601499  2.840755E-19
4595.92829650207  6.288957E-19
4598.56203698915  1.072533E-19
4601.19577747623  1.053659E-20
4603.82951796331  2.918734E-19
4606.46325845039  5.526940E-19
4609.09699893747  5.619196E-19
4611.73073942455  1.612916E-19
4614.36447991163  3.921051E-19
4616.99822039871  5.420122E-19
4619.63196088579  8.794148E-19
4622.26570137287  5.278160E-19
4624.89944185995  4.338978E-20
4627.53318234702  1.983679E-19
4630.1669228341  4.851950E-19
4632.80066332118  2.050845E-19
4635.43440380826  5.392062E-20
4638.06814429534  1.899885E-19
4640.70188478242  8.822390E-20
4643.3356252695  4.303715E-19
4645.96936575658  3.728738E-19
4648.60310624366  4.005708E-19
4651.23684673074  7.474494E-20
4653.87058721782  3.060983E-19
4656.5043277049  2.289643E-19
4659.13806819198  1.287802E-19
4661.77180867906  7.548922E-19
4664.40554916614  6.161758E-19
4667.03928965322  3.946484E-19
4669.6730301403  4.435274E-19
4672.30677062738  9.965134E-20
4674.94051111446  4.164170E-19
4677.57425160154  6.620066E-19
4680.20799208861  2.041286E-19
4682.84173257569  4.422169E-21
4685.47547306277  4.194404E-20
4688.10921354985  3.805479E-19
4690.74295403693  4.981533E-19
4693.37669452401  6.776751E-20
4696.01043501109  -1.018176E-20
4698.64417549817  2.975886E-21
4701.27791598525  9.386477E-20
4703.91165647233  2.768541E-19
4706.54539695941  1.702087E-19
4709.17913744649  2.507841E-19
4711.81287793357  1.105296E-19
4714.44661842065  9.256270E-20
4717.08035890773  7.865110E-20
4719.71409939481  2.078794E-19
4722.34783988189  3.648840E-19
4724.98158036897  3.619239E-19
4727.61532085605  8.969815E-20
4730.24906134313  5.009605E-19
4732.88280183021  5.871322E-19
4735.51654231728  1.878768E-19
4738.15028280436  3.953456E-19
4740.78402329144  6.299803E-19
4743.41776377852  7.730381E-20
4746.0515042656  3.072721E-20
4748.68524475268  1.709148E-19
4751.31898523976  9.924342E-20
4753.95272572684  1.909103E-20
4756.58646621392  7.768919E-20
4759.220206701  2.584152E-19
4761.85394718808  8.449726E-20
4764.48768767516  5.071830E-19
4767.12142816224  6.678078E-19
4769.75516864932  1.264565E-19
4772.3889091364  2.423436E-19
4775.02264962348  6.269190E-19
4777.65639011056  3.302901E-19
4780.29013059764  5.385853E-19
4782.92387108472  1.122258E-19
4785.55761157179  2.418499E-19
4788.19135205887  9.385976E-19
4790.82509254595  5.009725E-19
4793.45883303303  2.686078E-19
4796.09257352011  1.641510E-19
4798.72631400719  3.769718E-19
4801.36005449427  1.429845E-19
4803.99379498135  1.940738E-19
4806.62753546843  2.015862E-19
4809.26127595551  1.205795E-19
4811.89501644259  4.522130E-20
4814.52875692967  1.399817E-19
4817.16249741675  3.588432E-19
4819.79623790383  4.508981E-19
4822.42997839091  4.853179E-19
4825.06371887799  2.313483E-19
4827.69745936507  1.977802E-19
4830.33119985215  2.861175E-19
4832.96494033923  5.994936E-19
4835.59868082631  5.187969E-19
4838.23242131339  8.667244E-19
4840.86616180046  5.806364E-19
4843.49990228754  3.585722E-19
4846.13364277462  4.690277E-19
4848.7673832617  9.067707E-19
4851.40112374878  7.702439E-19
4854.03486423586  3.139726E-19
4856.66860472294  1.919966E-20
4859.30234521002  1.179137E-21
4861.9360856971  4.423787E-20
4864.56982618418  -6.925423E-21
4867.20356667126  8.718852E-20
4869.83730715834  7.099100E-19
4872.47104764542  6.877063E-19
4875.1047881325  2.300562E-19
4877.73852861958  6.514712E-20
4880.37226910666  4.054876E-19
4883.00600959374  3.170429E-19
4885.63975008082  3.997385E-20
4888.2734905679  1.608903E-19
4890.90723105497  3.261544E-19
4893.54097154205  3.656560E-19
4896.17471202913  3.240840E-19
4898.80845251621  4.633046E-19
4901.44219300329  3.422834E-19
4904.07593349037  2.610092E-19
4906.70967397745  4.112781E-19
4909.34341446453  4.878523E-19
4911.97715495161  1.140393E-19
4914.61089543869  2.304543E-19
4917.24463592577  9.827858E-20
4919.87837641285  4.851298E-19
4922.51211689993  1.103448E-19
4925.14585738701  1.965821E-20
4927.77959787409  1.859230E-19
4930.41333836117  9.270438E-20
4933.04707884825  4.531874E-19
4935.68081933533  1.016748E-19
4938.31455982241  1.573906E-19
4940.94830030949  4.788365E-19
4943.58204079657  1.437764E-19
4946.21578128364  3.194151E-19
4948.84952177072  1.575326E-19
4951.4832622578  8.312749E-20
4954.11700274488  2.330898E-19
4956.75074323196  2.351998E-19
4959.38448371904  2.259343E-19
4962.01822420612  3.749918E-19
4964.6519646932  3.686503E-19
4967.28570518028  6.959152E-19
4969.91944566736  3.664632E-19
4972.55318615444  2.024005E-19
4975.18692664152  5.078290E-19
4977.8206671286  1.428218E-19
4980.45440761568  8.467208E-20
4983.08814810276  5.215306E-19
4985.72188858984  1.346919E-19
4988.35562907692  2.365809E-22
4990.989369564  2.062861E-20
4993.62311005107  2.111831E-19
4996.25685053816  6.467226E-19
4998.89059102523  5.970680E-19
5001.52433151231  7.782907E-20
5004.15807199939  3.516548E-20
5006.79181248647  2.003514E-19
5009.42555297355  1.341705E-19
5012.05929346063  8.005673E-21
5014.69303394771  1.602630E-20
5017.32677443479  2.488544E-19
5019.96051492187  3.548402E-19
5022.59425540895  6.270247E-20
5025.22799589603  2.302320E-19
5027.86173638311  2.039976E-19
5030.49547687019  7.830625E-20
5033.12921735727  2.342221E-19
5035.76295784435  2.870056E-19
5038.39669833143  4.543216E-19
5041.03043881851  5.767947E-19
5043.66417930559  1.193593E-19
5046.29791979267  1.851307E-19
5048.93166027974  1.595361E-19
5051.56540076682  1.812742E-19
5054.19914125391  4.068087E-19
5056.83288174098  5.648270E-19
5059.46662222806  7.214710E-19
5062.10036271514  1.128822E-19
5064.73410320222  3.517550E-19
5067.3678436893  3.124834E-19
5070.00158417638  1.784605E-19
5072.63532466346  5.018840E-19
5075.26906515054  3.305476E-19
5077.90280563762  5.787823E-19
5080.5365461247  5.486738E-19
5083.17028661178  7.249167E-20
5085.80402709886  -4.681459E-21
5088.43776758594  1.546290E-19
5091.07150807302  6.332818E-19
5093.7052485601  3.350444E-19
5096.33898904718  3.185504E-19
5098.97272953426  4.232500E-19
5101.60647002134  1.094737E-19
5104.24021050841  3.386765E-19
5106.87395099549  4.170467E-19
5109.50769148257  3.741211E-19
5112.14143196965  6.036565E-20
5114.77517245673  2.471421E-19
5117.40891294381  2.807702E-19
5120.04265343089  2.349078E-19
5122.67639391797  2.623960E-19
5125.31013440505  1.150025E-19
5127.94387489213  4.576289E-19
5130.57761537921  9.114772E-19
5133.21135586629  5.232412E-19
5135.84509635337  2.488636E-19
5138.47883684045  5.550691E-19
5141.11257732753  4.846573E-19
5143.74631781461  1.801911E-19
5146.38005830169  3.664149E-19
5149.01379878877  4.380451E-19
5151.64753927584  2.713086E-19
5154.28127976293  6.139465E-19
5156.91502025  5.449368E-19
5159.54876073708  6.431832E-19
5162.18250122416  4.734761E-19
5164.81624171124  3.619478E-19
5167.44998219832  1.308719E-19
5170.0837226854  1.103149E-19
5172.71746317248  3.749277E-19
5175.35120365956  1.100013E-19
5177.98494414664  3.909863E-19
5180.61868463372  5.348255E-20
5183.2524251208  -7.070643E-21
5185.88616560788  5.610121E-20
5188.51990609496  1.390185E-19
5191.15364658204  3.234593E-19
5193.78738706912  3.704895E-19
5196.4211275562  4.103433E-19
5199.05486804328  2.370312E-19
5201.68860853036  5.610114E-20
5204.32234901744  3.622282E-19
5206.95608950452  6.265224E-19
5209.5898299916  7.450732E-19
5212.22357047867  5.056492E-19
5214.85731096575  2.165337E-19
5217.49105145283  5.487406E-19
5220.12479193991  5.710882E-19
5222.75853242699  6.129302E-19
5225.39227291407  9.956283E-19
5228.02601340115  9.044290E-19
5230.65975388823  8.255163E-19
5233.29349437531  2.084409E-19
5235.92723486239  5.751641E-19
5238.56097534947  3.705772E-19
5241.19471583655  1.644519E-19
5243.82845632363  1.810868E-19
5246.46219681071  3.726874E-19
5249.09593729779  4.516871E-20
5251.72967778487  -2.573291E-21
5254.36341827195  1.390623E-19
5256.99715875903  4.174529E-19
5259.63089924611  5.122978E-19
5262.26463973319  2.884295E-19
5264.89838022027  4.476286E-19
5267.53212070734  5.042520E-19
5270.16586119442  3.490941E-19
5272.7996016815  4.839927E-19
5275.43334216858  4.575840E-19
5278.06708265566  5.884187E-19
5280.70082314274  4.758589E-19
5283.33456362982  2.041818E-19
5285.9683041169  4.300161E-19
5288.60204460398  5.013622E-19
5291.23578509106  1.210745E-19
5293.86952557814  2.660811E-19
5296.50326606522  4.691699E-19
5299.1370065523  4.272310E-19
5301.77074703938  5.813195E-19
5304.40448752646  8.960566E-19
5307.03822801354  4.007281E-19
5309.67196850062  6.156615E-19
5312.30570898769  4.898906E-19
5314.93944947477  2.949404E-19
5317.57318996185  1.759581E-19
5320.20693044893  5.415169E-19
5322.84067093601  1.328164E-19
5325.47441142309  3.743878E-19
5328.10815191017  7.754974E-19
5330.74189239725  1.180804E-18
5333.37563288433  7.455119E-19
5336.00937337141  3.921100E-19
5338.64311385849  8.194463E-19
5341.27685434557  6.851064E-19
5343.91059483265  6.251893E-19
5346.54433531973  3.628855E-19
5349.17807580681  2.090258E-19
5351.81181629389  4.977250E-20
5354.44555678097  6.238706E-20
5357.07929726805  3.946432E-19
5359.71303775513  3.882654E-19
5362.34677824221  4.885862E-19
5364.98051872928  4.828545E-19
5367.61425921636  2.992664E-19
5370.24799970344  6.559851E-19
5372.88174019052  3.772880E-19
5375.5154806776  5.437841E-19
5378.14922116468  6.111098E-19
5380.78296165176  1.279539E-18
5383.41670213884  1.168399E-18
5386.05044262592  5.721477E-19
5388.684183113  1.179629E-18
5391.31792360008  4.757392E-19
5393.95166408716  2.823705E-19
5396.58540457424  6.342720E-19
5399.21914506132  1.100780E-18
5401.8528855484  9.132684E-19
5404.48662603548  1.082245E-18
5407.12036652256  7.001666E-19
5409.75410700964  9.322869E-19
5412.38784749672  6.798138E-19
5415.0215879838  7.596314E-19
5417.65532847087  8.381288E-19
5420.28906895795  1.213571E-18
5422.92280944503  8.964933E-19
5425.55654993211  2.526713E-19
5428.19029041919  7.131962E-19
5430.82403090627  5.152802E-19
5433.45777139335  1.119864E-18
5436.09151188043  1.224233E-18
5438.72525236751  7.585317E-19
5441.35899285459  1.483039E-18
5443.99273334167  1.139590E-18
5446.62647382875  9.584806E-19
5449.26021431583  8.288119E-19
5451.89395480291  5.807960E-19
5454.52769528999  9.453803E-19
5457.16143577707  1.173186E-18
5459.79517626415  9.498287E-19
5462.42891675123  1.380842E-18
5465.06265723831  9.712999E-19
5467.69639772539  7.902576E-19
5470.33013821247  1.607812E-18
5472.96387869954  9.966778E-19
5475.59761918662  6.246683E-19
5478.2313596737  9.711000E-19
5480.86510016078  1.188348E-18
5483.49884064786  8.199331E-19
5486.13258113494  4.806344E-19
5488.76632162202  1.112456E-18
5491.4000621091  9.057604E-19
5494.03380259618  6.902856E-19
5496.66754308326  1.594052E-18
5499.30128357034  1.229336E-18
5501.93502405742  6.516259E-19
5504.5687645445  9.278267E-19
5507.20250503158  8.029585E-19
5509.83624551866  4.931864E-19
5512.46998600574  1.608479E-18
5515.10372649282  1.647033E-18
5517.7374669799  7.784912E-19
5520.37120746698  1.277330E-18
5523.00494795406  7.976867E-19
5525.63868844113  1.287638E-18
5528.27242892821  7.529586E-19
5530.90616941529  2.264539E-19
5533.53990990237  8.626332E-19
5536.17365038945  9.537907E-19
5538.80739087653  4.245560E-19
5541.44113136361  7.285139E-19
5544.07487185069  5.994900E-19
5546.70861233777  6.431296E-19
5549.34235282485  6.584458E-19
5551.97609331193  9.532351E-19
5554.60983379901  1.118971E-18
5557.24357428609  5.796448E-19
5559.87731477317  3.218130E-19
5562.51105526025  7.897229E-19
5565.14479574733  1.373988E-18
5567.77853623441  4.067796E-19
5570.41227672149  5.529590E-20
5573.04601720856  3.601796E-19
5575.67975769565  6.308298E-20
5578.31349818273  5.095393E-19
5580.9472386698  1.177230E-18
5583.58097915688  2.108991E-19
5586.21471964396  5.742722E-19
5588.84846013104  8.803646E-19
5591.48220061812  1.219643E-18
5594.1159411052  7.530414E-19
5596.74968159228  9.433243E-20
5599.38342207936  4.565386E-19
5602.01716256644  9.931410E-19
5604.65090305352  5.525284E-19
5607.2846435406  7.945072E-19
5609.91838402768  3.981936E-19
5612.55212451476  2.443935E-19
5615.18586500184  5.951189E-19
5617.81960548892  2.396785E-19
5620.453345976  4.023528E-19
5623.08708646308  5.289608E-19
5625.72082695016  9.022661E-19
5628.35456743723  8.836199E-19
5630.98830792432  1.769591E-19
5633.6220484114  1.006745E-19
5636.25578889847  1.826043E-19
5638.88952938555  7.092283E-19
5641.52326987263  4.106823E-19
5644.15701035971  5.384144E-19
5646.79075084679  1.690579E-19
5649.42449133387  1.278052E-19
5652.05823182095  2.669671E-19
5654.69197230803  7.826328E-20
5657.32571279511  2.583692E-19
5659.95945328219  4.272736E-19
5662.59319376927  1.401535E-19
5665.22693425635  8.358487E-19
5667.86067474343  5.269984E-19
5670.49441523051  3.420319E-19
5673.12815571759  7.207827E-19
5675.76189620467  4.126006E-19
5678.39563669175  4.899764E-19
5681.02937717883  3.180440E-19
5683.6631176659  1.119066E-18
5686.29685815298  8.810185E-19
5688.93059864006  4.518024E-19
5691.56433912714  2.877094E-19
5694.19807961422  1.672832E-19
5696.8318201013  4.096410E-19
5699.46556058838  6.691176E-20
5702.09930107546  7.948512E-20
5704.73304156254  5.131507E-20
5707.36678204962  2.963609E-19
5710.0005225367  4.173300E-19
5712.63426302378  1.683587E-19
5715.26800351086  1.390880E-19
5717.90174399794  2.200692E-19
5720.53548448502  2.618391E-19
5723.1692249721  1.564916E-19
5725.80296545918  3.637948E-19
5728.43670594626  5.360498E-19
5731.07044643333  2.198004E-19
5733.70418692042  4.963134E-19
5736.33792740749  2.347286E-19
5738.97166789457  3.096196E-19
5741.60540838165  4.394829E-19
5744.23914886873  1.025342E-19
5746.87288935581  1.008354E-19
5749.50662984289  1.128995E-19
5752.14037032997  2.154617E-19
5754.77411081705  1.159217E-18
5757.40785130413  8.617898E-19
5760.04159179121  4.669681E-19
5762.67533227829  4.870479E-19
5765.30907276537  1.459498E-19
5767.94281325245  7.175905E-19
5770.57655373953  8.445898E-19
5773.21029422661  4.975138E-19
5775.84403471369  1.065412E-18
5778.47777520077  3.287341E-19
5781.11151568785  4.603477E-19
5783.74525617493  5.906517E-19
5786.378996662  4.677284E-19
5789.01273714908  2.653319E-19
5791.64647763616  4.212396E-19
5794.28021812324  6.038031E-19
5796.91395861032  7.604301E-19
5799.5476990974  4.827666E-19
5802.18143958448  8.152990E-19
5804.81518007156  9.868438E-19
5807.44892055864  1.063896E-18
5810.08266104572  2.338597E-19
5812.7164015328  5.726263E-19
5815.35014201988  4.821513E-19
5817.98388250696  3.739733E-19
5820.61762299404  5.106209E-19
5823.25136348112  2.463118E-19
5825.8851039682  7.959216E-20
5828.51884445528  4.814987E-19
5831.15258494236  4.460678E-19
5833.78632542943  6.247866E-19
5836.42006591652  5.443859E-19
5839.05380640359  7.524065E-19
5841.68754689067  3.420139E-19
5844.32128737775  9.245041E-19
5846.95502786483  5.932547E-19
5849.58876835191  4.388717E-19
5852.22250883899  6.159157E-19
5854.85624932607  7.481800E-19
5857.48998981315  8.690050E-19
5860.12373030023  5.938644E-19
5862.75747078731  6.076650E-19
5865.39121127439  1.295325E-19
5868.02495176147  5.585315E-19
5870.65869224855  4.920397E-19
5873.29243273563  6.107788E-19
5875.92617322271  1.069174E-18
5878.55991370979  7.418132E-19
5881.19365419687  1.257970E-18
5883.82739468395  6.143418E-19
5886.46113517103  6.776357E-19
5889.09487565811  3.041047E-19
5891.72861614519  7.641478E-19
5894.36235663226  7.894034E-19
5896.99609711934  1.471646E-18
5899.62983760642  7.685239E-19
5902.2635780935  7.761273E-19
5904.89731858058  1.138515E-18
5907.53105906766  1.238686E-18
5910.16479955474  8.304429E-19
5912.79854004182  3.921167E-19
5915.4322805289  8.550736E-19
5918.06602101598  9.913744E-19
5920.69976150306  1.004350E-18
5923.33350199014  8.831386E-19
5925.96724247722  7.105236E-19
5928.6009829643  8.462293E-19
5931.23472345138  9.428495E-19
5933.86846393846  1.118538E-18
5936.50220442554  1.190077E-18
5939.13594491262  1.104583E-18
5941.7696853997  1.224190E-18
5944.40342588677  1.055877E-18
5947.03716637386  1.092236E-18
5949.67090686093  7.252201E-19
5952.30464734801  1.277096E-18
5954.93838783509  1.307622E-18
5957.57212832217  7.752277E-19
5960.20586880925  1.259947E-18
5962.83960929633  2.228689E-18
5965.47334978341  1.948733E-18
5968.10709027049  2.123340E-18
5970.74083075757  1.835020E-18
5973.37457124465  1.922711E-18
5976.00831173173  6.345964E-19
5978.64205221881  9.423538E-19
5981.27579270589  1.855598E-18
5983.90953319297  1.660743E-18
5986.54327368005  5.364579E-19
5989.17701416713  1.161895E-18
5991.81075465421  1.153457E-18
5994.44449514129  8.852304E-19
5997.07823562836  4.604983E-19
5999.71197611544  1.137160E-18
6002.34571660252  1.039071E-18
6004.9794570896  8.819405E-19
6007.61319757668  1.220565E-18
6010.24693806376  1.561875E-18
6012.88067855084  9.799777E-19
6015.51441903792  8.228374E-19
6018.148159525  1.796611E-18
6020.78190001208  1.038775E-18
6023.41564049916  1.302505E-18
6026.04938098624  1.044205E-18
6028.68312147332  1.171628E-18
6031.3168619604  1.481274E-18
6033.95060244748  2.197663E-18
6036.58434293456  1.345545E-18
6039.21808342164  1.334187E-18
6041.85182390872  1.905533E-18
6044.4855643958  1.243497E-18
6047.11930488288  1.140445E-18
6049.75304536996  8.797928E-19
6052.38678585703  7.654370E-19
6055.02052634411  8.777376E-19
6057.65426683119  1.066441E-18
6060.28800731827  1.483558E-18
6062.92174780535  1.332718E-18
6065.55548829243  8.234946E-19
6068.18922877951  1.126006E-18
6070.82296926659  9.800068E-19
6073.45670975367  1.201112E-18
6076.09045024075  1.761080E-18
6078.72419072783  1.372493E-18
6081.35793121491  1.226582E-18
6083.99167170199  4.271579E-19
6086.62541218907  1.257616E-18
6089.25915267615  1.170224E-18
6091.89289316323  1.240831E-18
6094.52663365031  9.743925E-19
6097.16037413739  1.076755E-18
6099.79411462447  6.124149E-19
6102.42785511155  1.517693E-18
6105.06159559863  9.574114E-19
6107.6953360857  8.234796E-19
6110.32907657278  7.128694E-19
6112.96281705986  3.643685E-19
6115.59655754694  3.528766E-19
6118.23029803402  1.076711E-18
6120.8640385211  9.518040E-19
6123.49777900818  8.400262E-19
6126.13151949526  1.250882E-18
6128.76525998234  1.241510E-18
6131.39900046942  1.109576E-18
6134.0327409565  1.541141E-18
6136.66648144358  9.640392E-19
6139.30022193066  1.571674E-18
6141.93396241774  1.450393E-18
6144.56770290482  7.683805E-19
6147.2014433919  5.179976E-19
6149.83518387898  1.768209E-18
6152.46892436606  1.250592E-18
6155.10266485313  6.524144E-19
6157.73640534022  1.568504E-18
6160.37014582729  1.098581E-18
6163.00388631437  1.320473E-18
6165.63762680145  1.274817E-18
6168.27136728853  3.799474E-19
6170.90510777561  8.318182E-19
6173.53884826269  1.327607E-18
6176.17258874977  1.167607E-18
6178.80632923685  1.048716E-18
6181.44006972393  7.267701E-19
6184.07381021101  5.007893E-19
6186.70755069809  1.128443E-18
6189.34129118517  1.682276E-18
6191.97503167225  1.747488E-18
6194.60877215933  1.415288E-18
6197.24251264641  1.804346E-18
6199.87625313349  2.316077E-18
6202.50999362057  1.069880E-18
6205.14373410765  8.338294E-19
6207.77747459473  1.405864E-18
6210.41121508181  1.231046E-18
6213.04495556888  1.213496E-18
6215.67869605596  3.332707E-19
6218.31243654304  6.794843E-19
6220.94617703012  1.829606E-18
6223.5799175172  1.478567E-18
6226.21365800428  7.649858E-19
6228.84739849136  5.983566E-19
6231.48113897844  1.170069E-18
6234.11487946552  1.151613E-18
6236.7486199526  6.361521E-19
6239.38236043968  1.013582E-18
6242.01610092676  1.597872E-18
6244.64984141384  1.682126E-18
6247.28358190092  1.335613E-18
6249.917322388  1.875755E-18
6252.55106287508  1.272627E-18
6255.18480336216  7.763287E-19
6257.81854384924  5.705631E-19
6260.45228433631  1.958104E-18
6263.08602482339  1.563253E-18
6265.71976531048  1.066854E-18
6268.35350579755  1.180079E-18
6270.98724628463  1.440274E-18
6273.62098677171  1.169640E-18
6276.25472725879  1.576619E-18
6278.88846774587  8.073915E-19
6281.52220823295  1.498929E-18
6284.15594872003  7.250989E-19
6286.78968920711  1.469875E-18
6289.42342969419  1.424847E-18
6292.05717018127  9.689039E-19
6294.69091066835  1.027718E-18
6297.32465115543  1.715492E-18
6299.95839164251  3.125052E-19
6302.59213212959  5.913617E-19
6305.22587261667  1.527346E-18
6307.85961310375  6.699494E-19
6310.49335359083  1.492152E-18
6313.12709407791  1.255515E-18
6315.76083456498  1.024121E-18
6318.39457505206  8.616571E-19
6321.02831553914  1.289542E-18
6323.66205602622  1.606486E-18
6326.2957965133  1.383806E-18
6328.92953700038  1.526872E-18
6331.56327748746  6.856544E-19
6334.19701797454  1.013479E-18
6336.83075846162  9.441681E-19
6339.4644989487  2.040321E-18
6342.09823943578  8.150890E-19
6344.73197992286  4.397170E-19
6347.36572040994  1.223368E-18
6349.99946089702  1.132327E-18
6352.6332013841  5.406764E-19
6355.26694187118  9.971596E-19
6357.90068235826  8.447533E-19
6360.53442284534  9.921795E-19
6363.16816333242  7.837683E-19
6365.8019038195  1.197358E-18
6368.43564430657  1.204085E-18
6371.06938479365  8.003651E-19
6373.70312528073  1.046956E-18
6376.33686576781  1.105009E-18
6378.97060625489  1.780510E-18
6381.60434674197  1.480981E-18
6384.23808722905  6.879801E-19
6386.87182771613  8.623705E-19
6389.50556820321  9.214843E-19
6392.13930869029  7.180061E-19
6394.77304917737  1.188021E-18
6397.40678966445  8.986641E-19
6400.04053015153  4.426687E-19
6402.67427063861  1.084073E-18
6405.30801112569  1.045411E-18
6407.94175161277  7.995261E-19
6410.57549209985  9.731166E-19
6413.20923258693  5.405095E-19
6415.84297307401  5.482072E-19
6418.47671356108  8.742818E-19
6421.11045404817  8.823991E-19
6423.74419453524  9.288234E-19
6426.37793502232  1.005424E-18
6429.0116755094  1.385602E-18
6431.64541599648  2.046419E-18
6434.27915648356  1.215029E-18
6436.91289697064  5.136209E-19
6439.54663745772  7.574174E-19
6442.1803779448  9.837092E-19
6444.81411843188  9.462104E-19
6447.44785891896  5.100242E-19
6450.08159940604  9.471271E-19
6452.71533989312  1.792270E-18
6455.3490803802  1.575392E-18
6457.98282086728  5.265050E-19
6460.61656135436  1.076864E-18
6463.25030184144  1.435812E-18
6465.88404232852  8.719988E-19
6468.5177828156  9.368485E-19
6471.15152330268  5.326412E-19
6473.78526378975  6.304369E-19
6476.41900427683  9.005021E-19
6479.05274476391  5.593170E-19
6481.68648525099  9.333118E-19
6484.32022573807  5.522260E-19
6486.95396622515  9.754726E-19
6489.58770671223  2.524256E-19
6492.22144719931  6.331248E-19
6494.85518768639  9.726733E-19
6497.48892817347  1.613623E-18
6500.12266866055  9.550658E-19
6502.75640914763  7.545810E-19
6505.39014963471  9.410615E-19
6508.02389012179  8.148457E-19
6510.65763060887  1.159287E-18
6513.29137109595  1.182846E-18
6515.92511158303  8.015986E-19
6518.55885207011  1.150718E-18
6521.19259255719  6.352013E-19
6523.82633304427  5.243766E-19
6526.46007353135  6.118282E-19
6529.09381401842  7.612471E-19
6531.7275545055  8.370485E-19
6534.36129499258  4.751712E-19
6536.99503547966  5.049478E-19
6539.62877596674  6.397082E-19
6542.26251645382  7.507111E-19
6544.8962569409  7.557443E-19
6547.52999742798  1.063269E-18
6550.16373791506  1.171215E-18
6552.79747840214  8.774571E-19
6555.43121888922  2.394384E-19
6558.0649593763  5.023739E-19
6560.69869986338  1.062082E-18
6563.33244035046  9.308307E-19
6565.96618083754  5.839463E-19
6568.59992132462  9.346592E-19
6571.2336618117  8.622211E-19
6573.86740229878  8.252981E-19
6576.50114278585  1.337428E-18
6579.13488327293  1.360067E-18
6581.76862376001  6.996053E-19
6584.40236424709  4.132161E-19
6587.03610473417  6.026802E-19
6589.66984522125  2.235548E-19
6592.30358570833  6.716486E-19
6594.93732619541  9.237385E-19
6597.57106668249  5.359474E-19
6600.20480716957  7.463742E-19
6602.83854765665  6.518239E-19
6605.47228814373  8.794332E-19
6608.10602863081  5.945006E-19
6610.73976911789  9.651201E-19
6613.37350960497  1.079822E-18
6616.00725009205  5.124618E-19
6618.64099057913  1.164009E-18
6621.27473106621  9.674859E-19
6623.90847155329  3.601004E-19
6626.54221204037  4.008897E-19
6629.17595252744  1.095633E-18
6631.80969301452  1.652207E-18
6634.4434335016  9.565060E-19
6637.07717398868  4.857341E-19
6639.71091447576  9.347148E-19
6642.34465496284  1.177877E-18
6644.97839544992  4.879329E-19
6647.612135937  5.844710E-20
6650.24587642408  5.079035E-19
6652.87961691116  1.013278E-18
6655.51335739824  9.212036E-19
6658.14709788532  6.642089E-19
6660.7808383724  7.404221E-19
6663.41457885948  7.683073E-19
6666.04831934656  1.133257E-18
6668.68205983364  8.349170E-19
6671.31580032072  7.807527E-19
6673.9495408078  8.419908E-19
6676.58328129488  8.417152E-19
6679.21702178196  1.689705E-18
6681.85076226904  1.198864E-18
6684.48450275612  8.637094E-19
6687.11824324319  7.613832E-19
6689.75198373027  9.913012E-19
6692.38572421735  1.363940E-18
6695.01946470443  9.243787E-19
6697.65320519151  1.005829E-18
6700.28694567859  1.204879E-18
6702.92068616567  1.496746E-18
6705.55442665275  5.446585E-19
6708.18816713983  6.310352E-19
6710.82190762691  9.843396E-19
6713.45564811399  9.729706E-19
6716.08938860107  8.286112E-19
6718.72312908815  1.001565E-18
6721.35686957523  8.604215E-19
6723.99061006231  6.345591E-19
6726.62435054939  7.827542E-19
6729.25809103647  1.036445E-18
6731.89183152355  9.044496E-19
6734.52557201062  6.737595E-19
6737.15931249771  8.040638E-19
6739.79305298478  3.184558E-19
6742.42679347186  4.777604E-19
6745.06053395894  7.425482E-19
6747.69427444602  3.504129E-19
6750.3280149331  4.222552E-19
6752.96175542018  1.033221E-18
6755.59549590726  1.103547E-18
6758.22923639434  1.073287E-18
6760.86297688142  1.165710E-18
6763.4967173685  9.224726E-19
6766.13045785558  4.821943E-19
6768.76419834266  4.206499E-19
6771.39793882974  8.829642E-19
6774.03167931682  1.590288E-18
6776.6654198039  8.920167E-19
6779.29916029098  8.291035E-19
6781.93290077806  7.482688E-19
6784.56664126514  4.846892E-19
6787.20038175221  7.754343E-19
6789.83412223929  1.119551E-18
6792.46786272637  1.133564E-18
6795.10160321345  1.238320E-18
6797.73534370053  9.142110E-19
6800.36908418761  1.146985E-18
6803.00282467469  2.218505E-18
6805.63656516177  1.689382E-18
6808.27030564885  1.108583E-18
6810.90404613593  6.834391E-19
6813.53778662301  1.336794E-18
6816.17152711009  1.686689E-18
6818.80526759717  8.283727E-19
6821.43900808425  6.040848E-19
6824.07274857133  2.812814E-19
6826.70648905841  1.417053E-18
6829.34022954549  1.232102E-18
6831.97397003257  9.186574E-19
6834.60771051965  1.329324E-18
6837.24145100672  1.248087E-18
6839.87519149381  1.400117E-18
6842.50893198089  3.048663E-19
6845.14267246796  2.415481E-19
6847.77641295504  1.216003E-18
6850.41015344212  6.560573E-19
6853.0438939292  1.176491E-18
6855.67763441628  1.536662E-18
6858.31137490336  9.280608E-19
6860.94511539044  1.178537E-18
6863.57885587752  2.114180E-18
6866.2125963646  1.752773E-18
6868.84633685168  6.895335E-19
6871.48007733876  4.346639E-19
6874.11381782584  8.842509E-19
6876.74755831292  1.381386E-18
6879.3812988  1.754271E-18
6882.01503928708  1.145492E-18
6884.64877977416  4.636782E-19
6887.28252026124  8.910106E-19
6889.91626074832  1.015831E-18
6892.5500012354  1.606524E-18
6895.18374172247  1.502241E-18
6897.81748220955  7.928548E-19
6900.45122269664  9.007493E-19
6903.08496318371  1.266261E-18
6905.71870367079  9.807260E-19
6908.35244415787  1.519714E-18
6910.98618464495  1.994754E-18
6913.61992513203  1.126803E-18
6916.25366561911  5.178278E-19
6918.88740610619  1.395373E-18
6921.52114659327  1.629380E-18
6924.15488708035  9.982253E-19
6926.78862756743  1.114832E-18
6929.42236805451  7.069840E-19
6932.05610854159  1.778769E-18
6934.68984902867  1.894418E-18
6937.32358951575  8.325182E-19
6939.95733000283  4.462669E-19
6942.59107048991  8.899456E-19
6945.22481097699  1.251216E-18
6947.85855146406  2.003050E-18
6950.49229195114  1.216063E-18
6953.12603243822  8.479150E-19
6955.7597729253  1.205177E-18
6958.39351341238  8.608443E-19
6961.02725389946  1.076037E-18
6963.66099438654  8.519203E-19
6966.29473487362  8.353091E-19
6968.9284753607  1.064599E-18
6971.56221584778  1.400293E-18
6974.19595633486  9.996895E-19
6976.82969682194  9.208136E-19
6979.46343730902  1.153818E-18
6982.0971777961  8.549141E-19
6984.73091828318  1.270508E-18
6987.36465877026  1.190398E-18
6989.99839925734  8.738521E-19
6992.63213974442  5.456779E-19
6995.2658802315  5.127561E-19
6997.89962071858  3.188146E-19
7000.53336120565  1.346572E-18
7003.16710169273  1.026547E-18
7005.80084217981  1.077048E-18
7008.43458266689  1.718027E-18
7011.06832315397  1.421796E-18
7013.70206364105  1.482480E-18
7016.33580412813  1.273367E-18
7018.96954461521  8.977333E-19
7021.60328510229  1.051734E-18
7024.23702558937  1.148627E-18
7026.87076607645  1.411289E-18
7029.50450656353  1.382091E-18
7032.13824705061  1.528284E-18
7034.77198753769  1.401764E-18
7037.40572802477  1.319894E-18
7040.03946851185  1.801685E-18
7042.67320899893  1.246838E-18
7045.306949486  1.100761E-18
7047.94068997308  1.157976E-18
7050.57443046016  1.183261E-18
7053.20817094724  1.567880E-18
7055.84191143432  1.326138E-18
7058.4756519214  1.369301E-18
7061.10939240848  1.628385E-18
7063.74313289556  1.042609E-18
7066.37687338264  7.103474E-19
7069.01061386972  2.138514E-19
7071.6443543568  3.498437E-19
7074.27809484388  1.214790E-18
7076.91183533096  1.529063E-18
7079.54557581804  1.706111E-18
7082.17931630512  1.083955E-18
7084.8130567922  5.738698E-19
7087.44679727928  3.800976E-19
7090.08053776636  3.373542E-19
7092.71427825344  7.707755E-19
7095.34801874052  1.096395E-18
7097.9817592276  1.019935E-18
7100.61549971468  5.049529E-19
7103.24924020175  3.453918E-19
7105.88298068883  9.466494E-19
7108.51672117591  5.012532E-19
7111.15046166299  7.151168E-19
7113.78420215007  7.111201E-19
7116.41794263715  7.583284E-19
7119.05168312423  9.154196E-19
7121.68542361131  7.952404E-19
7124.31916409839  8.691882E-19
7126.95290458547  8.887582E-19
7129.58664507255  9.336471E-19
7132.22038555963  9.024721E-19
7134.85412604671  1.128723E-18
7137.48786653379  6.511866E-19
7140.12160702087  5.858756E-19
7142.75534750795  1.105319E-18
7145.38908799503  2.876377E-19
7148.02282848211  1.473567E-19
7150.65656896919  3.212584E-19
7153.29030945627  4.791444E-19
7155.92404994334  7.144397E-19
7158.55779043042  1.078049E-18
7161.1915309175  9.429774E-19
7163.82527140458  7.546393E-19
7166.45901189166  2.012310E-19
7169.09275237874  6.093528E-19
7171.72649286582  8.535027E-19
7174.3602333529  5.178954E-19
7176.99397383998  6.799612E-19
7179.62771432706  4.248085E-19
7182.26145481414  1.012218E-18
7184.89519530122  1.421432E-18
7187.5289357883  5.326670E-19
7190.16267627538  2.392266E-19
7192.79641676246  8.571380E-19
7195.43015724954  7.817734E-19
7198.06389773662  6.945649E-19
7200.6976382237  6.305626E-19
7203.33137871078  7.362875E-19
7205.96511919786  6.316552E-19
7208.59885968494  1.022630E-18
7211.23260017201  9.359495E-19
7213.8663406591  8.029707E-19
7216.50008114617  7.632259E-19
7219.13382163325  4.962806E-19
7221.76756212033  1.172228E-19
7224.40130260741  5.028646E-19
7227.03504309449  9.426863E-19
7229.66878358157  3.937461E-19
7232.30252406865  2.324509E-19
7234.93626455573  4.934686E-19
7237.57000504281  4.914301E-19
7240.20374552989  5.213074E-19
7242.83748601697  2.195787E-19
7245.47122650405  5.789209E-19
7248.10496699113  5.890730E-19
7250.73870747821  4.091825E-19
7253.37244796529  5.378807E-20
7256.00618845237  2.997326E-19
7258.63992893945  6.656847E-19
7261.27366942653  7.303429E-19
7263.9074099136  7.406440E-19
7266.54115040068  5.920633E-19
7269.17489088776  6.932352E-19
7271.80863137484  7.491368E-19
7274.44237186192  7.565829E-19
7277.076112349  1.751488E-19
7279.70985283608  8.028911E-19
7282.34359332316  1.238093E-18
7284.97733381024  6.398077E-19
7287.61107429732  5.686979E-19
7290.2448147844  5.460383E-19
7292.87855527148  7.672220E-19
7295.51229575856  7.540301E-19
7298.14603624564  4.985719E-19
7300.77977673272  4.369219E-19
7303.4135172198  7.072326E-19
7306.04725770688  4.841887E-19
7308.68099819396  2.007016E-19
7311.31473868104  5.323455E-19
7313.94847916812  8.910202E-19
7316.5822196552  1.569594E-18
7319.21596014227  8.839215E-19
7321.84970062935  6.870913E-19
7324.48344111643  1.026091E-18
7327.11718160351  4.014082E-19
7329.75092209059  6.287777E-20
7332.38466257767  1.628331E-19
7335.01840306475  7.923964E-20
7337.65214355183  5.076480E-19
7340.28588403891  6.606689E-19
7342.91962452599  1.420047E-18
7345.55336501307  8.607047E-19
7348.18710550015  7.386477E-19
7350.82084598723  1.239502E-19
7353.45458647431  4.025278E-19
7356.08832696139  5.406326E-19
7358.72206744847  6.251145E-19
7361.35580793554  1.672340E-19
7363.98954842263  1.018506E-18
7366.62328890971  1.041087E-18
7369.25702939678  2.452599E-19
7371.89076988387  1.509834E-19
7374.52451037094  6.793894E-20
7377.15825085802  3.758357E-19
7379.7919913451  1.044537E-19
7382.42573183218  1.448168E-19
7385.05947231926  7.098346E-19
7387.69321280634  7.150475E-19
7390.32695329342  5.396177E-19
7392.9606937805  1.524934E-19
7395.59443426758  4.423278E-20
7398.22817475466  3.015012E-19
7400.86191524174  2.551144E-19
7403.49565572882  2.740355E-19
7406.1293962159  3.896143E-19
7408.76313670298  3.511530E-19
7411.39687719006  4.391243E-19
7414.03061767714  5.536844E-19
7416.66435816421  2.454313E-19
7419.29809865129  5.830846E-19
7421.93183913837  3.508649E-19
7424.56557962545  5.824205E-19
7427.19932011253  5.674375E-19
7429.83306059961  2.969793E-19
7432.46680108669  2.693085E-19
7435.10054157377  5.294789E-19
7437.73428206085  5.403476E-19
7440.36802254793  4.598498E-19
7443.00176303501  2.639745E-19
7445.63550352209  1.830810E-19
7448.26924400917  2.121802E-19
7450.90298449625  4.623070E-19
7453.53672498333  8.502765E-20
7456.17046547041  1.628008E-19
7458.80420595749  8.187290E-19
7461.43794644457  3.205832E-19
7464.07168693164  5.462177E-19
7466.70542741873  8.157750E-19
7469.33916790581  3.125503E-19
7471.97290839288  6.507273E-19
7474.60664887996  5.931912E-19
7477.24038936704  2.925092E-19
7479.87412985412  1.498741E-20
7482.5078703412  4.281761E-20
7485.14161082828  5.656414E-19
7487.77535131536  1.066512E-18
7490.40909180244  7.850858E-19
7493.04283228952  7.770677E-19
7495.6765727766  1.046373E-18
7498.31031326368  8.123446E-19
7500.94405375076  3.191859E-19
7503.57779423784  5.653869E-19
7506.21153472492  6.375053E-19
7508.845275212  5.311946E-19
7511.47901569908  8.157421E-19
7514.11275618616  5.598189E-19
7516.74649667324  9.671130E-19
7519.38023716031  5.226127E-19
7522.0139776474  1.106675E-19
7524.64771813447  1.225394E-19
7527.28145862155  4.944523E-19
7529.91519910863  8.291170E-20
7532.54893959571  1.011591E-19
7535.18268008279  7.202071E-19
7537.81642056987  2.690396E-19
7540.45016105695  7.450381E-19
7543.08390154403  7.939997E-19
7545.71764203111  7.391682E-19
7548.35138251819  5.661640E-19
7550.98512300527  6.704987E-19
7553.61886349235  4.274247E-19
7556.25260397943  8.532433E-19
7558.88634446651  5.259044E-19
7561.52008495359  4.773809E-19
7564.15382544067  1.501656E-18
7566.78756592775  4.378615E-19
7569.42130641483  5.774376E-19
7572.05504690191  1.349790E-18
7574.68878738898  1.112718E-18
7577.32252787607  8.704726E-19
7579.95626836314  5.530895E-19
7582.59000885022  1.324205E-19
7585.2237493373  1.498636E-19
7587.85748982438  9.452716E-19
7590.49123031146  4.469537E-19
7593.12497079854  3.759969E-19
7595.75871128562  2.381161E-19
7598.3924517727  2.513565E-19
7601.02619225978  2.122531E-19
7603.65993274686  4.633377E-20
7606.29367323394  2.026486E-19
7608.92741372102  6.034608E-20
7611.5611542081  9.224227E-20
7614.19489469518  5.093341E-20
7616.82863518226  4.595839E-19
7619.46237566934  7.130184E-19
7622.09611615642  7.881102E-19
7624.7298566435  7.803614E-19
7627.36359713058  5.220498E-19
7629.99733761766  6.715613E-19
7632.63107810474  3.198003E-19
7635.26481859181  3.825519E-19
7637.89855907889  4.960727E-20
7640.53229956597  5.815577E-20
7643.16604005305  2.052129E-19
7645.79978054013  1.677570E-19
7648.43352102721  1.640975E-19
7651.06726151429  5.503809E-19
7653.70100200137  6.815719E-19
7656.33474248845  4.144761E-19
7658.96848297553  7.557618E-19
7661.60222346261  5.435580E-19
7664.23596394969  9.270759E-20
7666.86970443677  6.549690E-19
7669.50344492385  1.281932E-18
7672.13718541093  8.325804E-19
7674.77092589801  2.085262E-19
7677.40466638509  4.461083E-19
7680.03840687217  1.569820E-19
7682.67214735924  2.311867E-19
7685.30588784632  5.028874E-20
7687.93962833341  3.338143E-19
7690.57336882048  6.824875E-19
7693.20710930756  2.723287E-19
7695.84084979464  5.256786E-19
7698.47459028172  2.995503E-19
7701.1083307688  5.520510E-19
7703.74207125588  6.924415E-19
7706.37581174296  7.294088E-20
7709.00955223004  -4.328252E-20
7711.64329271712  1.898477E-19
7714.2770332042  1.177065E-18
7716.91077369128  5.195565E-19
7719.54451417836  7.586066E-19
7722.17825466544  4.642105E-19
7724.81199515252  9.024466E-21
7727.4457356396  8.572080E-20
7730.07947612668  1.019483E-18
7732.71321661376  1.317368E-18
7735.34695710084  8.920454E-19
7737.98069758791  8.602291E-19
7740.61443807499  7.461338E-19
7743.24817856208  2.356198E-19
7745.88191904915  4.222625E-19
7748.51565953623  1.200854E-18
7751.14940002331  1.529317E-18
7753.78314051039  4.632506E-19
7756.41688099747  1.005103E-18
7759.05062148455  8.107904E-19
7761.68436197163  2.813817E-19
7764.31810245871  1.892548E-20
7766.95184294579  4.492110E-20
7769.58558343287  4.931040E-20
7772.21932391995  3.838058E-19
7774.85306440703  1.178637E-18
7777.48680489411  2.044066E-19
7780.12054538119  4.885070E-19
7782.75428586827  3.335269E-19
7785.38802635535  4.385425E-19
7788.02176684243  2.052604E-19
7790.6555073295  4.520143E-19
7793.28924781658  1.428978E-19
7795.92298830366  7.901919E-19
7798.55672879074  5.661065E-19
7801.19046927782  2.615015E-19
7803.8242097649  1.260344E-18
7806.45795025198  1.367846E-18
7809.09169073906  3.647192E-19
7811.72543122614  1.522000E-19
7814.35917171322  9.836083E-19
7816.9929122003  7.021638E-19
7819.62665268738  3.429261E-19
7822.26039317446  1.303372E-18
7824.89413366154  4.995070E-19
7827.52787414862  3.666986E-19
7830.1616146357  9.729460E-19
7832.79535512278  5.145218E-19
7835.42909560986  9.361182E-20
7838.06283609694  2.475171E-19
7840.69657658401  8.403642E-19
7843.33031707109  6.989372E-19
7845.96405755817  7.092523E-19
7848.59779804525  2.773228E-19
7851.23153853233  1.040108E-19
7853.86527901941  5.303436E-19
7856.49901950649  6.491016E-19
7859.13275999357  7.065465E-19
7861.76650048065  2.201778E-19
7864.40024096773  6.380094E-19
7867.03398145481  4.849813E-19
7869.66772194189  7.864523E-19
7872.30146242897  4.429209E-19
7874.93520291605  1.933056E-20
7877.56894340313  1.691684E-19
7880.20268389021  8.408375E-19
7882.83642437729  7.421094E-19
7885.47016486437  4.845335E-19
7888.10390535145  2.125450E-19
7890.73764583853  1.076259E-19
7893.37138632561  6.656869E-19
7896.00512681268  1.352681E-19
7898.63886729976  5.021507E-19
7901.27260778684  8.445358E-19
7903.90634827392  1.653689E-19
7906.540088761  4.077718E-19
7909.17382924808  9.291270E-19
7911.80756973516  4.570966E-19
7914.44131022224  1.479896E-18
7917.07505070932  2.807383E-18
7919.7087911964  1.266384E-18
7922.34253168348  4.502267E-19
7924.97627217056  4.849619E-19
7927.61001265764  4.836582E-19
7930.24375314472  5.082900E-19
7932.8774936318  3.773241E-19
7935.51123411888  9.856193E-19
7938.14497460596  1.209898E-18
7940.77871509304  9.263263E-19
7943.41245558012  1.162371E-18
7946.0461960672  4.271390E-19
7948.67993655427  1.592951E-19
7951.31367704135  9.777815E-19
7953.94741752843  3.229144E-19
7956.58115801551  6.993367E-20
7959.21489850259  4.184003E-19
7961.84863898967  1.994815E-18
7964.48237947675  3.262115E-19
7967.11611996383  4.975674E-19
7969.74986045091  7.304190E-19
7972.38360093799  1.100851E-18
7975.01734142507  7.234403E-19
7977.65108191215  7.803198E-19
7980.28482239923  2.996428E-19
7982.91856288631  9.325868E-19
7985.55230337339  2.721313E-19
7988.18604386047  6.946088E-19
7990.81978434755  1.213381E-18
7993.45352483463  5.888966E-19
7996.08726532171  4.741109E-19
7998.72100580879  1.353776E-19
8001.35474629586  6.630997E-19
8003.98848678294  5.726272E-19
8006.62222727002  5.943593E-19
8009.2559677571  7.523281E-19
8011.88970824418  4.249998E-19
8014.52344873126  1.060166E-18
8017.15718921834  1.402345E-18
8019.79092970542  1.592838E-19
8022.4246701925  4.014755E-19
8025.05841067958  1.234425E-18
8027.69215116666  1.421684E-18
8030.32589165374  1.304867E-18
8032.95963214082  9.299124E-19
8035.5933726279  4.264167E-19
8038.22711311498  7.466767E-19
8040.86085360206  5.925443E-19
8043.49459408914  7.189394E-19
8046.12833457622  9.215818E-19
8048.76207506329  1.237281E-19
8051.39581555038  4.375961E-19
8054.02955603745  8.225829E-19
8056.66329652453  3.458828E-19
8059.29703701161  3.527418E-19
8061.93077749869  7.497205E-19
8064.56451798577  1.174453E-18
8067.19825847285  4.002318E-19
8069.83199895993  4.314179E-19
8072.46573944701  1.712839E-19
8075.09947993409  -2.428717E-21
8077.73322042117  4.336964E-20
8080.36696090825  5.736237E-19
8083.00070139533  1.039107E-18
8085.63444188241  3.197625E-19
8088.26818236949  6.998086E-19
8090.90192285657  8.572174E-19
8093.53566334365  2.247674E-19
8096.16940383073  1.197568E-19
8098.80314431781  4.656261E-19
8101.43688480489  9.528962E-20
8104.07062529196  2.186218E-19
8106.70436577904  1.355290E-19
8109.33810626612  2.673715E-19
8111.9718467532  8.127538E-19
8114.60558724028  7.478319E-19
8117.23932772736  3.352618E-19
8119.87306821444  9.026195E-19
8122.50680870152  8.500694E-19
8125.1405491886  6.950898E-19
8127.77428967568  1.386565E-19
8130.40803016276  6.130961E-19
8133.04177064984  3.436841E-19
8135.67551113692  3.709919E-19
8138.309251624  9.343834E-19
8140.94299211108  4.091452E-19
8143.57673259816  5.312481E-19
8146.21047308524  7.752904E-19
8148.84421357232  3.084936E-19
8151.4779540594  2.192182E-20
8154.11169454648  2.243033E-19
8156.74543503356  5.758927E-19
8159.37917552063  5.321062E-19
8162.01291600772  6.380828E-19
8164.64665649479  2.196366E-19
8167.28039698187  1.331223E-19
8169.91413746895  6.614395E-19
8172.54787795603  9.099585E-20
8175.18161844311  2.046582E-19
8177.81535893019  6.256368E-19
8180.44909941727  5.309558E-19
8183.08283990435  5.930611E-19
8185.71658039143  5.044964E-20
8188.35032087851  1.955453E-19
8190.98406136559  1.140458E-18
8193.61780185267  1.012793E-18
8196.25154233975  2.914220E-19
8198.88528282683  -8.378287E-21
8201.51902331391  8.356192E-20
8204.15276380099  6.982736E-19
8206.78650428807  4.762669E-19
8209.42024477514  2.323218E-19
8212.05398526223  6.208992E-19
8214.6877257493  1.420848E-19
8217.32146623638  2.501862E-19
8219.95520672346  3.657386E-19
8222.58894721054  8.722247E-19
8225.22268769762  5.881062E-19
8227.8564281847  5.063794E-19
8230.49016867178  1.929507E-19
8233.12390915886  4.864794E-19
8235.75764964594  6.747861E-19
8238.39139013302  3.398230E-19
8241.0251306201  2.909638E-20
8243.65887110718  3.948697E-19
8246.29261159426  9.730608E-19
8248.92635208134  1.873594E-19
8251.56009256842  4.711945E-19
8254.1938330555  4.774162E-19
8256.82757354258  4.524202E-19
8259.46131402966  1.179263E-19
8262.09505451673  2.270050E-19
8264.72879500381  3.197455E-19
8267.36253549089  1.018545E-18
8269.99627597797  6.668014E-19
8272.63001646505  1.959135E-19
8275.26375695213  2.830162E-19
8277.89749743921  3.793205E-19
8280.53123792629  5.968005E-20
8283.16497841337  1.657976E-19
8285.79871890045  4.360909E-19
8288.43245938753  1.456300E-18
8291.06619987461  1.593697E-18
8293.69994036169  5.706243E-19
8296.33368084877  7.269103E-19
8298.96742133585  1.281148E-18
8301.60116182293  3.490888E-19
8304.23490231001  4.235445E-19
8306.86864279709  9.733574E-20
8309.50238328417  3.031971E-19
8312.13612377124  2.274140E-19
8314.76986425832  2.941994E-19
8317.4036047454  4.031368E-20
8320.03734523248  -5.173822E-21
8322.67108571956  -6.458499E-21
8325.30482620664  3.994439E-20
8327.93856669372  4.035617E-19
8330.5723071808  4.447780E-19
8333.20604766788  9.289560E-20
8335.83978815496  3.244191E-19
8338.47352864204  1.345962E-19
8341.10726912912  6.966901E-19
8343.7410096162  6.867750E-19
8346.37475010328  7.295183E-19
8349.00849059036  5.043874E-19
8351.64223107744  2.052789E-19
8354.27597156452  4.101244E-19
8356.9097120516  2.713518E-19
8359.54345253868  4.573759E-19
8362.17719302575  6.696481E-19
8364.81093351284  2.576934E-19
8367.44467399991  3.746360E-19
8370.07841448699  6.532857E-19
8372.71215497407  8.211103E-20
8375.34589546115  3.262333E-20
8377.97963594823  1.826823E-19
8380.61337643531  3.064301E-19
8383.24711692239  1.062403E-19
8385.88085740947  6.306596E-19
8388.51459789655  4.519832E-19
8391.14833838363  4.767414E-19
8393.78207887071  6.843421E-19
8396.41581935779  5.973127E-19
8399.04955984487  1.463045E-19
8401.68330033195  1.117403E-18
8404.31704081903  1.379919E-18
8406.95078130611  1.879699E-19
8409.58452179319  2.142500E-19
8412.21826228027  1.365118E-18
8414.85200276735  1.008724E-18
8417.48574325443  6.568008E-19
8420.11948374151  7.838373E-19
8422.75322422858  1.183736E-19
8425.38696471567  7.448345E-19
8428.02070520274  1.698795E-18
8430.65444568982  7.840939E-19
8433.2881861769  1.460272E-19
8435.92192666398  5.615937E-19
8438.55566715106  3.665633E-19
8441.18940763814  1.212322E-19
8443.82314812522  5.342137E-19
8446.4568886123  2.636462E-19
8449.09062909938  1.128612E-18
8451.72436958646  1.199433E-18
8454.35811007354  7.418339E-19
8456.99185056062  6.900816E-19
8459.6255910477  1.274693E-18
8462.25933153478  7.979005E-19
8464.89307202186  2.967395E-19
8467.52681250893  2.861446E-19
8470.16055299602  1.468205E-18
8472.7942934831  4.050292E-19
8475.42803397018  6.534941E-20
8478.06177445725  5.341883E-19
8480.69551494433  1.632643E-19
8483.32925543141  6.243904E-19
8485.96299591849  6.010513E-19
8488.59673640557  7.826912E-19
8491.23047689265  6.996369E-19
8493.86421737973  1.109111E-18
8496.49795786681  1.779508E-19
8499.13169835389  6.154180E-19
8501.76543884097  8.088307E-19
8504.39917932805  3.874602E-19
8507.03291981513  1.421180E-18
8509.66666030221  1.614731E-18
8512.30040078929  3.759243E-19
8514.93414127637  4.605259E-19
8517.56788176345  9.311312E-19
8520.20162225053  1.259984E-18
8522.83536273761  1.207184E-18
8525.46910322468  4.523975E-19
8528.10284371176  8.464008E-20
8530.73658419884  3.479839E-19
8533.37032468592  1.245110E-18
8536.004065173  6.049846E-19
8538.63780566008  9.891156E-20
8541.27154614716  4.999696E-20
8543.90528663424  6.764977E-19
8546.53902712132  1.294869E-18
8549.1727676084  1.245298E-18
8551.80650809548  2.910524E-19
8554.44024858256  5.284564E-19
8557.07398906964  2.327892E-19
8559.70772955672  4.361315E-19
8562.3414700438  4.256306E-19
8564.97521053088  3.250411E-19
8567.60895101796  3.836312E-19
8570.24269150504  5.642554E-19
8572.87643199212  4.289478E-19
8575.5101724792  2.889275E-19
8578.14391296627  3.400300E-19
8580.77765345335  1.109552E-18
8583.41139394043  2.564095E-19
8586.04513442751  4.387272E-19
8588.67887491459  2.312374E-19
8591.31261540167  1.391959E-18
8593.94635588875  6.864199E-19
8596.58009637583  3.933983E-19
8599.21383686291  2.704373E-19
8601.84757734999  6.410760E-19
8604.48131783707  2.580078E-19
8607.11505832415  9.320404E-19
8609.74879881123  5.208513E-19
8612.38253929831  6.189417E-19
8615.01627978539  4.067434E-19
8617.65002027247  4.714079E-19
8620.28376075955  6.942094E-20
8622.91750124663  1.275135E-19
8625.55124173371  2.886133E-20
8628.18498222078  1.306999E-19
8630.81872270787  7.712200E-19
8633.45246319495  2.237960E-19
8636.08620368202  3.545813E-19
8638.7199441691  5.276846E-19
8641.35368465618  5.607415E-19
8643.98742514326  2.885481E-19
8646.62116563034  6.741442E-19
8649.25490611742  7.256555E-19
8651.8886466045  2.841748E-19
8654.52238709158  1.260560E-18
8657.15612757866  3.308176E-19
8659.78986806574  8.604553E-19
8662.42360855282  5.406261E-19
8665.0573490399  3.141530E-20
8667.69108952698  -5.385249E-21
8670.32483001406  -1.490285E-20
8672.95857050114  7.519000E-20
8675.59231098822  6.510333E-19
8678.2260514753  4.514960E-19
8680.85979196238  6.591809E-19
8683.49353244945  2.915035E-19
8686.12727293653  6.455675E-20
8688.76101342361  4.521656E-19
8691.39475391069  4.563584E-19
8694.02849439777  4.578351E-19
8696.66223488485  3.219522E-20
8699.29597537193  5.761429E-20
8701.92971585901  6.940298E-19
8704.56345634609  6.315367E-19
8707.19719683317  1.947304E-19
8709.83093732025  1.661283E-19
8712.46467780733  2.098267E-20
8715.09841829441  -1.119863E-20
8717.73215878149  3.276797E-20
8720.36589926857  3.474673E-19
8722.99963975565  3.917592E-19
8725.63338024273  1.591754E-19
8728.26712072981  3.236014E-19
8730.90086121688  1.177602E-19
8733.53460170397  2.202558E-19
8736.16834219104  6.255900E-20
8738.80208267812  7.906132E-20
8741.4358231652  6.695664E-19
8744.06956365228  5.626246E-19
8746.70330413936  7.891599E-19
8749.33704462644  6.639198E-19
8751.97078511352  2.367380E-19
8754.6045256006  -2.154764E-20
8757.23826608768  2.329285E-19
8759.87200657476  1.374291E-18
8762.50574706184  2.969804E-19
8765.13948754892  1.770608E-19
8767.773228036  1.076268E-19
8770.40696852308  -1.011656E-20
8773.04070901016  6.383920E-20
8775.67444949724  5.235042E-19
8778.30818998432  8.686233E-20
8780.9419304714  5.143099E-20
8783.57567095847  6.211755E-19
8786.20941144556  4.654017E-19
8788.84315193264  3.481277E-20
8791.47689241971  2.609956E-20
8794.11063290679  3.471086E-19
8796.74437339387  4.118807E-19
8799.37811388095  4.905267E-19
8802.01185436803  6.621586E-20
8804.64559485511  5.175037E-20
8807.27933534219  1.681123E-19
8809.91307582927  1.920829E-20
8812.54681631635  -5.617482E-21
8815.18055680343  1.539342E-19
8817.81429729051  6.953388E-19
8820.44803777759  1.020018E-18
8823.08177826467  8.472791E-19
8825.71551875175  3.407231E-20
8828.34925923883  1.552559E-19
8830.98299972591  1.481120E-18
8833.61674021299  5.824606E-19
8836.25048070007  3.299034E-19
8838.88422118715  7.718878E-19
8841.51796167422  1.010927E-19
8844.1517021613  1.801794E-19
8846.78544264838  4.283649E-19
8849.41918313546  1.838272E-19
8852.05292362254  -1.137581E-20
8854.68666410962  1.021951E-19
8857.3204045967  8.354602E-19
8859.95414508378  2.323176E-19
8862.58788557086  2.466065E-19
8865.22162605794  4.098288E-19
8867.85536654502  1.179285E-19
8870.4891070321  5.628338E-19
8873.12284751918  3.503344E-19
8875.75658800626  3.564730E-19
8878.39032849334  6.912469E-19
8881.02406898042  6.024712E-19
8883.6578094675  9.059954E-19
8886.29154995458  1.825431E-19
8888.92529044166  1.408369E-21
8891.55903092874  7.027651E-19
8894.19277141581  1.755829E-18
8896.82651190289  3.933141E-19
8899.46025238998  6.318925E-19
8902.09399287705  2.594645E-19
8904.72773336413  2.494544E-19
8907.36147385121  8.236946E-19
8909.99521433829  5.956151E-19
8912.62895482537  3.222349E-19
8915.26269531245  3.532506E-20
