#wavelength[A] flux[arbitraty]
  4337.4585  0.
  4343.33496  0.00124804489
  4349.21875  0.000462148513
  4355.11035 -0.00542422943
  4361.01025 -0.00411180826
  4366.91846 -0.0150428768
  4372.83447 -0.0317764245
  4378.7583 -0.0100919548
  4384.69043 -0.00294501893
  4390.63037 -0.0186397377
  4396.57861 -0.0908384547
  4402.53467 -0.0553063452
  4408.49854  0.0792440623
  4414.47119  0.0723285452
  4420.45166  0.154449105
  4426.43994  0.202436268
  4432.43652 -0.172579437
  4438.44092 -0.0256762505
  4444.4541  0.0684803352
  4450.4751 -0.0533912368
  4456.50439  0.477395922
  4462.5415  0.0299735349
  4468.58691  0.0774847195
  4474.64062 -0.151872337
  4480.70264  0.187322915
  4486.77295  0.255033642
  4492.85107 -0.381460547
  4498.9375 -0.445061475
  4505.03223 -0.11929331
  4511.13574 -0.119256146
  4517.24658  0.100862093
  4523.36621  0.204729542
  4529.49414 -0.352456063
  4535.63037 -0.720696092
  4541.7749 -0.627063155
  4547.92773 -0.386250973
  4554.08887  0.0600591078
  4560.2583  0.400584757
  4566.43652 -0.153315321
  4572.62256  0.319713205
  4578.81738  0.208205953
  4585.02002 -0.0328991748
  4591.23145  0.495136291
  4597.45117 -0.591605425
  4603.67969  0.817704678
  4609.9165  0.184754714
  4616.16162  1.49643815
  4622.41553 -0.280418515
  4628.67725  0.109325692
  4634.94775 -0.557491124
  4641.22705  0.315952122
  4647.51465 -0.112357259
  4653.81055 -0.246401355
  4660.11523  1.23202837
  4666.42822  0.186688349
  4672.75  0.662261605
  4679.08008 -0.686137915
  4685.41943  0.231775746
  4691.7666 -0.835012615
  4698.12256 -0.575598776
  4704.4873 -0.264719963
  4710.86035 -0.670453846
  4717.24219 -0.149063602
  4723.63281 -0.0671064556
  4730.03223  0.446972907
  4736.43994  0.488526434
  4742.85645 -0.71125257
  4749.28174 -0.756614745
  4755.71582 -0.491382003
  4762.1582  0.637938499
  4768.60986 -0.0828741044
  4775.06982  0.537819624
  4781.53906  0.0230596978
  4788.0166  0.669273019
  4794.50293 -0.191798925
  4800.99805 -0.414402068
  4807.50195 -0.688882351
  4814.01465  0.0304892808
  4820.53613  0.0974182114
  4827.06689  0.10375192
  4833.60596  1.08754718
  4840.1543  0.416556746
  4846.71143  1.30698311
  4853.27734 -0.673566163
  4859.85205 -0.932280302
  4866.43604  0.526861191
  4873.02881 -0.304563016
  4879.63037 -0.213395178
  4886.24072 -0.309642941
  4892.86035  0.1136797
  4899.48877 -0.0372079611
  4906.12646  0.00886846147
  4912.77295 -0.41593641
  4919.42773 -0.486372024
  4926.09277 -0.482471853
  4932.76611 -0.415496826
  4939.44873 -0.130366847
  4946.14014 -0.545307219
  4952.84082 -0.353440762
  4959.55029 -0.000858931511
  4966.26904  0.202945694
  4972.99707 -0.213406652
  4979.73389 -0.265829772
  4986.47998 -0.869745851
  4993.23535  0.390579194
  5000. -0.732213616
  5006.77344 -0.748654962
  5013.55664 -0.497313261
  5020.34863 -0.530131042
  5027.14941 -0.572408199
  5033.95996  0.0127073051
  5040.77979 -0.361161083
  5047.6084 -0.429301828
  5054.44629  0.431098163
  5061.29395 -0.333343804
  5068.15039 -0.161412165
  5075.0166  0.256828487
  5081.8916 -0.84579891
  5088.77637  0.0301086567
  5095.67041 -0.298158765
  5102.57324 -0.124014556
  5109.48584 -0.516189098
  5116.40771 -0.386521906
  5123.33887 -0.11268536
  5130.27979  0.19518137
  5137.22949  0.00984880701
  5144.18896 -0.170090899
  5151.1582  0.148796365
  5158.13672  0.169009134
  5165.12451 -0.588593423
  5172.12158 -0.367901534
  5179.12842 -0.911346614
  5186.14453 -0.514711857
  5193.17041 -0.254026085
  5200.20605 -0.332041323
  5207.25049  0.262743145
  5214.30469  0.0117074624
  5221.36865  0.770530343
  5228.44238  0.220476136
  5235.52539 -0.280165702
  5242.61816 -0.549054265
  5249.72021 -0.744687796
  5256.83203 -0.159551159
  5263.95361 -0.10127347
  5271.08496 -0.00428432645
  5278.22607 -0.211663172
  5285.37646 -0.309810013
  5292.53662 -0.235934049
  5299.70654  0.29117468
  5306.88623 -0.00520717213
  5314.0752 -0.349113077
  5321.27441 -0.250884622
  5328.4834  0.654611349
  5335.70215  0.273007363
  5342.93066 -0.245761201
  5350.16846 -0.735500932
  5357.4165 -0.178413406
  5364.67432 -0.119336396
  5371.94189 -0.0504263379
  5379.21973  0.915249109
  5386.50684  0.292959273
  5393.80371  0.362797886
  5401.11133  0.611454964
  5408.42822  0.413482398
  5415.75488  0.732087076
  5423.0918 -0.0303280447
  5430.43848  0.742528498
  5437.79541  0.986792326
  5445.16211  0.403641105
  5452.53857  0.699704051
  5459.92529  0.851476371
  5467.32178  0.929388344
  5474.729  0.58232218
  5482.14551  0.305578023
  5489.57227  0.646831036
  5497.00928  0.679717898
  5504.45605  0.302572578
  5511.9126  1.12752593
  5519.37988  0.787018418
  5526.85742 -0.0328364633
  5534.34424  0.125920907
  5541.8418  0.00956919137
  5549.34961  0.428777486
  5556.86768 -0.0320158564
  5564.396 -0.154147238
  5571.93408 -0.531134963
  5579.48242  0.000369199726
  5587.04102  0.435279876
  5594.60938 -0.295697987
  5602.18848  0.0147302616
  5609.77832 -0.413680434
  5617.37793 -0.340610623
  5624.98828 -0.101046585
  5632.60791 -0.50429523
  5640.23828 -0.451955497
  5647.87988 -0.765564263
  5655.53076 -0.605977535
  5663.19287 -0.209833264
  5670.86475 -0.259668589
  5678.54688 -0.00282241148
  5686.24023 -0.396020204
  5693.94287 -0.71467489
  5701.65674 -0.759734452
  5709.38086 -0.692725718
  5717.11523 -0.700903654
  5724.86084 -0.489122272
  5732.61621 -0.537502229
  5740.38281 -0.71620059
  5748.15918 -0.358591795
  5755.9458 -0.180462569
  5763.74414 -0.270033419
  5771.55225 -0.141274571
  5779.37061 -0.350534141
  5787.2002 -0.456214488
  5795.04004 -0.137129605
  5802.89111  0.0359448269
  5810.75244 -0.407669276
  5818.62451 -0.61413753
  5826.50732 -0.408502311
  5834.3999 -0.283670306
  5842.3042 -0.19757618
  5850.21924 -0.121946946
  5858.14404 -0.37759015
  5866.08057 -0.365795851
  5874.02686  0.195091799
  5881.98486 -0.278364569
  5889.95361  0.14555949
  5897.93262  0.100519463
  5905.92285  0.0105305081
  5913.92334  0.11830353
  5921.93555 -0.030072486
  5929.95752  0.28415978
  5937.99121  0.328274161
  5946.03516  0.226217121
  5954.09082  0.390750915
  5962.15674  1.40023315
  5970.23438  0.578215599
  5978.32227  0.629977882
  5986.4209  0.149112746
  5994.53076 -0.016115563
  6002.65186  0.329020053
  6010.78369  0.356624842
  6018.92627  0.329414487
  6027.08057  0.797245443
  6035.24561  0.707783878
  6043.42139  0.187594861
  6051.60889  0.0826065093
  6059.80713  0.303199679
  6068.01611  0.346110523
  6076.23682  0.296000957
  6084.46826  0.253953695
  6092.71094  0.00149372441
  6100.96533  0.180433452
  6109.22998 -0.440916568
  6117.50684  0.0663845614
  6125.79395  0.354216278
  6134.09277  0.455065906
  6142.40283  0.101538874
  6150.72363  0.275390834
  6159.05664  0.269039035
  6167.40039 -0.0330759622
  6175.75537 -0.0603332445
  6184.12207  0.426842242
  6192.49951  0.926899135
  6200.88867  0.215624064
  6209.28906 -0.0528582968
  6217.70068  0.369322062
  6226.12402 -0.0338948183
  6234.55859  0.120746359
  6243.00488  0.694125593
  6251.46289  0.00656360853
  6259.93115  0.492305428
  6268.41211  0.403211176
  6276.90381  0.0974257663
  6285.40771  0.313019514
  6293.92188 -0.00733941561
  6302.44873  0.131864369
  6310.98682  0.128637433
  6319.53662  0.464157879
  6328.09766  0.0623888485
  6336.67041  0.164575636
  6345.25488 -0.0533233024
  6353.85107 -0.0471748449
  6362.4585  0.0671840087
  6371.07812  0.231012225
  6379.7085  0.0851005167
  6388.35205 -0.0404231474
  6397.00586 -0.136453077
  6405.67236 -0.176812619
  6414.3501 -0.208633244
  6423.04004  0.29809466
  6431.74121  0.0232178457
  6440.4541 -0.16640313
  6449.17969  0.357946754
  6457.9165  0.0698809922
  6466.66455 -0.267650366
  6475.42529 -0.2240289
  6484.19775 -0.379170775
  6492.98193  0.152989134
  6501.77832 -0.0956212878
  6510.58594  0.080249615
  6519.40625 -0.356833339
  6528.23828 -0.3270863
  6537.08203 -0.298972636
  6545.93848 -0.0102134217
  6554.80615 -0.291138649
  6563.68604 -0.170347735
  6572.57812  0.150796622
  6581.48193 -0.509366691
  6590.39795 -0.299919456
  6599.32617 -0.244919524
  6608.26611 -0.150549263
  6617.21875 -0.193035588
  6626.18359  0.136025339
  6635.15967 -0.11728783
  6644.14893 -0.521691084
  6653.1499 -0.165152758
  6662.1626 -0.0667376593
  6671.18799  0.0959474668
  6680.22559  0.0157448649
  6689.27539  0.134945571
  6698.33789  0.102095783
  6707.41211 -0.0846736655
  6716.49854 -0.124686673
  6725.59717 -0.0771813765
  6734.70898 -0.414409012
  6743.83301 -0.384997517
  6752.96826  0.173120245
  6762.11719 -0.308434904
  6771.27783  0.149178147
  6780.45117 -0.219908997
  6789.63672  0.187143192
  6798.83496  0.724268377
  6808.04492  0.302099198
  6817.26807 -0.240524098
  6826.50391  0.305056185
  6835.75146 -0.0222494695
  6845.01221 -0.0209539551
  6854.28516  0.473587781
  6863.5708  0.237914234
  6872.86914  0.45192185
  6882.18018 -0.0480403602
  6891.50342  0.357568949
  6900.83936  0.410108775
  6910.18799  0.355725467
  6919.5498  0.363315552
  6928.92383  0.550631225
  6938.31006  0.138257354
  6947.70996  0.402320176
  6957.12207  0.0457082838
  6966.54688  0.271397382
  6975.98438  0.201767311
  6985.43506 -0.0040627406
  6994.89844 -0.0377151556
  7004.37402  0.650436163
  7013.86328  0.322540551
  7023.36572  0.611877143
  7032.88037  0.751965642
  7042.40723  0.386671603
  7051.94824  0.740643859
  7061.50195 -0.128792048
  7071.06787  0.512399137
  7080.64746 -0.212884665
  7090.23975  0.0482508093
  7099.84473 -0.288703352
  7109.46338 -0.0828651711
  7119.09424  0.0672677234
  7128.73877  0.134385288
  7138.396 -0.266832322
  7148.06689 -0.387358516
  7157.75 -0.0598674156
  7167.44727 -0.178346828
  7177.15674  0.137172759
  7186.87988 -0.224054694
  7196.61572 -0.124974087
  7206.36523  0.13856554
  7216.12793 -0.412606925
  7225.90381 -0.332925797
  7235.69336 -0.421810776
  7245.49512 -0.499369651
  7255.31104 -0.163081571
  7265.13965 -0.0697192326
  7274.98242 -0.0173416398
  7284.83789 -0.137293637
  7294.70654 -0.195115477
  7304.58936 -0.312185585
  7314.48486  0.42544201
  7324.39404 -0.559852481
  7334.31641 -0.0167326462
  7344.25244 -0.243032768
  7354.20166 -0.253324449
  7364.16455 -0.285184056
  7374.14062 -0.70806849
  7384.13086 -0.240150988
  7394.13428 -0.689786434
  7404.15088 -0.403995186
  7414.18164 -0.369270772
  7424.22559 -0.381749034
  7434.28369 -0.341945916
  7444.35498 -0.638691902
  7454.43994 -0.339781553
  7464.53857 -0.109877735
  7474.65088 -0.667384028
  7484.77686  0.27548033
  7494.91699  0.0232582744
  7505.0708 -0.013549217
  7515.23779 -0.299956799
  7525.41846 -0.521925092
  7535.61377 -0.00464754086
  7545.82227 -0.0351235569
  7556.04443  0.284898281
  7566.28076  0.448496044
  7576.53125 -0.328328252
  7586.79492 -0.204332799
  7597.07324 -0.710404456
  7607.36523 -0.748823404
  7617.6709  0.157496139
  7627.99072 -0.347506374
  7638.32471 -0.768697321
  7648.67236 -0.100296281
  7659.03418 -0.0386815779
  7669.41016 -0.0381110609
  7679.7998 -0.588510275
  7690.20361 -0.259660661
  7700.62207 -0.498718828
  7711.0542  0.181246907
  7721.50049 -0.233654171
  7731.96094  0.574279845
  7742.43555  0.511788726
  7752.9248  0.100411728
  7763.42773 -0.698994815
  7773.94482 -0.0673897564
  7784.47607 -0.41955179
  7795.02197  0.340141058
  7805.58252  0.247467801
  7816.15674  0.263695598
  7826.74512 -0.124437518
  7837.34814  0.142813653
  7847.96533 -0.22494489
  7858.59766 -0.035738606
  7869.24365 -0.32241711
  7879.9043 -0.0785783753
  7890.5791 -0.17666328
  7901.26855  0.00979703106
  7911.97314  1.79982197
  7922.69092 -0.112609476
  7933.42432  0.932338715
  7944.17188 -0.0232350659
  7954.93408  0.327880114
  7965.71094  0.458848834
  7976.50195  0.103666864
  7987.30811  0.360463351
  7998.12842  0.0463136882
  8008.96387  0.617709816
  8019.81396  0.872837126
  8030.67822  0.435709536
  8041.55762  0.089075774
  8052.45166  0.12207216
  8063.36035  0.0101999063
  8074.28418 -0.161095783
  8085.22217 -0.0231203008
  8096.17578 -0.557054162
  8107.14355  0.027262805
  8118.12646  0.264422148
  8129.12451  0.114893764
  8140.13721 -0.0662597567
  8151.16455 -0.181076482
  8162.20703 -0.350838333
  8173.26465 -0.0610229559
  8184.33691  0.182294279
  8195.4248 -0.424111307
  8206.52734 -0.311410338
  8217.64453  0.127243459
  8228.77734 -0.149806485
  8239.9248 -0.168805793
  8251.08789 -0.282272696
  8262.26562  0.0859756768
  8273.45898 -0.541908264
  8284.66699  1.04713416
  8295.89062  0.246292412
  8307.12891 -0.568867505
  8318.38281 -0.758251429
  8329.65234 -0.408661693
  8340.93652  0.17998375
  8352.23633 -0.10275723
  8363.55078 -0.337110281
  8374.88086 -0.501183033
  8386.22656  0.148221195
  8397.58789  0.378784448
  8408.96387  0.699496567
  8420.35547  0.667339504
  8431.7627 -0.301651508
  8443.18555  0.566359341
  8454.62402  0.513808966
  8466.07715  0.122761361
  8477.54688  0.0714778528
  8489.03223  0.299148887
  8500.53223  0.825651526
  8512.04785  0.605724573
  8523.5791  0.132318333
  8535.12598 -0.0175054725
  8546.68848  0.234518304
  8558.26758 -0.0965024158
  8569.86133  0.0449036919
  8581.4707  0.157728732
  8593.09668 -0.0222130176
  8604.7373  0.113497496
  8616.39453 -0.303403437
  8628.06738 -0.0463821515
  8639.75684  0.0542927608
  8651.45996  0.167806625
  8663.18066 -0.286887884
  8674.91699 -0.0272003934
  8686.66992 -0.0941354409
  8698.4375 -0.0548797287
  8710.2207 -0.177665606
  8722.02051 -0.101795301
  8733.83691 -0.0499750935
  8745.66895 -0.0301208142
  8757.5166 -0.00548218889
  8769.38086 -0.0772667453
  8781.26074 -0.0411947966
  8793.15723 -0.0304316729
  8805.06934 -0.0478231795
  8816.99707  0.0096913334
  8828.94238  0.0179096647
  8840.90332 -0.0146883903
  8852.87988 -0.00425202725
  8864.87305 -0.00217015343
  8876.88281  0.000476544519
  8888.9082  0.000620189996
  8900.9502  0.
  8913.00879  0.
