# Template No. 1: sn99ee (Ia-norm; +7) ; z= 0.528 +/- 0.005
#redshifted_wavelength[A] flux[arbitraty]
  4337.41211 -0.0217042379
  4343.28857 -0.0217040032
  4349.17188 -0.0217097439
  4355.06396 -0.0217191838
  4360.96387 -0.0217296351
  4366.87158 -0.0217393376
  4372.7876 -0.0217483584
  4378.71143 -0.0217584986
  4384.64355 -0.0217725914
  4390.5835 -0.0217930693
  4396.53125 -0.021820819
  4402.48779 -0.0218547136
  4408.45166 -0.0218916703
  4414.42383 -0.021928126
  4420.4043 -0.0219611228
  4426.39258 -0.0219898038
  4432.38916 -0.022015661
  4438.39404 -0.022042213
  4444.40674 -0.0220736042
  4450.42725 -0.022113286
  4456.45654 -0.0221625939
  4462.49365 -0.0222202316
  4468.53955 -0.0222826786
  4474.59277 -0.0223455131
  4480.65479 -0.0224049445
  4486.72461 -0.0224590283
  4492.80273 -0.0225083716
  4498.88965 -0.0225558355
  4504.98438 -0.0226054378
  4511.08691 -0.0226609781
  4517.19824 -0.022724621
  4523.31787 -0.0227963775
  4529.4458 -0.02287402
  4535.58203 -0.0229542218
  4541.72607 -0.0230334066
  4547.87939 -0.023109328
  4554.04004 -0.0231814701
  4560.20947 -0.0232511479
  4566.3877 -0.0233208872
  4572.57373 -0.0233934261
  4578.76807 -0.023470724
  4584.97119 -0.0235534087
  4591.18262 -0.0236406438
  4597.40234 -0.0237305034
  4603.63037 -0.0238209106
  4609.86719 -0.0239101723
  4616.1123 -0.0239975061
  4622.36572 -0.024083361
  4628.62793 -0.0241689105
  4634.89844 -0.0242556371
  4641.17725 -0.0243446566
  4647.46484 -0.0244366825
  4653.76074 -0.0245314091
  4660.06543 -0.02462814
  4666.37793 -0.0247255713
  4672.7002 -0.0248227343
  4679.03027 -0.0249185935
  4685.36914 -0.0250129327
  4691.71631 -0.0251058191
  4698.07227 -0.0251979828
  4704.43701 -0.0252904072
  4710.81006 -0.0253842957
  4717.19189 -0.0254806764
  4723.58252 -0.0255800858
  4729.98145 -0.0256824009
  4736.38965 -0.0257864259
  4742.80566 -0.0258901212
  4749.23096 -0.0259911474
  4755.66504 -0.0260872897
  4762.10742 -0.0261774659
  4768.55859 -0.0262624417
  4775.01904 -0.0263448004
  4781.48779 -0.0264286287
  4787.96533 -0.0265181176
  4794.45166 -0.0266162809
  4800.94629 -0.0267233159
  4807.45068 -0.0268360358
  4813.96338 -0.0269483328
  4820.48486 -0.0270528179
  4827.01562 -0.027143307
  4833.55469 -0.0272171684
  4840.10303 -0.0272770636
  4846.65967 -0.027330704
  4853.22559 -0.0273889154
  4859.80029 -0.0274621285
  4866.38379 -0.0275565609
  4872.97656 -0.0276713073
  4879.57764 -0.0277975723
  4886.18848 -0.027920749
  4892.80811 -0.0280248225
  4899.43652 -0.0280979052
  4906.07373 -0.0281370915
  4912.72021 -0.0281504765
  4919.37549 -0.0281557962
  4926.04004 -0.0281750523
  4932.71338 -0.0282273516
  4939.39551 -0.0283216722
  4946.08691 -0.0284523107
  4952.78809 -0.0285994448
  4959.49707 -0.0287346281
  4966.21631 -0.0288296118
  4972.94385 -0.0288667381
  4979.68115 -0.0288460646
  4986.42676 -0.0287874453
  4993.18213 -0.0287251715
  4999.94678 -0.0286976658
  5006.72021 -0.0287338514
  5013.50293 -0.0288422219
  5020.29443 -0.0290055424
  5027.0957 -0.0291844048
  5033.90576 -0.0293291025
  5040.72559 -0.0293962713
  5047.5542 -0.0293649826
  5054.39258 -0.0292463675
  5061.23975 -0.0290830806
  5068.09619 -0.0289370157
  5074.9624 -0.0288692154
  5081.8374 -0.0289175212
  5088.72168 -0.0290805306
  5095.61523 -0.0293135941
  5102.51855 -0.02953998
  5109.43115 -0.0296750031
  5116.35303 -0.0296559967
  5123.28418 -0.0294682421
  5130.22461 -0.0291569605
  5137.1748 -0.0288197938
  5144.13428 -0.0285794139
  5151.10352 -0.0285433531
  5158.08105 -0.0287632346
  5165.06934 -0.0292074271
  5172.06641 -0.0297578927
  5179.07324 -0.0302362703
  5186.08936 -0.0304532349
  5193.11523 -0.030268332
  5200.1499 -0.0296412706
  5207.19482 -0.0286551081
  5214.24951 -0.0274988934
  5221.31299 -0.0264075957
  5228.38672 -0.0255709663
  5235.46924 -0.0250322856
  5242.56201 -0.0246060491
  5249.66455 -0.0238408204
  5256.77637 -0.0220439918
  5263.89746 -0.0183710512
  5271.02881 -0.011963035
  5278.16943 -0.0021043364
  5285.32031  0.0116382018
  5292.47998  0.0293284804
  5299.6499  0.0506522097
  5306.82959  0.074990876
  5314.01855  0.101563968
  5321.21777  0.129607037
  5328.42627  0.158542395
  5335.64502  0.188098788
  5342.87305  0.218347549
  5350.11133  0.249642402
  5357.35938  0.282472551
  5364.61719  0.317260832
  5371.88477  0.354154199
  5379.16162  0.392858446
  5386.44922  0.432562113
  5393.74658  0.471978337
  5401.05322  0.509505749
  5408.37061  0.54348743
  5415.69727  0.572520554
  5423.03369  0.595754862
  5430.38086  0.613114536
  5437.73682  0.625388563
  5445.104  0.634153187
  5452.47998  0.641522229
  5459.86719  0.649751186
  5467.26318  0.66075635
  5474.67041  0.675628185
  5482.08643  0.694232345
  5489.51367  0.714982629
  5496.9502  0.734847426
  5504.39697  0.749614239
  5511.854  0.75439167
  5519.3208  0.744281054
  5526.79834  0.715115666
  5534.28516  0.664143085
  5541.78271  0.590531588
  5549.29004  0.49560529
  5556.80811  0.382761598
  5564.33594  0.257077008
  5571.87402  0.12467134
  5579.42236 -0.00806146115
  5586.98096 -0.135219678
  5594.5498 -0.252029687
  5602.12891 -0.355248719
  5609.71826 -0.443286806
  5617.31787 -0.516056836
  5624.92773 -0.574616015
  5632.54785 -0.620694518
  5640.17871 -0.65622282
  5647.81934 -0.682955146
  5655.47021 -0.702247858
  5663.13232 -0.715007603
  5670.8042 -0.721781969
  5678.48633 -0.722929716
  5686.1792 -0.718800306
  5693.88232 -0.709858418
  5701.59619 -0.696720362
  5709.31982 -0.680098891
  5717.0542 -0.660688639
  5724.79932 -0.639038682
  5732.55518 -0.615465522
  5740.3208 -0.590038478
  5748.09717 -0.562648118
  5755.88477 -0.533135295
  5763.68213 -0.501438439
  5771.49023 -0.467707962
  5779.30908 -0.432345957
  5787.13867 -0.395951778
  5794.97852 -0.359184891
  5802.8291 -0.322583199
  5810.69043 -0.286390752
  5818.56201 -0.250451446
  5826.44482 -0.214206308
  5834.33789 -0.176805675
  5842.2417 -0.137313873
  5850.15625 -0.0949590877
  5858.08154 -0.0493669696
  5866.01758 -0.000720031559
  5873.96436  0.0501960963
  5881.92236  0.102066614
  5889.89014  0.153222159
  5897.86963  0.201867566
  5905.85938  0.246310309
  5913.86035  0.285139233
  5921.87207  0.31732282
  5929.89453  0.342222869
  5937.92773  0.359543502
  5945.97217  0.369251847
  5954.02734  0.371506512
  5962.09326  0.366626918
  5970.17041  0.355107605
  5978.25781  0.337666482
  5986.35693  0.315293729
  5994.46631  0.289265096
  6002.58789  0.261085838
  6010.71924  0.232355773
  6018.8623  0.204566509
  6027.01611  0.178870469
  6035.18066  0.155876189
  6043.35693  0.135527328
  6051.54395  0.117109329
  6059.74219  0.0994021073
  6067.95166  0.0809607282
  6076.17188  0.0604761019
  6084.40332  0.0371412002
  6092.646  0.010942623
  6100.8999 -0.0171938837
  6109.16504 -0.0454470888
  6117.44141 -0.0713375881
  6125.72852 -0.0921231732
  6134.02686 -0.105280273
  6142.33691 -0.108979322
  6150.6582 -0.102459773
  6158.99072 -0.086228624
  6167.33447 -0.0620402247
  6175.68896 -0.032657966
  6184.05566 -0.0014423579
  6192.43311  0.0281567797
  6200.82227  0.0531078726
  6209.22266  0.0712117776
  6217.63428  0.0813504383
  6226.05762  0.083534278
  6234.4917  0.0787547231
  6242.93799  0.0686879456
  6251.39551  0.0553221107
  6259.86426  0.0405915156
  6268.34473  0.0260908231
  6276.83643  0.0129164904
  6285.34033  0.0016483143
  6293.85498 -0.0075519383
  6302.38135 -0.014774695
  6310.91943 -0.0201901421
  6319.46875 -0.0239242539
  6328.02979 -0.0260175094
  6336.60254 -0.0264702942
  6345.18701 -0.0253490601
  6353.7832 -0.0229081418
  6362.39062 -0.0196748804
  6371.00977 -0.0164581761
  6379.64062 -0.0142632499
  6388.2832 -0.014127125
  6396.9375 -0.0169156715
  6405.60352 -0.023138538
  6414.28125 -0.0328372791
  6422.97119 -0.0455835722
  6431.67236 -0.0605940968
  6440.38525 -0.0769358948
  6449.11035 -0.0937674046
  6457.84717 -0.110549606
  6466.5957 -0.127167284
  6475.35596 -0.143925205
  6484.12842 -0.161417738
  6492.9126 -0.180306479
  6501.7085 -0.201067656
  6510.5166 -0.223779231
  6519.33643 -0.248006925
  6528.16846 -0.27282241
  6537.01221 -0.29694888
  6545.86816 -0.318995565
  6554.73584 -0.337717742
  6563.61572 -0.352236152
  6572.50732 -0.362160414
  6581.41162 -0.367592365
  6590.32715 -0.369017988
  6599.25586 -0.367127925
  6608.19531 -0.362624168
  6617.14795 -0.356069028
  6626.1123 -0.347815752
  6635.08887 -0.338031113
  6644.07764 -0.32679069
  6653.07812 -0.31420216
  6662.09131 -0.300506562
  6671.1167 -0.286113322
  6680.1543 -0.271548629
  6689.2041 -0.257325292
  6698.26611 -0.24377203
  6707.34033 -0.230872557
  6716.42676 -0.2181696
  6725.52588 -0.204770297
  6734.63672 -0.189464316
  6743.76025 -0.170933858
  6752.89648 -0.148009613
  6762.04492 -0.11991255
  6771.20508 -0.086425662
  6780.37842 -0.0479567535
  6789.56396 -0.0054802848
  6798.76172  0.0396239758
  6807.97217  0.0857932568
  6817.19531  0.131512865
  6826.43066  0.175505102
  6835.67871  0.21684204
  6844.93896  0.25496608
  6854.21191  0.28963086
  6863.49707  0.320789635
  6872.79541  0.348468959
  6882.10596  0.37266326
  6891.42969  0.393275768
  6900.76562  0.410117209
  6910.11426  0.42295748
  6919.47559  0.431610882
  6928.84912  0.436031401
  6938.23584  0.436392337
  6947.63525  0.433128566
  6957.04736  0.426927805
  6966.47217  0.418665797
  6975.91016  0.409292579
  6985.36035  0.399681538
  6994.82373  0.390465707
  7004.2998  0.381886393
  7013.78857  0.373687625
  7023.29004  0.365083456
  7032.80469  0.354821354
  7042.33252  0.341348469
  7051.87256  0.323072016
  7061.42627  0.298677713
  7070.99219  0.267456979
  7080.57129  0.229574472
  7090.16357  0.186213046
  7099.76904  0.13954328
  7109.38721  0.0924971923
  7119.01855  0.0483634174
  7128.6626  0.010261504
  7138.31982 -0.0194119271
  7147.99023 -0.0394557491
  7157.67383 -0.0501520447
  7167.37061 -0.0532932431
  7177.08008 -0.0519213751
  7186.80322 -0.0498095043
  7196.53955 -0.0507714003
  7206.28857 -0.0579265505
  7216.05127 -0.0730632544
  7225.82666 -0.0962296128
  7235.61572 -0.125642329
  7245.41797 -0.157943442
  7255.2334 -0.188765943
  7265.0625 -0.213509664
  7274.9043 -0.228184626
  7284.75977 -0.230165705
  7294.62891 -0.218717322
  7304.51074 -0.195189178
  7314.40625 -0.162846163
  7324.31543 -0.126363426
  7334.23779 -0.0910782516
  7344.17383 -0.0621331669
  7354.12256 -0.043663308
  7364.08545 -0.0381691642
  7374.06201 -0.0461791307
  7384.05176 -0.0662522092
  7394.05469 -0.0953069404
  7404.07178 -0.129206479
  7414.10254 -0.163483381
  7424.14648 -0.194068804
  7434.2041 -0.21789512
  7444.27539 -0.233270913
  7454.35986 -0.239977553
  7464.45898 -0.239090562
  7474.57129 -0.232585669
  7484.69678 -0.222827286
  7494.83691 -0.212055147
  7504.99023 -0.201976389
  7515.15723 -0.193539113
  7525.33838 -0.186917275
  7535.53271 -0.181684151
  7545.7417 -0.177109569
  7555.96387 -0.172489703
  7566.2002 -0.167416528
  7576.4502 -0.161916673
  7586.71387 -0.156428173
  7596.9917 -0.151631057
  7607.28369 -0.148187086
  7617.58936 -0.146469444
  7627.90918 -0.146364883
  7638.24268 -0.147207528
  7648.59033 -0.147865713
  7658.95215 -0.146961033
  7669.32812 -0.143156096
  7679.71729 -0.135433078
  7690.12158 -0.123285085
  7700.54004 -0.106770098
  7710.97217 -0.086418055
  7721.41797 -0.0630258694
  7731.87842 -0.0374083668
  7742.35254 -0.0101866517
  7752.8418  0.0183169637
  7763.34424  0.0480421111
  7773.86182  0.0790241137
  7784.39355  0.111154363
  7794.93848  0.143952802
  7805.49902  0.176441461
  7816.07324  0.207183689
  7826.66113  0.2345054
  7837.26416  0.25685668
  7847.88135  0.273223341
  7858.51318  0.283469409
  7869.15918  0.288495988
  7879.81982  0.290141791
  7890.49512  0.2908144
  7901.18408  0.292916417
  7911.88867  0.298193663
  7922.60645  0.307167858
  7933.33936  0.318809927
  7944.0874  0.330563724
  7954.84912  0.338750243
  7965.62549  0.339289159
  7976.4165  0.328592032
  7987.22266  0.304431558
  7998.04297  0.266581416
  8008.87842  0.217068821
  8019.72754  0.15996401
  8030.59229  0.100733109
  8041.47168  0.0452839583
  8052.36523 -0.00109383231
  8063.27441 -0.0346677899
  8074.19775 -0.0538799092
  8085.13574 -0.0595126823
  8096.08887 -0.0543792322
  8107.05762 -0.0426170975
  8118.03955 -0.0287552811
  8129.03711 -0.016768083
  8140.05029 -0.00932741724
  8151.07812 -0.00741028925
  8162.12012 -0.0103315832
  8173.17725 -0.0161695927
  8184.24951 -0.0224610418
  8195.33691 -0.0269821752
  8206.43945 -0.0284203738
  8217.55762 -0.0267726928
  8228.68945 -0.0233785212
  8239.83691 -0.0205859076
  8251. -0.0211392529
  8262.17773 -0.0274412651
  8273.37012 -0.0408706516
  8284.57812 -0.0613199621
  8295.80176 -0.0870643854
  8307.04102 -0.114993274
  8318.29395 -0.141152501
  8329.5625 -0.161474913
  8340.84766 -0.172540098
  8352.14648 -0.172199667
  8363.46191 -0.159943029
  8374.79199 -0.13693893
  8386.1377 -0.105762109
  8397.49805 -0.0698807612
  8408.875 -0.0330265164
  8420.26562  0.00141788926
  8431.67285  0.030893201
  8443.0957  0.0539238974
  8454.5332  0.0701418445
  8465.9873  0.0801051185
  8477.45605  0.0849847049
  8488.94141  0.086208649
  8500.44141  0.0851486549
  8511.95703  0.0829072818
  8523.48828  0.0802286193
  8535.03516  0.0775192976
  8546.59668  0.0749408603
  8558.17578  0.072522901
  8569.76953  0.0702548847
  8581.37891  0.0681302249
  8593.00488  0.0661409423
  8604.64551  0.0642402992
  8616.30273  0.0623024032
  8627.97559  0.0601051599
  8639.66309  0.0573523417
  8651.36816  0.0537327677
  8663.08789  0.0489985421
  8674.82422  0.043036174
  8686.57715  0.0359056443
  8698.34375  0.0278332271
  8710.12793  0.0191619061
  8721.92773  0.0102780629
  8733.74316  0.00154355634
  8745.57617 -0.00673956145
  8757.42285 -0.0143163037
  8769.28711 -0.0209222157
  8781.16699 -0.02620597
  8793.0625 -0.029667655
  8804.97559 -0.0306496024
  8816.90332 -0.0284036826
  8828.84766 -0.0222349521
  8840.80859 -0.0116942823
  8852.78516  0.00322943553
  8864.77832  0.0219770521
  8876.78809  0.0433963984
  8888.81348  0.06585484
  8900.85547  0.0874765888
  8912.91309  0.106458806
