Object;type;ntemp;fraction;slope;redshift;redshift_error;age;age_error;avg_rlap;wmode;wmode_agreement
T2m3ws-20210914.162000-0184.p12_SN;Ib-norm;1;1.0;0.0;0.0566;0.0;40.1;0.0;5.19;1.0;True
T2m3ws-20211008.175054-0082.p12_SN;Ia-norm;66;0.54;0.0461;0.0453;0.0022;27.15;5.25;6.244696969696969;0.539661132352171;True
T2m3ws-20210914.183939-0190.p12_SN;M-star;2;1.0;0.0;0.062;0.0004;0.0;0.0;5.449999999999999;1.0;True
T2m3ws-20210922.174228-0010.p12_SN;Ia-norm;360;0.87;-0.0155;0.036;0.0052;-0.05;4.877;6.821555555555556;0.8746238144590585;True
T2m3ws-20210922.150706-0003.p12_SN;IIP;16;0.55;0.3483;0.0309;0.0011;239.8;86.332;5.95625;0.5779610649523924;True
T2m3ws-20211214.124728-0063.p12_SN;Ia-norm;565;0.76;0.0142;0.0456;0.0049;12.8;22.53;8.64679646017699;0.7921650019457777;True
T2m3ws-20221104.110100-0036.p12_SN;Ia-norm;93;0.91;0.0882;0.0326;0.0073;-0.2;5.738;5.5132258064516115;0.9114551854090377;True
T2m3ws-20220917.182413-0251.p12_SN;Ia-91T;31;0.5;0.0692;0.0656;0.0024;-2.1;4.744;5.966129032258066;0.5055626930541508;True
T2m3ws-20220718.104325-0330.p12_SN;Ic-broad;4;0.29;0.2143;0.029;0.0025;11.15;3.156;5.415;0.28612945838837517;True
T2m3ws-20220509.160759-0079.p12_SN;Ia-norm;642;0.82;0.0489;0.3824;0.0053;1.25;16.397;2.379626168224299;0.8489785938159912;True
OBK-93376-WiFeS-Splice-UT20221013T122240-8.p12_SN;Ia-norm;120;0.81;0.0379;0.2735;0.0034;15.4;40.926;5.983083333333334;0.8107433630317198;True
T2m3ws-20210915.180232-0377.p12_SN;IIP;41;0.82;0.0502;0.0361;0.0043;32.1;31.635;6.619268292682927;0.8502725734695157;True
T2m3ws-20210922.162607-0006.p12_SN;Ia-norm;797;0.94;0.0063;0.0462;0.006;-0.9;5.063;7.731053952321205;0.9518502040677611;True
OBK-11872-WiFeS-Splice-UT20220614T112712-2.p12_SN;Ia-norm;10;0.67;0.1573;0.0786;0.0091;2.45;6.136;5.806;0.6722241519045965;True
T2m3ws-20210916.162835-0478.p12_SN;Ia-norm;37;0.95;0.0513;0.0574;0.0052;-2.7;3.805;5.482972972972973;0.9494992043433492;True
T2m3ws-20210915.185046-0379.p12_SN;Ia-norm;807;0.93;0.0047;0.0393;0.0069;-1.0;5.187;7.709293680297398;0.9386697727331021;True
T2m3ws-20220817.153815-0038.p12_SN;Ia-norm;257;0.86;0.0116;0.0807;0.0061;4.2;5.072;6.026342412451362;0.860896488087959;True
T2m3ws-20230106.103716-0035.p12_SN;Ia-norm;589;0.91;0.0116;0.0169;0.0057;-1.2;4.788;7.3443633276740234;0.9192510550764798;True
T2m3ws-20210915.170157-0375.p12_SN;Ia-norm;284;0.86;0.0177;0.07;0.0061;6.8;5.813;6.205669014084506;0.8651818324627891;True
T2m3ws-20210919.181217-0138.p12_SN;Gal;4;0.67;0.0;0.026;0.0004;0.0;0.0;5.8075;0.6874815034033738;True
T2m3ws-20220502.145631-0027.p12_SN;IIP;9;1.0;0.0;0.0372;0.0025;-1.7;2.8;6.535555555555556;1.0;True
T2m3ws-20210926.131058-0069.p12_SN;Ic-norm;1;1.0;0.0;0.504;0.0;71.5;0.0;5.68;1.0;True
T2m3ws-20220912.134431-0062.p12_SN;IIn;11;0.48;-0.1925;0.0473;0.0067;325.0;90.554;5.491818181818182;0.462486602357985;True
T2m3ws-20211114.131522-0056.p12_SN;Ia-91T;2;0.29;0.117;0.8383;0.001;-11.2;0.707;10.24;0.400234512409615;True
T2m3ws-20211114.114217-0053.p12_SN;Ia-norm;433;0.76;-0.0078;0.0651;0.0048;9.4;10.479;6.507528868360278;0.7617564604774766;True
T2m3ws-20220426.103050-0024.p12_SN;Gal;1;1.0;0.0;0.0298;0.0;0.0;0.0;5.14;1.0;True
T2m3ws-20210914.175245-0188.p12_SN;Ia-norm;6;0.67;0.3333;0.0671;0.0091;-0.35;7.402;5.5249999999999995;0.6811177316622149;True
T2m3ws-20220623.172702-0094.p12_SN;Ia-norm;690;0.92;0.0092;0.0277;0.0056;-1.5;4.701;7.281782608695653;0.9266011732747126;True
T2m3ws-20211114.171319-0065.p12_SN;Ia-norm;4;0.5;0.2857;0.0664;0.0106;-5.65;6.439;5.745;0.5263398992212552;True
T2m3ws-20220919.091424-0028.p12_SN;Ia-norm;276;0.97;0.0019;0.0332;0.0065;-2.25;4.567;6.320579710144927;0.9760803030387807;True
T2m3ws-20220820.162335-0144.p12_SN;Ia-norm;81;0.94;0.0244;0.0734;0.0058;-0.3;4.86;5.917283950617283;0.9448058348117485;True
T2m3ws-20211025.161147-0116.p12_SN;Ia-norm;32;0.59;-0.0387;0.0511;0.0025;25.8;6.287;6.634062500000001;0.6147987257457284;True
T2m3ws-20210926.161749-0076.p12_SN;IIP;10;0.28;0.1253;0.1836;0.0044;-1.65;1.785;2.5730000000000004;0.38896447467876033;True
T2m3ws-20211017.154844-0100.p12_SN;IIb;10;0.43;0.1866;0.0194;0.0024;4.6;6.81;6.317;0.4509244057391676;True
T2m3ws-20211009.165150-0126.p12_SN;Ia-norm;270;0.68;0.0528;0.0514;0.0043;14.95;14.252;6.062333333333333;0.6820153417305905;True
T2m3ws-20211115.125303-0067.p12_SN;Ic-norm;2;0.67;0.3333;0.8422;0.0011;2.6;0.0;5.965;0.6860264519838988;True
T2m3ws-20220709.152359-0515.p12_SN;Ia-norm;267;0.86;0.0204;0.0236;0.0052;-0.7;4.699;6.342846441947565;0.8534826409712387;True
T2m3ws-20220817.141216-0035.p12_SN;Ia-norm;768;0.85;0.0077;0.0772;0.0064;5.3;7.371;8.145351562499998;0.8688724962533212;True
T2m3ws-20220715.161805-0150.p12_SN;Ia-norm;411;0.94;0.0126;0.0072;0.0056;-2.9;4.372;6.648588807785887;0.94488186253661;True
OBK-14880-WiFeS-Splice-UT20220615T162852-5.p12_SN;Ic-broad;2;1.0;0.0;0.4813;0.0007;-11.35;0.636;5.25;1.0;True
T2m3ws-20211026.131800-0059.p12_SN;Ia-norm;127;0.5;-0.0632;0.0706;0.0062;-2.1;5.251;6.337401574803148;0.46228382049706207;True
T2m3ws-20211027.130833-0058.p12_SN;Ia-norm;58;0.63;0.0458;0.0754;0.0054;2.8;3.9;5.84603448275862;0.6313329733554286;True
T2m3ws-20220913.164125-0160.p12_SN;Ia-norm;284;0.85;-0.0326;0.0712;0.0046;-0.6;4.299;6.370985915492957;0.8331460777632476;True
T2m3ws-20211115.111210-0063.p12_SN;Ia-norm;43;0.93;0.0652;0.6089;0.0084;22.3;17.335;5.33813953488372;0.934989816700611;True
T2m3ws-20211025.173637-0119.p12_SN;Ia-norm;103;0.85;0.0408;0.0657;0.0082;-1.3;6.044;6.19631067961165;0.8587921847246891;True
OBK-112832-WiFeS-Splice-UT20221010T114426-8.p12_SN;Ia-norm;513;0.9;0.0202;0.0235;0.0054;-1.3;4.528;6.811676413255361;0.9081102292631459;True
T2m3ws-20211115.143731-0071.p12_SN;Ia-norm;501;0.9;0.0158;0.0261;0.0057;-1.1;4.777;7.200419161676646;0.9106562694852486;True
T2m3ws-20211026.144018-0062.p12_SN;Ia-norm;633;0.9;0.008;0.0659;0.0058;-1.5;4.624;7.85434439178515;0.9117349333959275;True
T2m3ws-20211211.122308-0068.p12_SN;II-pec;94;0.43;-0.0441;0.0056;0.0008;311.9;184.958;6.988085106382978;0.40882526839894195;True
T2m3ws-20211016.171517-0119.p12_SN;Ia-norm;854;0.93;0.0094;0.0637;0.0058;0.2;5.139;7.804156908665106;0.9432940810145214;True
OBK-6592-WiFeS-Blue-UT20211118T103849-4.p12_SN;Ia-norm;593;0.9;-0.0466;0.0771;0.0058;-0.6;4.621;6.766306913996628;0.9051476576229052;True
T2m3ws-20220625.193305-0172.p12_SN;Ia-norm;24;0.37;0.035;0.018;0.0021;54.8;10.867;6.110833333333333;0.3846819672131147;True
T2m3ws-20211211.140637-0072.p12_SN;Ia-norm;774;0.87;0.0006;0.055;0.0057;-0.9;4.904;8.75624031007752;0.8740983116033899;True
T2m3ws-20211024.160134-0093.p12_SN;II-pec;13;0.76;0.2353;0.0389;0.006;-78.5;2.071;5.649230769230769;0.7730526315789474;True
T2m3ws-20210926.145254-0073.p12_SN;Ia-pec;5;0.38;0.1154;0.042;0.0044;-6.3;2.671;5.504;0.3850566671330627;True
T2m3ws-20211026.115233-0056.p12_SN;Ic-norm;1;0.5;0.0;0.0867;0.0;0.0;0.0;5.06;0.5004945598417408;True
T2m3ws-20220817.165359-0041.p12_SN;Ia-norm;2;1.0;0.0;0.2487;0.0002;3.55;0.354;5.3149999999999995;1.0;True
T2m3ws-20211220.130256-0059.p12_SN;Ia-norm;196;0.6;0.0522;0.0426;0.0049;18.0;11.695;5.679285714285713;0.5992742855912311;True
T2m3ws-20220426.123220-0026.p12_SN;Ia-norm;34;0.55;-0.1022;0.0287;0.0088;21.3;13.969;5.532058823529413;0.5353656106794182;True
T2m3ws-20220807.104858-0027.p12_SN;Ia-norm;332;0.98;0.0032;0.0008;0.0048;-0.2;5.561;6.545632530120481;0.9792625170671918;True
T2m3ws-20220913.153839-0158.p12_SN;Ia-norm;42;0.84;0.0;0.04;0.0068;2.05;7.161;5.378333333333333;0.8417738028693871;True
T2m3ws-20210914.143914-0180.p12_SN;Ia-norm;3;0.6;0.0;0.1072;0.0034;-4.1;1.68;5.196666666666666;0.5867519759126835;True
T2m3ws-20210914.170537-0186.p12_SN;Ia-norm;60;0.92;0.0484;0.0314;0.006;-1.6;4.815;5.6505;0.9264127227019346;True
T2m3ws-20211114.144003-0059.p12_SN;Ia-91bg;42;0.67;0.0868;0.0501;0.0072;3.8;5.625;6.842380952380952;0.7166940994563319;True
OBK-11968-WiFeS-Splice-UT20220613T192020-4.p12_SN;Ia-norm;1196;0.69;-0.0527;0.1826;0.0093;6.5;33.489;2.133996655518395;0.6947174731409628;True
T2m3ws-20220428.155027-0033.p12_SN;IIb;1;0.5;0.0;0.0567;0.0;-16.9;0.0;5.07;0.5014836795252227;True
T2m3ws-20210922.155908-0005.p12_SN;Ia-norm;127;0.91;0.008;0.067;0.0079;-4.6;4.217;6.679448818897637;0.919894595297996;True
OBK-14848-WiFeS-Splice-UT20220615T171540-1.p12_SN;Ia-91T;106;0.46;0.1264;0.0455;0.0049;-4.65;5.784;6.800188679245283;0.4969972765194609;True
T2m3ws-20211007.173121-0040.p12_SN;Ia-91bg;37;0.86;0.0621;0.0437;0.0057;-1.4;4.413;5.997837837837838;0.8731507711677684;True
T2m3ws-20210922.165306-0008.p12_SN;Ia-norm;837;0.93;0.0059;0.0474;0.006;-0.4;5.169;7.861230585424134;0.9436263613339567;True
T2m3ws-20220912.124224-0060.p12_SN;Ia-norm;550;0.9;0.0139;0.0176;0.0062;-1.4;4.798;7.075854545454544;0.9064910078100797;True
T2m3ws-20220716.124920-0226.p12_SN;Ia-norm;1;1.0;0.0;0.0223;0.0;19.1;0.0;5.02;1.0;True
T2m3ws-20210914.110126-0157.p12_SN;Ia-norm;191;0.95;0.0175;0.0437;0.0062;-2.2;4.741;6.005130890052356;0.9569410724267682;True
OBK-12032-WiFeS-Splice-UT20220614T122234-1.p12_SN;IIP;9;0.69;0.3077;0.0875;0.0032;20.1;8.521;5.71;0.7060035719192198;True
T2m3ws-20220905.185818-0048.p12_SN;Ia-norm;12;0.86;0.0;0.0724;0.0043;-1.9;3.215;5.392499999999999;0.8378868315421468;True
