3507.3259927140257 0.07885999242519884
3517.3379781420767 1.3469890165383158
3527.349963570128 1.2670748642848124
3537.361948998179 -1.1133064007069815
3547.3739344262294 -0.7565963893447798
3557.3859198542805 2.258490089635147
3567.3979052823315 -0.4205213988132811
3577.4098907103826 2.2525564953919957
3587.4218761384336 -0.7567857593738164
3597.4338615664847 -0.8822749652821613
3607.4458469945357 0.38466733998232544
3617.4578324225868 0.6754197702310315
3627.469817850638 -1.0631612170180533
3637.481803278689 0.6330008837268021
3647.49378870674 1.7480747380381263
3657.505774134791 0.9303749526574927
3667.5177595628415 0.9242519883853049
3677.5297449908926 1.6323696502966796
3687.5417304189436 1.0122459285443757
3697.5537158469947 1.2255397045827547
3707.5657012750457 1.8643479358666835
3717.577686703097 1.1697386693599292
3727.589672131148 0.35965787148087364
3737.601657559199 1.9960863527332406
3747.6136429872495 2.142153768463578
3757.6256284153005 0.3172737028153011
3767.6376138433516 1.0841434162353238
3777.6495992714026 -0.15545385683625804
3787.6615846994537 0.89067036990279
3797.6735701275047 0.5880949375078904
3807.6855555555558 -0.10970205782098219
3817.697540983607 1.0652695366746623
3827.709526411658 1.1549046837520514
3837.721511839709 0.949185708875142
3847.73349726776 1.2072970584522156
3857.745482695811 1.2344400959474813
3867.7574681238616 1.4532887261709377
3877.7694535519126 1.3822118419391491
3887.7814389799637 0.5854784749400328
3897.7934244080147 2.0599671758616336
3907.805409836066 1.2546395657114
3917.817395264117 1.5086478979926776
3927.829380692168 1.2262971846989017
3937.8413661202185 0.3885241762403737
3947.8533515482695 1.3922484534780961
3957.8653369763206 0.7203635904557505
3967.8773224043716 0.3745991667718722
3977.8893078324227 0.4557757858856205
3987.9012932604737 1.128582249715945
3997.9132786885248 1.1117283171316754
4007.925264116576 1.5388839792955433
4017.937249544627 1.3171947986365358
4027.949234972678 1.1020073223077893
4037.961220400729 1.264108067163237
4047.97320582878 0.7652442873374573
4057.985191256831 1.088562050246181
4067.9971766848817 1.5744855447544501
4078.0091621129327 1.3708496401969448
4088.0211475409837 1.4280393889660397
4098.033132969035 0.8601817952278753
4108.045118397085 1.7903673778563312
4118.057103825136 1.3865673526069942
4128.0690892531875 1.1475192526196187
4138.0810746812385 1.075968943315238
4148.09306010929 1.5890670369902788
4158.105045537341 1.4225476581239742
4168.117030965392 1.346736523166267
4178.129016393443 0.8575937381643731
4188.141001821494 1.2382906198712282
4198.152987249545 1.27206160838278
4208.164972677596 1.2750915288473677
4218.176958105647 1.0133190253755837
4228.188943533698 1.3765938644110591
4238.200928961749 1.3421285191263728
4248.2129143898 0.883979295543492
4258.224899817851 1.3526069940664056
4268.236885245902 1.5543176366620375
4278.248870673953 1.3325968943315238
4288.260856102003 1.1117914404746876
4298.272841530054 1.561419012750915
4308.284826958105 1.633821487185961
4318.2968123861565 1.39628834743088
4328.3087978142075 1.0709506375457645
4338.320783242259 1.0058073475571265
4348.33276867031 1.0910869839666708
4358.344754098361 0.908344905946219
4368.356739526412 1.0461431637419518
4378.368724954463 1.1229011488448428
4388.380710382514 0.7997096326221436
4398.392695810565 1.127288221184194
4408.404681238616 1.3580356015654589
4418.416666666667 1.3050119934351723
4428.428652094718 1.4731094558767832
4438.440637522769 1.4300593359424314
4448.45262295082 1.143289988637798
4458.464608378871 1.5091528847367757
4468.476593806922 1.2399318267895467
4478.488579234973 1.412258553212978
4488.500564663024 1.6530741068046961
4498.512550091074 1.3447796995328871
4508.5245355191255 1.1655094053781088
4518.5365209471765 1.6112864537305895
4528.548506375228 1.283360686781972
4538.560491803279 1.3548794344148465
4548.57247723133 0.9068930690569372
4558.584462659381 1.4096073728064638
4568.596448087432 1.2211841939149097
4578.608433515483 1.1964398434541093
4588.620418943534 1.2352606994066406
4598.632404371585 1.2571013760888776
4608.644389799636 1.0954424946345158
4618.656375227687 1.473614442620881
4628.668360655738 1.404557505365484
4638.680346083789 1.2355763161217017
4648.69233151184 1.269757606362833
4658.704316939891 1.3364474182552708
4668.716302367941 1.379813154904684
4678.728287795992 1.4398434541093297
4688.740273224043 1.1225224087867693
4698.7522586520945 1.2230147708622647
4708.7642440801455 1.402726928418129
4718.776229508197 1.2398055801035222
4728.788214936248 1.2205529604847871
4738.800200364299 1.2376593864411058
4748.81218579235 1.3926271935361696
4758.824171220401 1.2342507259184445
4768.836156648452 1.4201489710895088
4778.848142076503 1.2159765181163995
4788.860127504554 1.1341371039010226
4798.872112932605 1.4719101123595504
4808.884098360656 1.2784370660270168
4818.896083788707 1.3557000378740058
4828.908069216758 1.365547279383916
4838.920054644809 1.1959348567100114
4848.93204007286 1.3047595000631234
4858.944025500911 1.1927155662163869
4868.956010928962 1.2603837899255144
4878.967996357013 1.3866935992930185
4888.979981785064 1.1425956318646635
4898.9919672131155 1.3496401969448302
4909.003952641166 1.036706223961621
4919.015938069217 1.3219921727054664
4929.027923497268 1.3045070066910744
4939.039908925319 1.2695997980053022
4949.05189435337 1.117535664688802
4959.063879781421 1.4417371543996969
4969.075865209472 1.4271556621638681
4979.087850637523 1.226928418129024
4989.099836065574 1.3688296932205528
4999.111821493625 1.338593611917687
5009.123806921676 1.3461052897361443
5019.135792349727 1.1923368261583134
5029.147777777778 1.4399065774523419
5039.159763205829 1.4266191137482638
5049.17174863388 1.2341876025754324
5059.183734061931 1.2461810377477591
5069.1957194899815 1.1938517863906073
5079.2077049180325 0.9900896351470774
5089.219690346084 1.259247569751294
5099.231675774135 1.274144678702184
5109.243661202186 1.083890922863275
5119.255646630237 1.2251609645246813
5129.267632058288 1.2007322307789419
5139.279617486339 1.4298068425703825
5149.29160291439 1.257480116146951
5159.303588342441 1.1874447670748642
5169.315573770492 1.209695745486681
5179.327559198543 1.4046206287084964
5189.339544626594 1.2309683120818078
5199.351530054645 1.4158565837646762
5209.363515482696 1.2616462567857594
5219.375500910747 1.1688549425577577
5229.387486338798 1.1811639944451457
5239.399471766849 0.9821360939275344
5249.4114571949 1.0681100871102134
5259.423442622951 1.1923999495013256
5269.435428051002 1.1761141270041662
5279.4474134790535 0.822118419391491
5289.4593989071045 1.1821424062618355
5299.471384335155 1.3105668476202499
5309.483369763206 1.2258553212978158
5319.495355191257 1.4597904305011995
5329.507340619308 1.1062997096326221
5339.519326047359 1.2406261835626815
5349.53131147541 1.0725287211210706
5359.543296903461 1.1262466860244917
5369.555282331512 1.1107183436434793
5379.567267759563 1.2609519000126246
5389.579253187614 1.1405125615452594
5399.591238615665 1.04469132685267
5409.603224043716 1.3119555611665192
5419.615209471767 0.9856710011362202
5429.627194899818 0.706097714934983
5439.639180327869 1.1814164878171947
5449.65116575592 1.1908849892690316
5459.6631511839705 1.0785254387072338
5469.675136612022 1.1769978538063375
5479.687122040073 1.1508647897992677
5489.699107468124 1.071644994318899
5499.711092896175 1.31422800151496
5509.723078324226 1.0114884484282287
5519.735063752277 1.0205150864789798
5529.747049180328 1.0509405378108825
5539.759034608379 1.2013634642090645
5549.77102003643 1.2563754576442367
5559.783005464481 1.0
5569.794990892532 1.020767579851029
5579.806976320583 1.0717712410049236
5589.818961748634 1.0023986870344654
5599.830947176685 1.125552329251357
5609.842932604736 0.9820729705845221
5619.854918032787 0.9842191642469384
5629.866903460838 1.1708748895341496
5639.878888888889 0.9467238984976645
5649.89087431694 0.9683752051508647
5659.9028597449915 1.0838277995202625
5669.9148451730425 1.1331271304128265
5679.926830601094 1.0517927029415477
5689.938816029145 0.9897740184320162
5699.950801457196 1.106994066405757
5709.962786885247 1.324138366367883
5719.974772313297 0.8505239237470016
5729.986757741348 1.1922105794722888
5739.998743169399 1.3204140891301603
5750.01072859745 1.2101376088877667
5760.022714025501 1.1966923368261582
5770.034699453552 1.1452468122711779
5780.046684881603 1.1821739679333416
5790.058670309654 0.9993687665698775
5800.070655737705 1.0795354121954297
5810.082641165756 1.2442242141143796
5820.094626593807 1.2498421916424693
5830.1066120218575 1.2213735639439465
5840.1185974499085 1.412195429869966
5850.13058287796 1.2555232925135715
5860.142568306011 1.0365484156040903
5870.154553734062 1.160648907966166
5880.166539162113 1.2141775028405504
5890.178524590164 1.0968312081807852
5900.190510018215 1.0566216386819844
5910.202495446266 1.048226234061356
5920.214480874317 1.2001009973488195
5930.226466302368 1.1236270672894837
5940.238451730419 1.2045196313596767
5950.25043715847 1.1770609771493499
5960.262422586521 1.095505617977528
5970.274408014572 1.1525059967175861
5980.286393442623 1.2588057063502083
5990.298378870674 1.2328620123721752
6000.310364298725 1.0543491983335436
6010.322349726776 1.0167908092412574
6020.334335154827 1.0594621891175355
6030.346320582878 1.0637545764423684
6040.3583060109295 1.1438580987249085
6050.3702914389805 1.226928418129024
6060.382276867032 1.2906829945713922
6070.394262295083 1.0579472288852416
6080.406247723134 0.9503219290493624
6090.418233151185 1.1297815932331776
6100.430218579236 1.001514960232294
6110.442204007286 0.978979926776922
6120.454189435337 0.9600429238732483
6130.466174863388 1.133253377098851
6140.478160291439 1.0170433026133063
6150.49014571949 1.0168539325842696
6160.502131147541 1.0217144299962126
6170.514116575592 1.0513824012119681
6180.526102003643 1.1428481252367124
6190.538087431694 1.1844464082817827
6200.550072859745 1.0094685014518368
6210.562058287796 1.143289988637798
6220.5740437158465 1.0219038000252494
6230.586029143898 1.027458654210327
6240.598014571949 1.0169801792702942
6250.61 0.9316374195177376
6260.621985428051 1.0555485418507764
6270.633970856102 1.0224719101123594
6280.645956284153 0.9507006691074359
6290.657941712204 0.9673021083196566
6300.669927140255 0.8645373058957202
6310.681912568306 0.9699532887261709
6320.693897996357 1.0922863274839034
6330.705883424408 1.0280267642974372
6340.717868852459 1.0530867314732988
6350.72985428051 1.0186845095316246
6360.741839708561 0.9708370155283423
6370.753825136612 1.1469511425325085
6380.765810564663 0.912763539957076
6390.777795992714 1.192273702815301
6400.789781420765 1.029036737785633
6410.801766848816 1.0522661280141397
6420.8137522768675 0.8697134200227243
6430.8257377049185 1.0071329377603837
6440.83772313297 0.9681227117788158
6450.849708561021 1.0196944830198207
6460.861693989072 1.0217144299962126
6470.873679417123 0.918381517485166
6480.885664845174 0.9264613053907335
6490.897650273225 0.9395278373942684
6500.909635701276 1.0450700669107436
6510.921621129326 1.0629970963262214
6520.933606557377 0.8202247191011236
6530.945591985428 1.1318646635525818
6540.957577413479 1.1828683247064764
6550.96956284153 0.995391995960106
6560.981548269581 0.9372553970458275
6570.993533697632 0.9969385178639061
6581.005519125683 1.058767832344401
6591.017504553734 0.9744350460800404
6601.029489981785 1.1343264739300594
6611.0414754098365 1.0679207170811766
6621.053460837887 0.8901022598156797
6631.065446265938 1.0063123343012246
6641.077431693989 1.2014265875520767
6651.08941712204 0.9907839919202122
6661.101402550091 1.0304885746749148
6671.113387978142 1.0311829314480494
6681.125373406193 1.3374573917434665
6691.137358834244 1.555990405251862
6701.149344262295 1.2336194924883221
6711.161329690346 1.1371670243656105
6721.173315118397 1.1198081050372428
6731.185300546448 1.119618735008206
6741.197285974499 0.9383916172200479
6751.20927140255 1.133253377098851
6761.221256830601 1.0270167908092411
6771.233242258652 0.9869965913394774
6781.245227686703 1.1346420906451207
6791.257213114754 0.9452089382653706
6801.2691985428055 0.9614316374195176
6811.281183970857 1.042608256533266
6821.293169398908 0.9474182552707991
6831.305154826959 0.8596768084837774
6841.31714025501 1.0641333165004419
6851.329125683061 0.9981062997096326
6861.341111111112 1.414026006817321
6871.353096539163 0.8289357404368135
6881.365081967214 1.1025123090518874
6891.377067395265 0.9382653705340234
6901.389052823315 0.942494634515844
6911.401038251366 0.763855573791188
6921.413023679417 0.9475445019568237
6931.425009107468 0.8749526574927409
6941.436994535519 0.924315111728317
6951.44897996357 0.8052329251357151
6961.460965391621 0.7591844464082819
6971.472950819672 1.0162858224971594
6981.484936247723 0.9216639313218027
6991.4969216757745 0.8289988637798257
7001.508907103826 0.8471152632243404
7011.520892531876 0.8466102764802423
7021.532877959927 0.8702815301098346
7031.544863387978 0.8392879686908218
7041.556848816029 0.8252745865421032
7051.56883424408 0.8250220931700543
7061.580819672131 0.7658123974245676
7071.592805100182 0.9411690443125869
7081.604790528233 0.92453604342886
7091.616775956284 1.05958843580356
7101.628761384335 0.8990026511804065
7111.640746812386 0.8625804822623406
7121.652732240437 0.9797374068930691
7131.664717668488 0.9739300593359423
7141.676703096539 1.0196944830198207
7151.68868852459 0.9533518495139502
7161.700673952641 1.0907713672516095
7171.7126593806925 0.8919959601060472
7181.7246448087435 0.7237091276353996
7191.736630236795 0.8549425577578589
7201.748615664846 0.7285065017043302
7211.760601092897 0.9243151117283172
7221.772586520948 0.8566468880191894
7231.784571948999 0.6631738416866557
7241.79655737705 0.7394268400454488
7251.808542805101 0.7675167276858982
7261.820528233152 0.7877161974498169
7271.832513661203 0.6817952278752683
7281.844499089254 0.8334806211336953
7291.856484517305 0.7803938896603964
7301.868469945355 1.0167908092412574
7311.880455373406 0.8270420401464461
7321.892440801457 0.9335942431511173
7331.904426229508 0.8543113243277364
7341.916411657559 0.9197386693599292
7351.92839708561 0.6681605857846231
7361.9403825136615 0.8147961116020704
7371.9523679417125 0.9415477843706602
7381.964353369764 0.8692715566216387
7391.976338797815 1.0190632495896983
7401.988324225865 0.8758995076379245
7412.000309653916 0.8919959601060472
7422.012295081967 0.9113748264108067
7432.024280510018 0.9459032950385051
7442.036265938069 0.9602954172452973
7452.04825136612 0.9835879308168161
7462.060236794171 0.9738038126499179
7472.072222222222 0.9642721878550689
7482.084207650273 0.84345410932963
7492.096193078324 0.8034339098598661
7502.108178506375 0.6934099229895215
7512.120163934426 0.6481504860497411
7522.132149362477 1.0354753187728822
7532.144134790528 0.8301982072970584
7542.156120218579 0.8000252493372049
7552.1681056466305 0.8346168413079157
7562.1800910746815 0.8222446660775155
7572.192076502733 0.9376972604469133
7582.204061930784 1.0098472415099105
7592.216047358835 2.1472036359045577
7602.228032786886 0.636851407650549
7612.240018214937 0.3851849513950259
7622.252003642988 1.1908849892690316
7632.263989071039 0.6905062492109583
7642.27597449909 0.7455498043176366
7652.287959927141 0.6606489079661658
7662.299945355192 0.7469385178639061
7672.311930783243 0.7398055801035223
7682.323916211294 0.6432268652947859
7692.335901639345 0.732041408913016
7702.347887067396 0.7971215755586415
7712.359872495447 0.8479989900265117
7722.371857923498 0.8663678828430754
7732.383843351549 0.8183310188107562
7742.3958287795995 0.8197197323570256
7752.40781420765 0.8596768084837774
7762.419799635701 0.7965534654715314
7772.431785063752 0.8169423052644867
7782.443770491803 0.7725034717838657
7792.455755919854 0.8305138240121197
7802.467741347905 0.6124542355763161
7812.479726775956 0.6373563943946472
7822.491712204007 0.7899886377982578
7832.503697632058 0.8036864032319152
7842.515683060109 0.7348188360055548
7852.52766848816 0.8954046206287084
7862.539653916211 0.8428859992425198
7872.551639344262 0.8311450574422421
7882.563624772313 0.7191642469385179
7892.575610200364 0.6947355131927787
7902.587595628415 0.8281151369776544
7912.599581056466 0.7384799899002651
7922.611566484517 0.7830450700669107
7932.6235519125685 0.7629718469890165
7942.6355373406195 0.8053276101502336
7952.647522768671 0.8870092160080798
7962.659508196722 0.7299583385936119
7972.671493624773 0.7757227622774902
7982.683479052824 0.8935109203383411
7992.695464480875 0.8885872995833859
8002.707449908926 0.8310819340992298
8012.719435336977 0.8853048857467491
8022.731420765028 0.9237470016412069
8032.743406193079 0.7738290619871228
8042.75539162113 0.7605731599545512
8052.767377049181 0.8086731473298825
8062.779362477232 0.9043050119934352
8072.791347905283 0.7068551950511298
8082.803333333334 0.8294407271809116
8092.815318761385 0.6406388082312838
8102.827304189436 0.7583954046206286
8112.839289617487 0.7678323444009594
8122.851275045538 0.7363969195808611
8132.8632604735885 0.6393763413710389
8142.875245901639 0.6353364474182552
8152.88723132969 0.8329125110465849
8162.899216757741 0.7368387829819467
8172.911202185792 0.7834238101249843
8182.923187613843 0.7952909986112865
8192.935173041893 0.8146698649160459
8202.947158469946 0.7228254008332281
8212.959143897995 0.9168034339098597
8222.971129326048 0.8806968817068551
8232.983114754097 0.6022314101754829
8242.99510018215 0.8875142027521776
8253.0070856102 0.9377603837899255
8263.019071038252 0.8204140891301603
8273.031056466301 0.7004166140638808
8283.043041894354 0.8176997853806338
8293.055027322403 0.7920085847746496
8303.067012750456 0.7122838025501831
8313.078998178506 0.884231788915541
8323.090983606558 0.6846989016538315
8333.102969034608 0.9246938517863906
8343.11495446266 0.9007069814417371
8353.12693989071 0.6526322434036107
8363.138925318763 0.6242298952152506
8373.150910746812 0.7173336699911628
8383.162896174865 0.8738164373185204
8393.174881602914 0.8392248453478095
8403.186867030967 0.8733114505744224
8413.198852459016 0.8389723519757606
8423.210837887069 0.7631612170180533
8433.222823315118 0.8719227370281529
8443.234808743171 0.6208875142027521
8453.24679417122 0.6853301350839541
8463.258779599273 0.8719227370281529
8473.270765027322 0.7226360308041914
8483.282750455375 0.8287463704077768
8493.294735883424 0.6768716071203131
8503.306721311477 0.6036485292261078
8513.318706739527 0.643731852038884
8523.33069216758 0.7329882590581998
8533.342677595629 0.6497916929680596
8543.354663023678 0.7097588688296932
8553.36664845173 0.7835500568110088
8563.37863387978 0.6881706855195051
8573.390619307833 0.6876025754323948
8583.402604735882 0.668097462441611
8593.414590163935 0.7819719732357024
8603.426575591984 0.6961873500820603
8613.438561020037 0.48217712410049235
8623.450546448086 0.6004418634010856
8633.46253187614 0.8921222067920717
8643.474517304188 0.6186024491857088
8653.486502732241 0.6369776543365737
8663.49848816029 0.5448491352102007
8673.510473588343 0.7081176619113747
8683.522459016393 0.5791503598030552
8693.534444444445 0.6814796111602069
8703.546429872495 0.5511425325085216
8713.558415300547 0.7499053149854815
8723.570400728597 0.6084522156293397
8733.58238615665 0.8539325842696629
8743.594371584699 0.5849166771872238
8753.606357012752 0.6992172705466481
8763.618342440801 0.7147456129276607
8773.630327868854 0.7684004544880697
8783.642313296903 0.6756091402600681
8793.654298724956 0.5004166140638808
8803.666284153005 0.6691705592728191
8813.678269581058 0.6081744729200859
8823.690255009107 0.6757353869460927
8833.70224043716 0.5985481631107183
8843.71422586521 0.6840676682237091
8853.726211293262 0.7354500694356773
8863.738196721311 0.6795227875268274
8873.750182149364 0.7290746117914405
8883.762167577413 0.7066027016790809
8893.774153005466 0.6804696376720112
8903.786138433516 0.5089572023734377
8913.798123861568 0.6965660901401337
8923.810109289618 0.6935992930185583
8933.822094717667 0.5064827673273576
8943.83408014572 0.5673147329882591
8953.846065573769 0.643984345410933
8963.858051001822 0.5995833859361192
8973.870036429871 0.5996591339477338
8983.882021857924 0.5825085216513066
8993.894007285973 0.620660270167908
