3511.2024408014568 -0.1822531600286191
3521.2073224043716 0.5452838063439065
3531.2122040072854 0.9214166467922729
3541.2170856102002 0.379203434295254
3551.2219672131146 1.7443656093489148
3561.226848816029 1.412771285475793
3571.2317304189437 0.1465567612687813
3581.2366120218576 0.548652516098259
3591.2414936247724 0.2519288099212974
3601.2463752276863 -0.932864297638922
3611.251256830601 -0.5126699260672549
3621.256138433515 0.5220118352015263
3631.2610200364297 -1.1393095635583115
3641.265901639344 -3.663844502742666
3651.2707832422584 1.1364476508466492
3661.275664845173 -1.7051335559265441
3671.280546448087 -0.9619604102074886
3681.285428051002 0.7286250894347722
3691.2903096539158 -2.2325304078225616
3701.2951912568305 0.4484855711900787
3711.3000728597444 -0.2766396374910565
3721.304954462659 -0.5684772239446697
3731.3098360655736 0.1253100405437634
3741.314717668488 0.5093608394943954
3751.3195992714027 -0.8124552826138802
3761.3244808743166 0.9736167421893631
3771.3293624772314 1.2824051991414263
3781.3342440801453 0.19489625566420224
3791.33912568306 1.2922728356785118
3801.344007285974 0.23148998330550918
3811.3488888888887 -1.3500476985451944
3821.353770491803 0.934474123539232
3831.3586520947174 0.6967266873360363
3841.363533697632 -0.18306105413784882
3851.368415300546 1.074797281182924
3861.373296903461 -0.14891783925590268
3871.3781785063748 -0.17557536370140708
3881.3830601092895 -0.09551335559265442
3891.3879417122034 0.056519794896255665
3901.392823315118 0.40558669210589077
3911.3977049180326 0.5711006439303601
3921.402586520947 -0.07987717624612449
3931.4074681238617 0.23958084903410445
3941.4123497267756 -0.1874254710231338
3951.4172313296904 0.23090269496780347
3961.4221129326043 -0.6133585738134988
3971.426994535519 0.3460529453851658
3981.431876138433 0.9064512282375388
3991.4367577413477 1.2350047698545192
4001.441639344262 0.4330133555926544
4011.4465209471764 1.849093727641307
4021.451402550091 0.8812604340567614
4031.456284153005 0.26738611972334847
4041.46116575592 0.860779871213928
4051.4660473588337 0.14204626758883854
4061.4709289617485 0.28846887669926063
4071.4758105646624 -0.08205640352969235
4081.480692167577 0.2986644407345576
4091.4855737704916 -0.24071667064154542
4101.490455373406 0.7813916050560459
4111.495336976321 0.9591283090865728
4121.500218579235 0.5737836870975436
4131.505100182148 0.7318447412353922
4141.509981785063 0.9610064393036012
4151.514863387978 1.6381469115191987
4161.519744990892 0.5312723586930599
4171.524626593807 0.7509241593131409
4181.5295081967215 1.0832637729549248
4191.534389799635 1.516247316956833
4201.539271402549 0.5136537085618889
4211.544153005464 0.3723467684235631
4221.549034608379 1.2119305986167421
4231.553916211293 1.395838301931791
4241.5587978142075 0.26842356308132603
4251.563679417122 0.46079775816837587
4261.568561020036 1.0959038874314333
4271.57344262295 0.936262818984021
4281.578324225865 0.6992606725494873
4291.58320582878 0.45772716432148824
4301.588087431694 1.538635821607441
4311.592969034607 0.8706027903648939
4321.597850637522 0.7484796088719293
4331.602732240437 0.5848139756737419
4341.607613843351 1.2951049367994274
4351.612495446266 1.209009062723587
4361.6173770491805 1.1638445027426663
4371.622258652094 0.5406033865967088
4381.627140255008 1.3343369902217983
4391.632021857923 1.524982113045552
4401.636903460838 1.3648938707369427
4411.641785063752 1.2986525160982592
4421.6466666666665 1.2072650846649176
4431.651548269581 1.0711900787025996
4441.656429872495 0.9195981397567374
4451.661311475409 0.7556642022418316
4461.666193078324 1.1882303839732888
4471.671074681239 0.9628249463391366
4481.675956284153 1.0674934414500357
4491.680837887066 0.18785475792988315
4501.685719489981 1.1343608394943954
4511.690601092896 1.290990937276413
4521.69548269581 1.146136417839256
4531.700364298725 1.1907494633913667
4541.7052459016395 1.2539053183877893
4551.710127504553 1.0263236346291438
4561.715009107467 1.005694013832578
4571.719890710382 0.9662234676842356
4581.724772313297 0.8256916289053183
4591.729653916211 0.9144109229668494
4601.7345355191255 1.0279632721202003
4611.739417122039 1.2777247793942283
4621.744298724954 0.934712616265204
4631.749180327868 0.637431433341283
4641.754061930783 0.8792034342952539
4651.758943533698 1.0515293346052945
4661.763825136612 1.51347483901741
4671.768706739525 0.8936322442165513
4681.77358834244 1.273372287145242
4691.778469945355 0.6513832578106368
4701.783351548269 1.129561173384212
4711.788233151184 0.650399475316003
4721.7931147540985 0.99084784164083
4731.797996357012 0.8556820891962794
4741.802877959926 1.678034819937992
4751.807759562841 0.7188766992606725
4761.812641165756 1.2084873598855235
4771.81752276867 0.5877951347483902
4781.8224043715845 1.0607858335320772
4791.827285974498 0.986644407345576
4801.832167577413 1.5031302170283805
4811.837049180327 1.5369961841163846
4821.841930783242 1.1356129263057477
4831.846812386157 1.2136596708800382
4841.851693989071 1.2682446935368472
4851.856575591984 1.479847364655378
4861.861457194899 1.433848080133556
4871.866338797814 1.665305270689244
4881.871220400728 1.7175649892678273
4891.876102003643 1.343399713808729
4901.8809836065575 1.4332220367278798
4911.885865209471 1.1119127116622942
4921.890746812385 1.4258883854042452
4931.8956284153 1.639398998330551
4941.900510018215 1.278380634390651
4951.905391621129 1.2931373718101598
4961.9102732240435 0.9699797281182924
4971.915154826957 1.2281182923920821
4981.920036429872 1.3016634867636536
4991.924918032786 0.9480831147150012
5001.929799635701 1.120856188886239
5011.934681238616 1.765382780825185
5021.93956284153 1.109289291676604
5031.944444444443 1.3203553541616981
5041.949326047358 1.3410147865490103
5051.954207650273 0.9128010970665394
5061.959089253187 0.8720486525160982
5071.963970856102 1.5146673026472692
5081.9688524590165 0.8961066062485095
5091.97373406193 1.305896732649654
5101.978615664844 1.0985571190078702
5111.983497267759 0.7531451228237538
5121.988378870674 1.0974242785595039
5131.993260473588 1.5490698783687098
5141.9981420765025 1.1958025280228952
5152.003023679416 1.0749165275459098
5162.007905282331 1.261566897209635
5172.012786885245 1.126550202718817
5182.01766848816 0.895152635344622
5192.022550091075 0.8366026711185308
5202.027431693989 0.6772000953970904
5212.032313296902 1.0
5222.037194899817 1.2799457429048413
5232.042076502732 1.1477164321488194
5242.046958105646 1.098229191509659
5252.051839708561 1.0990937276413069
5262.056721311475 1.1134629143811112
5272.061602914389 1.385821607440973
5282.066484517303 1.0211662294300023
5292.071366120218 0.6697770093012163
5302.076247723133 1.127355115668972
5312.081129326047 1.163874314333413
5322.0860109289615 0.9692940615311232
5332.090892531875 1.02855950393513
5342.09577413479 0.9681761268781303
5352.100655737704 1.1394288099212972
5362.105537340619 0.9002206057715239
5372.110418943534 1.0896434533746722
5382.1153005464475 1.2499701884092536
5392.120182149361 0.9565943238731219
5402.125063752276 1.2675888385404244
5412.129945355191 0.7976836393989982
5422.134826958105 1.012491056522776
5432.13970856102 0.9775816837586453
5442.144590163934 1.0597722394466969
5452.149471766848 1.0015203911280706
5462.154353369762 1.1587169091342715
5472.159234972677 1.0750357739088958
5482.164116575592 1.2460052468399714
5492.168998178506 1.4073753875506798
5502.1738797814205 1.1909134271404722
5512.178761384334 1.1196339136656333
5522.183642987249 0.900965895540186
5532.188524590163 0.8320414977343191
5542.193406193078 1.3610779871213927
5552.198287795992 1.2682148819461008
5562.2031693989065 1.3475733365132365
5572.208051001821 1.1385344621989029
5582.212932604735 1.2664858096828049
5592.21781420765 1.0694013832578106
5602.222695810564 1.5896434533746722
5612.227577413479 1.3645957548294776
5622.232459016393 0.8312663963749106
5632.237340619307 1.0581027903648939
5642.242222222221 1.0039351299785355
5652.247103825136 0.9114297638922013
5662.251985428051 1.2949856904364416
5672.256867030965 1.4277665156212735
5682.2617486338795 1.1314691151919867
5692.266630236793 1.3495707130932506
5702.271511839708 1.244633913665633
5712.276393442622 0.9426126878130218
5722.281275045537 1.141008824230861
5732.286156648451 1.0121631290245647
5742.2910382513655 1.0871392797519677
5752.295919854279 1.4987479131886479
5762.300801457194 1.0293346052945385
5772.305683060109 1.1519794896255664
5782.310564663023 1.0206594323873122
5792.315446265938 1.2176246124493204
5802.320327868852 1.1345098974481278
5812.325209471766 1.143483186262819
5822.33009107468 0.9887908418793228
5832.334972677595 1.1221977104698306
5842.33985428051 1.0387848795611734
5852.344735883424 0.8077152396851895
5862.3496174863385 1.1045492487479132
5872.354499089252 1.3046446458383019
5882.359380692167 1.3275697591223468
5892.364262295081 1.010583114715001
5902.369143897996 1.1452122585261149
5912.37402550091 1.0765114476508466
5922.3789071038245 1.2807059384688768
5932.383788706738 1.2000953970903887
5942.388670309653 1.1585976627712855
5952.393551912568 1.103803958979251
5962.398433515482 1.0436143572621035
5972.403315118397 1.1321845933699022
5982.408196721311 1.1086632482709278
5992.413078324225 1.1783031242547102
6002.417959927139 1.1186203195802529
6012.422841530054 1.3168375864536133
6022.427723132969 1.2456027903648939
6032.432604735883 1.346321249701884
6042.4374863387975 1.0490996899594562
6052.442367941711 1.1385642737896493
6062.447249544626 1.2570355354161697
6072.45213114754 1.1066062485094206
6082.457012750455 1.351925828762223
6092.461894353369 1.0817135702361078
6102.4667759562835 1.0566122108275697
6112.471657559197 1.272269258287622
6122.476539162112 1.1307238254233245
6132.481420765027 1.0411399952301454
6142.486302367941 1.3477671118530885
6152.491183970856 1.148610779871214
6162.49606557377 1.103744335797758
6172.500947176684 1.0297221559742427
6182.505828779598 1.0558967326496542
6192.510710382513 1.083323396136418
6202.515591985428 1.3861495349391844
6212.520473588342 1.1546923443834962
6222.5253551912565 1.091372525637968
6232.53023679417 1.2382840448366323
6242.535118397085 1.2693179108037203
6252.539999999999 1.3807089196279514
6262.544881602914 1.203315048891009
6272.549763205828 1.314780586692106
6282.5546448087425 1.2181910326735033
6292.559526411656 1.2042988313856426
6302.564408014571 1.2392678273312663
6312.569289617486 1.17940615311233
6322.5741712204 1.1673920820414978
6332.579052823315 1.3521046983067015
6342.583934426229 1.081117338421178
6352.588816029143 1.1412771285475793
6362.593697632057 1.0929972573336513
6372.598579234972 1.0956355831147149
6382.603460837887 1.0621571667064154
6392.608342440801 1.2895003577390889
6402.6132240437155 1.1487896494156928
6412.618105646629 1.2276711185308848
6422.622987249544 1.083323396136418
6432.627868852458 1.0032792749821131
6442.632750455373 1.1504889100882423
6452.637632058287 1.2967445742904842
6462.6425136612015 1.1762163129024565
6472.647395264115 1.0648700214643454
6482.65227686703 0.9170045313617934
6492.657158469945 1.045432864297639
6502.662040072859 1.0527068924397807
6512.666921675774 1.0649892678273312
6522.671803278688 0.8571130455521108
6532.676684881602 0.8036906749344145
6542.681566484516 0.8253040782256141
6552.686448087431 0.7664559980920582
6562.691329690345 1.083204149773432
6572.69621129326 1.0768542809444313
6582.7010928961745 1.0551216312902456
6592.705974499088 1.0253249463391367
6602.710856102003 1.0660028619127118
6612.715737704917 0.9863761030288576
6622.720619307832 1.1190973050321964
6632.725500910746 1.0769437157166706
6642.7303825136605 1.0314512282375388
6652.735264116574 1.1896315287383734
6662.740145719489 0.9989267827331266
6672.745027322404 1.141128070593847
6682.749908925318 1.0064691151919867
6692.754790528233 1.1283687097543524
6702.7596721311465 1.0706236584784163
6712.764553734061 1.2198157643691867
6722.769435336975 1.117278797996661
6732.77431693989 0.8950035773908896
6742.779198542804 1.1178452182208443
6752.784080145719 1.171684951108991
6762.7889617486335 1.0244455044121155
6772.793843351547 1.0646613403291199
6782.798724954462 1.1244335797758167
6792.803606557376 1.1110779871213927
6802.808488160291 1.0513355592654425
6812.813369763205 1.4674457429048413
6822.8182513661195 1.291110183639399
6832.823132969033 1.1794359647030765
6842.828014571948 1.017678273312664
6852.832896174863 1.1529036489387074
6862.837777777777 1.0364595754829478
6872.842659380692 1.1331683758645361
6882.8475409836055 1.059295253994753
6892.85242258652 0.9773133794419271
6902.857304189434 1.0977522060577152
6912.862185792349 0.9734974958263772
6922.867067395263 0.9484855711900787
6932.871948998178 1.1272358693059863
6942.8768306010925 1.0764667302647268
6952.881712204006 1.0805211066062483
6962.886593806921 1.1471500119246363
6972.891475409835 1.0464762699737657
6982.89635701275 1.151651562127355
6992.901238615664 1.1032077271643215
7002.9061202185785 1.2063260195564036
7012.911001821492 1.0896434533746722
7022.915883424407 1.11745766754114
7032.920765027322 1.1725792988313857
7042.925646630236 1.1504889100882423
7052.930528233151 1.1477313379441927
7062.9354098360645 0.8493620319580253
7072.940291438979 1.0298712139279753
7082.945173041893 1.063856427378965
7092.950054644808 1.0618888623896972
7102.954936247722 1.0197948962556642
7112.959817850637 1.151651562127355
7122.964699453551 1.0563737181015977
7132.969581056465 0.9629143811113761
7142.97446265938 1.0106427378964942
7152.979344262294 1.129143811113761
7162.984225865209 0.9772537562604341
7172.989107468123 0.9667004531361794
7182.9939890710375 1.050560457906034
7192.998870673951 0.9980026234199857
7203.003752276866 0.9445802528022895
7213.008633879781 0.8538933937514905
7223.013515482695 0.9434176007631767
7233.01839708561 0.9097305032196518
7243.0232786885235 0.9408239923682328
7253.028160291438 1.0306165036966373
7263.033041894352 0.8519854519437157
7273.037923497267 1.0418554734080612
7283.042805100181 0.8806045790603386
7293.047686703096 1.0976925828762223
7303.05256830601 1.0416467922728356
7313.057449908924 0.960559265442404
7323.062331511839 1.1006141187693774
7333.067213114753 1.0396792272835678
7343.072094717668 0.8727939422847604
7353.076976320582 0.9662830908657285
7363.0818579234965 0.994007870259957
7373.08673952641 0.9422847603148105
7383.091621129325 1.1153708561888862
7393.09650273224 1.0795820414977344
7403.101384335154 0.7127951347483902
7413.106265938069 0.9637491056522777
7423.1111475409825 0.9158120677319341
7433.116029143897 0.8653112330073933
7443.120910746811 0.9895957548294777
7453.125792349726 0.9867040305270689
7463.13067395264 1.0022656808967327
7473.135555555555 1.0158597662771285
7483.140437158469 1.0377414738850466
7493.145318761383 0.9459217743858812
7503.150200364298 0.9951108991175769
7513.155081967212 0.7954924874791319
7523.159963570127 1.0721142380157405
7533.164845173041 1.0236405914619604
7543.1697267759555 0.8344562365847842
7553.174608378869 0.7755485332697353
7563.179489981784 0.9237717624612449
7573.184371584699 0.9591581206773193
7583.189253187613 0.9362330073932744
7593.194134790528 0.7425471023133795
7603.1990163934415 0.6273849272597185
7613.203897996356 0.7930181254471739
7623.20877959927 0.6752623419985692
7633.213661202185 0.7447829716193656
7643.2185428051 0.7396255664202241
7653.223424408014 0.8287324111614596
7663.228306010928 0.8495707130932507
7673.233187613842 1.0380395897925114
7683.238069216757 0.8262878607202481
7693.242950819671 0.883227999046029
7703.247832422585 0.9371273551156689
7713.252714025501 0.8202659193894586
7723.2575956284145 0.8191330789410923
7733.262477231328 0.9005783448604818
7743.267358834243 0.8086244932029573
7753.272240437158 0.9345933699022179
7763.277122040072 0.9104161698068209
7773.282003642986 0.914440734557596
7783.2868852459005 0.9644943954209396
7793.291766848815 0.8228595277844026
7803.296648451729 1.0035475792988313
7813.301530054644 0.9689363224421655
7823.306411657559 0.9951108991175769
7833.311293260473 0.9274683997138087
7843.316174863387 1.068000238492726
7853.321056466301 1.0235958740758409
7863.325938069216 0.9234438349630336
7873.33081967213 0.9560875268304316
7883.335701275044 1.070534223706177
7893.34058287796 1.0170522299069877
7903.3454644808735 1.0061113761030287
7913.350346083787 0.8891306940138325
7923.355227686702 0.9457429048414023
7933.360109289617 1.063617934652993
7943.364990892531 0.8510911042213213
7953.369872495445 0.8147805866921058
7963.3747540983595 0.8484378726448843
7973.379635701274 0.7823455759599331
7983.384517304188 0.9696518006200812
7993.389398907102 0.7077569759122346
8003.394280510018 0.8793226806582399
8013.399162112932 0.9616622943000238
8023.404043715846 0.946279513474839
8033.40892531876 1.0231337944192702
8043.413806921675 0.9444610064393035
8053.418688524589 1.020093012163129
8063.423570127503 1.033746720725018
8073.428451730418 1.020093012163129
8083.4333333333325 0.8471410684474123
8093.438214936246 1.0256379680419747
8103.443096539161 0.7541139995230145
8113.447978142076 0.8596768423563081
8123.45285974499 0.8450989744812784
8133.457741347904 0.8663844502742667
8143.4626229508185 0.9556105413784879
8153.467504553733 0.9272299069878369
8163.472386156647 0.9258585738134987
8173.477267759561 0.9002802289530168
8183.482149362477 0.9619902217982351
8193.48703096539 0.7589732888146912
8203.491912568305 0.8384211781540662
8213.49679417122 0.8604519437157166
8223.501675774132 0.9240102551872168
8233.506557377048 0.8758943477223944
8243.511438979964 0.7319043644168852
8253.516320582876 0.6374016217505366
8263.521202185791 0.9388266157882185
8273.526083788707 0.8859408538039589
8283.53096539162 0.9506916289053184
8293.535846994535 0.9461900787025996
8303.540728597449 1.0189303601240163
8313.545610200363 0.8464106844741235
8323.550491803278 0.8318924397805867
8333.55537340619 1.028321011209158
8343.560255009106 0.9164381111376103
8353.565136612022 0.9475614118769378
8363.570018214934 0.8275399475316003
8373.57489981785 0.8838242308609587
8383.579781420765 0.8157941807774862
8393.584663023677 0.7803183877891725
8403.589544626593 0.9370379203434296
8413.594426229507 0.9221917481516814
8423.59930783242 0.807730145480563
8433.604189435337 0.9220725017886954
8443.609071038249 0.8725852611495349
8453.613952641164 0.8542511328404483
8463.61883424408 0.812127355115669
8473.623715846992 0.8598259003100405
8483.628597449908 0.8936918673980443
8493.633479052824 0.9113701407107083
8503.638360655736 0.8904125924159313
8513.643242258651 0.7504769854519436
8523.648123861565 1.0364595754829478
8533.653005464479 0.8654602909611256
8543.657887067395 0.8706624135463868
8553.662768670309 0.8982828523730025
8563.667650273223 0.8800083472454091
8573.672531876138 0.9219234438349629
8583.67741347905 0.9490519914142619
8593.682295081966 0.9329537324111615
8603.687176684882 0.718041974719771
8613.692058287794 0.8586036250894348
8623.69693989071 0.9479191509658955
8633.701821493625 0.8679048414023373
8643.706703096537 0.7576913904125924
8653.711584699453 0.7272239446696875
8663.716466302367 0.7341402337228715
8673.72134790528 0.7592117815406629
8683.726229508196 1.0925053660863342
8693.731111111108 0.9929942761745767
8703.735992714024 0.8747018840925351
8713.74087431694 0.8981636060100167
8723.745755919852 0.8089971380872882
8733.750637522768 1.023372287145242
8743.755519125683 1.0171118530884808
8753.760400728595 0.9264846172191749
8763.765282331511 0.8880574767469591
8773.770163934425 0.8850465060815644
8783.775045537339 0.85991533508228
8793.779927140255 0.8275697591223466
8803.784808743167 0.9723944669687574
8813.789690346082 0.832160744097305
8823.794571948998 0.952152396851896
8833.79945355191 0.7392380157405198
8843.804335154826 0.8803660863343669
8853.809216757742 0.8024385881230622
8863.814098360654 0.8793226806582399
8873.81897996357 0.7782017648461721
8883.823861566483 0.6456147150011925
8893.828743169397 0.8022895301693298
8903.833624772313 0.8862985928929167
8913.838506375227 0.7558728833770569
8923.84338797814 0.7931671834009063
8933.848269581056 0.8261984259480085
8943.853151183968 0.7227820176484617
8953.858032786884 0.8146315287383735
8963.8629143898 0.7470784641068446
8973.867795992712 0.7838063439065108
8983.872677595627 0.9523908895778679
8993.877559198543 0.8937514905795374
