3507.325974499089 2.9261103979460845
3517.337923497268 3.4005648267008985
3527.349872495446 4.513838254172015
3537.361821493625 0.4602926829268293
3547.373770491803 3.364826700898588
3557.385719489982 4.4812836970474965
3567.397668488161 4.943260590500643
3577.409617486339 4.847394094993581
3587.421566484518 2.1557894736842105
3597.433515482696 -3.18798459563543
3607.4454644808748 2.3265725288831836
3617.457413479053 2.1500385109114246
3627.4693624772317 1.8200770218228497
3637.4813114754097 1.4442105263157896
3647.4932604735886 -5.101874197689345
3657.5052094717666 -1.128831835686778
3667.5171584699456 -1.557997432605905
3677.5291074681236 2.1433119383825416
3687.5410564663025 -0.17688831835686777
3697.5530054644814 2.6314249037227215
3707.5649544626594 -2.8600256739409495
3717.5769034608384 3.0689088575096277
3727.5888524590164 1.4280359435173298
3737.6008014571953 0.8751732991014121
3747.6127504553733 1.6047753530166882
3757.6246994535522 0.9722105263157895
3767.6366484517303 1.5784852374839538
3777.648597449909 0.8488831835686778
3787.660546448087 -0.4746649550706033
3797.672495446266 0.05894736842105263
3807.6844444444446 2.606726572528883
3817.696393442623 0.5471116816431322
3827.708342440802 2.6204364569961487
3837.72029143898 1.1582541720154045
3847.732240437159 1.0905776636713735
3857.744189435337 2.1026444159178435
3867.756138433516 1.5098844672657254
3877.768087431694 2.5863414634146342
3887.780036429873 1.7590757381258022
3897.791985428051 2.8770731707317077
3907.8039344262297 0.5343260590500641
3917.8158834244077 0.4800718870346598
3927.8278324225867 1.7799229781771502
3937.8397814207656 0.18018998716302953
3947.8517304189436 -0.159594351732991
3957.8636794171225 0.5385879332477534
3967.8756284153005 0.008848780487804877
3977.8875774134794 -0.059810012836970475
3987.8995264116575 -0.38933504492939663
3997.9114754098364 1.037124518613607
4007.9234244080144 0.8625673940949936
4017.9353734061933 1.6966880616174582
4027.9473224043713 1.0377406931964055
4037.9592714025503 -0.8620795892169448
4047.9712204007287 1.3209756097560976
4057.983169398907 1.025211810012837
4067.995118397086 0.5027060333761232
4078.007067395264 0.13419255455712453
4088.019016393443 0.8607445442875481
4098.030965391621 -0.7732991014120667
4108.0429143898 1.064801026957638
4118.054863387978 -0.11006931964056482
4128.066812386157 1.8863157894736842
4138.078761384335 0.9426752246469833
4148.090710382514 0.01973966623876765
4158.102659380693 -0.3602105263157895
4168.114608378871 0.64400513478819
4178.126557377049 0.5659050064184853
4188.138506375228 -0.1105571245186136
4198.150455373407 0.49649807445442873
4208.162404371585 0.5684210526315789
4218.174353369764 -0.08872913992297818
4228.186302367942 0.11298587933247754
4238.1982513661205 1.4941206675224648
4248.2102003642985 2.0719897304236197
4258.2221493624775 0.6696790757381258
4268.2340983606555 0.8232862644415917
4278.246047358834 1.2777920410783057
4288.257996357013 0.8319383825417201
4298.269945355191 0.6349165596919126
4308.281894353369 0.9726315789473685
4318.293843351548 0.9673940949935814
4328.305792349727 0.7357637997432607
4338.317741347905 1.4130937098844671
4348.329690346084 1.036405648267009
4358.341639344262 1.9544544287548138
4368.353588342441 1.5861874197689345
4378.36553734062 0.32296790757381255
4388.377486338798 1.5502439024390244
4398.389435336976 1.0894480102695763
4408.401384335155 0.9175353016688061
4418.413333333334 1.1364826700898587
4428.425282331512 1.3040821566110397
4438.43723132969 1.4185879332477536
4448.449180327869 1.430295250320924
4458.461129326048 0.8011810012836971
4468.473078324226 0.8858023106546855
4478.485027322405 0.9337098844672658
4488.496976320583 0.5038459563543004
4498.508925318762 1.3658536585365855
4508.5208743169405 0.7393068035943517
4518.532823315119 1.2493966623876764
4528.544772313297 1.0982284980744543
4538.5567213114755 0.5022541720154043
4548.568670309654 0.9108600770218228
4558.580619307832 1.151527599486521
4568.592568306011 1.6045699614890885
4578.604517304189 0.7037740693196406
4588.616466302368 1.1258023106546855
4598.628415300546 0.9379717586649551
4608.640364298725 1.3937355584082158
4618.652313296903 0.5307830551989731
4628.664262295082 1.459152759948652
4638.676211293261 1.1941463414634146
4648.688160291439 1.1363286264441592
4658.700109289617 0.9990757381258023
4668.712058287796 0.92400513478819
4678.724007285975 1.1729396662387677
4688.735956284153 1.4534531450577663
4698.747905282332 1.0078562259306805
4708.75985428051 0.931142490372272
4718.771803278689 0.9562002567394096
4728.783752276867 1.471270860077022
4738.795701275046 1.44
4748.807650273224 0.47835173299101413
4758.819599271403 1.4039024390243904
4768.831548269582 1.3795121951219511
4778.84349726776 0.987188703465982
4788.855446265938 0.40340436456996154
4798.867395264117 0.9700641848523748
4808.8793442622955 0.7342747111681642
4818.8912932604735 1.3458793324775353
4828.903242258652 0.6041078305519898
4838.91519125683 0.8954043645699615
4848.927140255009 1.1537869062901154
4858.939089253187 0.6829268292682927
4868.951038251366 0.8442618741976894
4878.962987249544 1.0949422336328627
4888.974936247723 1.1796148908857509
4898.986885245902 1.2040051347881902
4908.99883424408 0.7626957637997432
4919.010783242258 1.263157894736842
4929.022732240437 1.2510397946084724
4939.034681238616 1.127240051347882
4949.046630236794 1.4799486521181002
4959.058579234973 1.1534788189987162
4969.070528233151 1.273581514762516
4979.08247723133 1.588857509627728
4989.094426229508 1.314865211810013
4999.106375227687 1.2893966623876765
5009.118324225865 1.643183568677792
5019.130273224044 1.2011296534017972
5029.142222222223 0.5805391527599487
5039.154171220401 1.2290629011553273
5049.166120218579 1.149216944801027
5059.178069216758 0.8882156611039794
5069.190018214937 0.6435943517329911
5079.201967213115 1.0790757381258025
5089.2139162112935 1.4280359435173298
5099.2258652094715 0.7156867779204107
5109.23781420765 1.4613607188703466
5119.2497632058285 1.3693966623876765
5129.261712204007 1.1537355584082156
5139.273661202185 0.6243388960205392
5149.285610200364 1.0389216944801025
5159.297559198543 0.6481386392811297
5169.309508196721 1.3815147625160462
5179.3214571949 0.3101617458279846
5189.333406193078 1.3884467265725289
5199.345355191257 1.0685494223363285
5209.357304189435 1.3178947368421055
5219.369253187614 1.0205905006418485
5229.381202185792 1.189576379974326
5239.393151183971 0.9337612323491656
5249.40510018215 1.1177920410783053
5259.417049180328 0.9226700898587933
5269.428998178506 1.0150962772785623
5279.440947176685 1.5934788189987164
5289.452896174864 0.9665982028241334
5299.464845173042 0.8449807445442875
5309.476794171221 1.3528626444159177
5319.488743169399 1.397227214377407
5329.500692167578 0.8935558408215661
5339.512641165756 0.9558408215661104
5349.524590163935 1.1973812580231067
5359.536539162113 1.037124518613607
5369.5484881602915 1.185109114249037
5379.56043715847 1.223209242618742
5389.5723861566485 0.6996662387676509
5399.5843351548265 0.9280102695763799
5409.596284153005 0.8343517329910142
5419.608233151184 1.0447753530166881
5429.620182149362 0.8520667522464698
5439.632131147541 0.7649807445442875
5449.644080145719 1.0483183568677792
5459.656029143898 0.9596405648267009
5469.667978142076 1.5255455712451862
5479.679927140255 0.8341463414634147
5489.691876138433 1.2698844672657252
5499.703825136612 1.0977150192554557
5509.715774134791 0.8719897304236199
5519.727723132969 0.6090885750962772
5529.739672131147 0.7608729139922978
5539.751621129326 1.2812836970474968
5549.763570127505 0.5719383825417201
5559.775519125683 1.882464698331194
5569.787468123862 0.8226444159178434
5579.79941712204 1.0746084724005134
5589.811366120219 0.9507060333761231
5599.823315118397 1.4703465982028243
5609.835264116576 0.9159435173299102
5619.847213114754 0.7069062901155327
5629.859162112933 1.0222336328626445
5639.871111111111 1.1426444159178433
5649.8830601092895 1.1469062901155327
5659.8950091074685 1.1944544287548138
5669.9069581056465 1.0934017971758665
5679.918907103825 1.4342233632862644
5689.930856102003 0.4809293966623877
5699.942805100182 0.9401797175866495
5709.95475409836 1.0899614890885752
5719.966703096539 0.6906290115532734
5729.978652094717 1.49201540436457
5739.990601092896 1.296739409499358
5750.002550091074 1.348344030808729
5760.014499089253 1.3402310654685494
5770.026448087432 0.845596919127086
5780.03839708561 0.8116046213093709
5790.050346083789 1.3183055198973044
5800.062295081967 1.4522207958921693
5810.074244080146 0.7091655969191271
5820.086193078324 1.250834403080873
5830.098142076503 1.054377406931964
5840.110091074681 1.1026957637997432
5850.12204007286 0.9735044929396662
5860.133989071038 0.9049037227214377
5870.145938069217 1.342849807445443
5880.157887067396 1.1498844672657251
5890.169836065574 0.9171245186136072
5900.181785063753 1.0709114249037226
5910.193734061931 0.9706803594351734
5920.20568306011 1.0059050064184853
5930.217632058288 1.2017201540436457
5940.2295810564665 1.1806418485237484
5950.2415300546445 1.2445699614890886
5960.253479052823 0.9322207958921694
5970.265428051001 1.0173042362002567
5980.27737704918 0.7342233632862644
5990.289326047358 0.7585622593068037
6000.301275045537 1.121591784338896
6010.313224043716 0.9381771501925545
6020.325173041894 1.1432605905006419
6030.337122040073 1.2584852374839537
6040.349071038251 0.7536842105263157
6050.36102003643 0.8884724005134788
6060.372969034608 1.0278818998716304
6070.384918032787 0.8302439024390244
6080.396867030965 0.7954813863928113
6090.408816029144 1.1205134788189988
6100.420765027322 1.0210012836970475
6110.432714025501 0.8877535301668806
6120.444663023679 1.0862130937098846
6130.456612021858 0.7608729139922978
6140.468561020037 1.0542747111681643
6150.480510018215 0.7233889602053916
6160.492459016394 1.0355327342747112
6170.504408014572 0.8931450577663672
6180.516357012751 1.1045956354300384
6190.528306010929 0.8979204107830552
6200.540255009108 1.2170474967907574
6210.552204007286 0.9709370988446727
6220.5641530054645 1.2273684210526314
6230.5761020036425 1.282413350449294
6240.588051001821 1.0773299101412066
6250.599999999999 0.9475224646983311
6260.611948998178 0.905982028241335
6270.623897996357 0.8634659820282413
6280.635846994535 1.194813863928113
6290.647795992714 0.8402567394094994
6300.659744990892 1.071168164313222
6310.671693989071 0.997997432605905
6320.683642987249 0.9943003851091142
6330.695591985428 1.1268806161745828
6340.707540983606 1.2796919127086008
6350.719489981785 1.1658536585365855
6360.731438979963 1.23198973042362
6370.743387978142 1.0953530166880616
6380.755336976321 0.8145827984595636
6390.767285974499 0.9858793324775352
6400.779234972678 1.0616688061617459
6410.791183970856 1.2233119383825417
6420.803132969035 0.9900898587933247
6430.815081967213 1.3465982028241335
6440.827030965392 1.1332991014120666
6450.83897996357 0.9202053915275995
6460.850928961749 0.96
6470.862877959927 0.9471116816431322
6480.874826958106 1.0687034659820283
6490.8867759562845 1.2640308087291399
6500.8987249544625 1.1326315789473684
6510.910673952641 1.0790757381258025
6520.9226229508195 1.3187163029525033
6530.934571948998 1.1990757381258024
6540.946520947176 1.0778433889602053
6550.958469945355 1.2031322207958923
6560.970418943533 1.1626187419768936
6570.982367941712 1.1927856225930678
6580.99431693989 1.2738382541720152
6591.006265938069 1.13596919127086
6601.018214936247 0.9986649550706034
6611.030163934426 1.0322464698331193
6621.042112932605 0.9107060333761232
6631.054061930783 1.332477535301669
6641.066010928962 1.1814120667522465
6651.07795992714 1.1100898587933248
6661.089908925319 1.0340949935815147
6671.101857923497 1.0636713735558407
6681.113806921676 0.9965596919127087
6691.125755919854 1.0871373555840822
6701.137704918033 1.0278048780487805
6711.149653916211 0.9065982028241335
6721.16160291439 0.8432862644415918
6731.173551912568 1.0064698331193838
6741.185500910747 1.0268549422336328
6751.197449908926 0.959589216944801
6761.209398907104 0.9013093709884468
6771.2213479052825 0.8937612323491656
6781.2332969034605 0.9335558408215662
6791.2452459016395 0.9210783055198973
6801.2571948998175 1.0980744544287548
6811.269143897996 0.909576379974326
6821.281092896174 0.9042362002567395
6831.293041894353 0.9213350449293967
6841.304990892531 0.9425417201540436
6851.31693989071 0.7386906290115534
6861.328888888888 0.9055712451861361
6871.340837887067 0.9286777920410783
6881.352786885246 0.9294993581514762
6891.364735883424 0.917227214377407
6901.376684881603 0.9974839537869064
6911.388633879781 1.2997175866495507
6921.40058287796 0.9802824133504493
6931.412531876138 0.8616174582798459
6941.424480874317 0.9401283697047497
6951.436429872495 0.9406931964056482
6961.448378870674 0.9062387676508343
6971.460327868852 0.9874711168164313
6981.472276867031 1.1056739409499359
6991.48422586521 1.169550706033376
7001.496174863388 1.0195121951219512
7011.508123861567 1.2505263157894737
7021.520072859745 1.1041848523748394
7031.532021857924 0.9773042362002567
7041.543970856102 1.232349165596919
7051.555919854281 1.182387676508344
7061.567868852459 1.0067779204107832
7071.5798178506375 1.0366110397946084
7081.5917668488155 1.1019255455712451
7091.603715846994 1.2301412066752246
7101.615664845173 0.9744287548138639
7111.627613843351 1.2705006418485236
7121.63956284153 1.3259563543003852
7131.651511839708 1.2356867779204108
7141.663460837887 1.1698074454428755
7151.675409836065 1.4989987163029523
7161.687358834244 0.9385879332477536
7171.699307832422 1.198459563543004
7181.711256830601 1.0280359435173299
7191.723205828779 0.8102182284980745
7201.735154826958 1.106341463414634
7211.747103825136 0.9794608472400514
7221.759052823315 0.7529653401797175
7231.771001821494 0.9646213093709884
7241.782950819672 1.0
7251.794899817851 1.0518613607188705
7261.806848816029 1.0372785622593066
7271.818797814208 1.1852631578947368
7281.830746812386 1.113170731707317
7291.842695810565 1.1703722721437742
7301.854644808743 0.9645699614890886
7311.866593806922 1.1876251604621308
7321.8785428051 0.9965083440308088
7331.890491803279 1.0251604621309371
7341.902440801457 1.189987163029525
7351.9143897996355 1.097150192554557
7361.926338797814 1.2358408215661105
7371.938287795992 0.9191784338896021
7381.950236794171 0.9094223363286263
7391.962185792349 0.8884724005134788
7401.974134790528 1.031168164313222
7411.986083788706 1.040462130937099
7421.998032786885 1.1134274711168164
7432.009981785063 0.9522978177150193
7442.021930783242 0.7667265725288832
7452.03387978142 1.0086777920410783
7462.045828779599 1.046084724005135
7472.057777777777 1.2820539152759949
7482.069726775956 0.7424903722721438
7492.081675774135 1.0106803594351732
7502.093624772313 0.9070089858793324
7512.105573770492 0.8812323491655969
7522.11752276867 0.8607445442875481
7532.129471766849 0.9305776636713735
7542.141420765027 0.9773042362002567
7552.153369763206 0.9558921694480103
7562.165318761384 0.7324261874197688
7572.177267759563 0.832759948652118
7582.189216757741 0.8734788189987164
7592.20116575592 0.9663414634146341
7602.213114754099 0.9263671373555841
7612.225063752277 1.0354300385109114
7622.2370127504555 0.8250064184852375
7632.2489617486335 0.9665211810012837
7642.2609107468115 0.8511938382541719
7652.2728597449905 0.9482413350449294
7662.284808743169 0.9594865211810013
7672.296757741348 0.865571245186136
7682.308706739526 0.9020282413350449
7692.320655737704 1.083286264441592
7702.332604735883 0.9539409499358151
7712.344553734062 0.8655198973042362
7722.35650273224 0.9334274711168165
7732.368451730418 0.7717586649550705
7742.380400728597 0.9262644415917843
7752.392349726776 0.9551732991014121
7762.404298724954 0.9209242618741977
7772.416247723132 0.9485494223363286
7782.428196721311 1.0485750962772786
7792.44014571949 0.8826187419768935
7802.452094717669 0.8386136071887035
7812.464043715847 0.8230038510911425
7822.475992714025 0.6728626444159178
7832.487941712204 0.92400513478819
7842.499890710383 1.116354300385109
7852.511839708561 1.1294480102695765
7862.523788706739 0.9861874197689345
7872.535737704918 0.8294736842105263
7882.547686703097 1.0555070603337613
7892.5596357012755 0.9899358151476251
7902.5715846994535 1.0890372272143773
7912.5835336976315 0.9113222079589216
7922.5954826958105 0.9958921694480103
7932.607431693989 0.8994608472400514
7942.619380692167 1.1634916559691912
7952.631329690345 1.1150192554557123
7962.643278688524 0.9112195121951219
7972.655227686703 1.2027727856225932
7982.667176684881 1.0542747111681643
7992.679125683059 0.8328626444159178
8002.691074681238 1.0242875481386393
8012.703023679417 1.0921181001283697
8022.714972677596 1.0134531450577664
8032.726921675774 1.1841335044929395
8042.738870673952 0.9428498074454429
8052.750819672131 1.0673170731707315
8062.76276867031 0.8687034659820282
8072.774717668488 1.0510397946084724
8082.786666666666 1.014428754813864
8092.798615664845 0.9277535301668806
8102.810564663024 1.0453658536585366
8112.822513661202 0.8602824133504493
8122.83446265938 0.924775353016688
8132.846411657559 0.9631322207958921
8142.858360655738 1.1090629011553272
8152.870309653917 0.8802567394094993
8162.882258652095 1.086829268292683
8172.894207650273 1.0504749679075738
8182.9061566484515 0.9930166880616175
8192.91810564663 1.1541976893453143
8202.930054644808 1.0392297817715017
8212.942003642987 1.0271116816431323
8222.953952641165 1.0636713735558407
8232.965901639345 1.1545571245186135
8242.977850637522 1.0754300385109112
8252.9897996357 0.8562772785622593
8263.00174863388 0.9301155327342746
8273.013697632057 0.848421052631579
8283.025646630238 0.9972785622593068
8293.037595628415 0.685596919127086
8303.049544626592 1.045699614890886
8313.061493624773 0.7980487804878049
8323.07344262295 0.854839537869063
8333.085391621129 1.0728626444159177
8343.097340619308 0.7926059050064185
8353.109289617485 0.8324005134788189
8363.121238615666 0.7530937098844672
8373.133187613843 0.9568677792041078
8383.14513661202 0.9260590500641849
8393.1570856102 0.9649293966623876
8403.169034608378 0.9194865211810013
8413.180983606559 0.9043388960205392
8423.192932604736 1.0390757381258022
8433.204881602913 0.9581514762516047
8443.216830601094 0.913581514762516
8453.22877959927 1.162002567394095
8463.24072859745 0.9998459563543004
8473.252677595628 0.9280102695763799
8483.264626593806 1.1009756097560974
8493.276575591986 1.0901155327342749
8503.288524590163 0.8215147625160463
8513.300473588342 0.9190757381258023
8523.312422586521 0.9827471116816431
8533.324371584698 1.0117586649550705
8543.33632058288 1.0348652118100128
8553.348269581056 0.87599486521181
8563.360218579233 1.2054428754813864
8573.372167577414 1.0849293966623876
8583.384116575591 0.9196405648267009
8593.39606557377 0.9643132220795891
8603.408014571949 1.1173299101412069
8613.419963570126 1.0242105263157895
8623.431912568307 0.7936842105263158
8633.443861566484 1.0991014120667522
8643.455810564663 1.1299101412066752
8653.467759562842 1.0350706033376122
8663.479708561019 1.1386906290115533
8673.4916575592 1.0312708600770217
8683.503606557377 0.990449293966624
8693.515555555554 0.9684724005134788
8703.527504553735 1.0991014120667522
8713.539453551912 0.9101412066752246
8723.55140255009 0.9013093709884468
8733.56335154827 0.8200256739409499
8743.575300546447 0.8143517329910142
8753.587249544627 0.8002053915275995
8763.599198542805 1.1190243902439025
8773.611147540983 0.8706033376123234
8783.623096539162 0.8129910141206674
8793.63504553734 1.0398973042362003
8803.64699453552 0.7989216944801028
8813.658943533697 1.0382028241335044
8823.670892531874 0.8165340179717587
8833.682841530055 0.9838254172015404
8843.694790528232 0.9220539152759949
8853.706739526411 0.9167650834403082
8863.71868852459 0.9657509627727856
8873.730637522767 1.0757381258023104
8883.742586520948 0.8841078305519897
8893.754535519125 0.8512965340179717
8903.766484517304 0.9821822849807446
8913.778433515483 1.023209242618742
8923.79038251366 0.5357124518613606
8933.80233151184 0.9274454428754814
8943.814280510018 0.8290629011553273
8953.826229508195 0.8836970474967908
8963.838178506376 0.732374839537869
8973.850127504553 0.7188703465982028
8983.862076502732 0.6230038510911425
8993.87402550091 1.074351732991014
