3507.325974499089 0.17543460925039872
3517.337923497268 6.319377990430621
3527.349872495446 -3.017543859649123
3537.361821493625 17.41786283891547
3547.373770491803 -9.288277511961722
3557.385719489982 -6.620414673046252
3567.397668488161 6.086124401913875
3577.409617486339 16.55223285486443
3587.421566484518 -3.112838915470494
3597.433515482696 7.783891547049441
3607.4454644808748 5.06140350877193
3617.457413479053 0.15957735247208932
3627.4693624772317 20.11981658692185
3637.4813114754097 10.882775119617223
3647.4932604735886 -4.059409888357257
3657.5052094717666 -13.452153110047846
3667.5171584699456 -16.39912280701754
3677.5291074681236 6.787878787878787
3687.5410564663025 9.96810207336523
3697.5530054644814 -7.953349282296649
3707.5649544626594 -18.217703349282296
3717.5769034608384 -5.720893141945774
3727.5888524590164 0.4698165869218501
3737.6008014571953 -1.5790271132376394
3747.6127504553733 -3.1846092503987236
3757.6246994535522 -10.533293460925039
3767.6366484517303 6.4258373205741615
3777.648597449909 -1.033492822966507
3787.660546448087 0.1956419457735247
3797.672495446266 7.354864433811802
3807.6844444444446 3.1391945773524714
3817.696393442623 1.327950558213716
3827.708342440802 -0.7217703349282295
3837.72029143898 7.768341307814991
3847.732240437159 -3.0999601275917064
3857.744189435337 0.8152711323763955
3867.756138433516 -3.474521531100478
3877.768087431694 0.3729864433811802
3887.780036429873 -2.707017543859649
3897.791985428051 2.2972886762360445
3907.8039344262297 -0.023305821371610844
3917.8158834244077 0.9015550239234449
3927.8278324225867 3.9140749601275915
3937.8397814207656 0.5146331738437001
3947.8517304189436 1.0985247208931417
3957.8636794171225 2.4332137161084524
3967.8756284153005 0.9531499202551834
3977.8875774134794 2.9034290271132375
3987.8995264116575 -3.114473684210526
3997.9114754098364 1.7782695374800637
4007.9234244080144 -7.378588516746412
4017.9353734061933 1.18122009569378
4027.9473224043713 -1.47719298245614
4037.9592714025503 -6.074960127591706
4047.9712204007287 -2.4208532695374796
4057.983169398907 -0.5019138755980861
4067.995118397086 2.280462519936204
4078.007067395264 2.3332934609250398
4088.019016393443 2.0171850079744815
4098.030965391621 -4.023524720893142
4108.0429143898 0.7565390749601275
4118.054863387978 1.2635566188197767
4128.066812386157 0.3912759170653907
4138.078761384335 -0.47116028708133967
4148.090710382514 -0.5565390749601276
4158.102659380693 0.7225279106858054
4168.114608378871 -0.4274322169059011
4178.126557377049 -2.2326953748006377
4188.138506375228 0.37726874003189786
4198.150455373407 -5.289074960127591
4208.162404371585 -0.5562599681020733
4218.174353369764 3.573564593301435
4228.186302367942 0.5019537480063796
4238.1982513661205 -0.37801435406698564
4248.2102003642985 -1.463835725677831
4258.2221493624775 -0.21901913875598084
4268.2340983606555 -0.27966507177033495
4278.246047358834 2.7046650717703344
4288.257996357013 1.6693779904306218
4298.269945355191 -1.5492025518341306
4308.281894353369 -0.34301834130781494
4318.293843351548 -1.0491228070175438
4328.305792349727 3.7732456140350874
4338.317741347905 1.643102073365231
4348.329690346084 3.1556220095693774
4358.341639344262 1.484250398724083
4368.353588342441 0.859609250398724
4378.36553734062 0.5027511961722488
4388.377486338798 -1.0857655502392343
4398.389435336976 1.0488437001594895
4408.401384335155 2.9577751196172244
4418.413333333334 0.6349681020733652
4428.425282331512 -1.387998405103668
4438.43723132969 1.3728867623604466
4448.449180327869 -1.8510366826156297
4458.461129326048 -0.025118421052631578
4468.473078324226 0.512639553429027
4478.485027322405 1.3005582137161085
4488.496976320583 0.2898205741626794
4498.508925318762 3.0738437001594896
4508.5208743169405 -1.6712519936204147
4518.532823315119 1.2132775119617223
4528.544772313297 0.7610247208931419
4538.5567213114755 0.6874401913875597
4548.568670309654 0.72085326953748
4558.580619307832 1.0142344497607654
4568.592568306011 2.00115629984051
4578.604517304189 1.120334928229665
4588.616466302368 2.1621610845295054
4598.628415300546 -0.14096491228070174
4608.640364298725 0.8708133971291866
4618.652313296903 2.046730462519936
4628.664262295082 -0.28138357256778307
4638.676211293261 0.08651913875598086
4648.688160291439 0.3929047049441786
4658.700109289617 -0.3337480063795853
4668.712058287796 0.8068580542264753
4678.724007285975 0.883652312599681
4688.735956284153 0.9021929824561402
4698.747905282332 -0.048616427432216905
4708.75985428051 2.3293062200956935
4718.771803278689 0.2800438596491228
4728.783752276867 0.9023923444976075
4738.795701275046 -0.08725279106858053
4748.807650273224 2.3386363636363634
4758.819599271403 0.4147129186602871
4768.831548269582 1.0911881977671452
4778.84349726776 -0.28240430622009566
4788.855446265938 1.1316188197767145
4798.867395264117 1.0850877192982455
4808.8793442622955 2.511682615629984
4818.8912932604735 -0.07110446570972886
4828.903242258652 0.6471690590111643
4838.91519125683 -1.5836523125996809
4848.927140255009 0.7878787878787878
4858.939089253187 -0.03767424242424242
4868.951038251366 1.2996810207336522
4878.962987249544 -0.09268740031897925
4888.974936247723 0.0981499202551834
4898.986885245902 0.41694577352472084
4908.99883424408 0.8839712918660286
4919.010783242258 1.7998803827751193
4929.022732240437 0.8218500797448165
4939.034681238616 0.8597687400318978
4949.046630236794 0.48460925039872405
4959.058579234973 1.161004784688995
4969.070528233151 -0.5875996810207336
4979.08247723133 1.1770733652312597
4989.094426229508 2.1341307814992025
4999.106375227687 0.7659489633173843
5009.118324225865 0.011310207336523125
5019.130273224044 0.7751196172248803
5029.142222222223 -0.642384370015949
5039.154171220401 1.1570773524720892
5049.166120218579 2.0961722488038275
5059.178069216758 1.0277910685805423
5069.190018214937 0.9625199362041467
5079.201967213115 -0.2776555023923445
5089.2139162112935 0.014162280701754385
5099.2258652094715 -0.40972886762360444
5109.23781420765 1.1490829346092504
5119.2497632058285 0.5352870813397129
5129.261712204007 0.13882775119617224
5139.273661202185 1.2211722488038277
5149.285610200364 0.6051435406698563
5159.297559198543 0.5920853269537479
5169.309508196721 0.5559011164274321
5179.3214571949 0.9496012759170653
5189.333406193078 0.17461323763955341
5199.345355191257 1.366108452950558
5209.357304189435 1.407974481658692
5219.369253187614 0.10615231259968101
5229.381202185792 0.3450837320574162
5239.393151183971 0.32579346092503986
5249.40510018215 1.6317783094098883
5259.417049180328 1.0845693779904304
5269.428998178506 0.9431020733652311
5279.440947176685 0.8028309409888357
5289.452896174864 0.9269736842105262
5299.464845173042 1.2169457735247207
5309.476794171221 1.505023923444976
5319.488743169399 0.11546251993620414
5329.500692167578 1.9618022328548643
5339.512641165756 -0.030065390749601274
5349.524590163935 1.7151515151515149
5359.536539162113 0.36834529505582136
5369.5484881602915 -0.0421371610845295
5379.56043715847 0.4844497607655502
5389.5723861566485 2.004864433811802
5399.5843351548265 0.6290669856459329
5409.596284153005 0.3973724082934609
5419.608233151184 1.3370015948963316
5429.620182149362 2.2982456140350878
5439.632131147541 0.9038676236044656
5449.644080145719 0.581578947368421
5459.656029143898 1.49274322169059
5469.667978142076 0.3625199362041467
5479.679927140255 0.16234848484848485
5489.691876138433 0.899401913875598
5499.703825136612 2.040749601275917
5509.715774134791 0.8639154704944177
5519.727723132969 1.6715709728867623
5529.739672131147 -0.19580940988835724
5539.751621129326 1.364792663476874
5549.763570127505 0.17221291866028707
5559.775519125683 1.5894338118022326
5569.787468123862 0.4557814992025518
5579.79941712204 1.8171052631578946
5589.811366120219 0.9435007974481658
5599.823315118397 0.6041467304625199
5609.835264116576 0.17565789473684207
5619.847213114754 0.9377990430622009
5629.859162112933 0.8945773524720892
5639.871111111111 0.9812599681020733
5649.8830601092895 1.8550637958532694
5659.8950091074685 1.5282695374800637
5669.9069581056465 1.587400318979266
5679.918907103825 0.33540669856459326
5689.930856102003 1.7005582137161082
5699.942805100182 2.0887559808612437
5709.95475409836 0.33589314194577347
5719.966703096539 1.2443381180223285
5729.978652094717 -0.6761164274322169
5739.990601092896 -0.584170653907496
5750.002550091074 0.3636363636363636
5760.014499089253 1.1362041467304624
5770.026448087432 2.5283492822966505
5780.03839708561 0.08900318979266347
5790.050346083789 0.9566188197767144
5800.062295081967 0.5747208931419456
5810.074244080146 1.062799043062201
5820.086193078324 1.83755980861244
5830.098142076503 0.8991626794258372
5840.110091074681 1.7907894736842103
5850.12204007286 0.2671690590111642
5860.133989071038 0.674481658692185
5870.145938069217 1.2405901116427431
5880.157887067396 1.262121212121212
5890.169836065574 1.1999601275917064
5900.181785063753 1.3411483253588514
5910.193734061931 1.9082934609250397
5920.20568306011 0.2428987240829346
5930.217632058288 0.5204425837320574
5940.2295810564665 0.7551036682615629
5950.2415300546445 1.4178628389154704
5960.253479052823 0.18716905901116423
5970.265428051001 1.111762360446571
5980.27737704918 0.5283492822966507
5990.289326047358 1.5748803827751194
6000.301275045537 0.72396331738437
6010.313224043716 0.5802232854864434
6020.325173041894 1.6099282296650717
6030.337122040073 1.5864035087719297
6040.349071038251 1.3786283891547049
6050.36102003643 1.2041866028708132
6060.372969034608 1.4367424242424243
6070.384918032787 1.3452551834130781
6080.396867030965 0.6471291866028708
6090.408816029144 1.0512759170653907
6100.420765027322 0.8974481658692184
6110.432714025501 1.6938596491228068
6120.444663023679 0.5513157894736842
6130.456612021858 1.5023125996810207
6140.468561020037 1.6214912280701752
6150.480510018215 1.8287878787878786
6160.492459016394 0.4736044657097288
6170.504408014572 0.5443381180223285
6180.516357012751 1.411961722488038
6190.528306010929 1.6735446570972885
6200.540255009108 1.005901116427432
6210.552204007286 1.1466905901116426
6220.5641530054645 0.6440590111642743
6230.5761020036425 1.4495614035087718
6240.588051001821 0.762639553429027
6250.599999999999 1.0592105263157894
6260.611948998178 1.6468500797448165
6270.623897996357 1.5247208931419458
6280.635846994535 1.690590111642743
6290.647795992714 1.3002392344497606
6300.659744990892 1.0732456140350877
6310.671693989071 0.9177033492822966
6320.683642987249 1.4279904306220095
6330.695591985428 1.9582934609250398
6340.707540983606 0.8889952153110047
6350.719489981785 1.3828149920255182
6360.731438979963 1.3809409888357256
6370.743387978142 1.0421451355661882
6380.755336976321 0.9805422647527909
6390.767285974499 0.7883971291866028
6400.779234972678 1.2691786283891544
6410.791183970856 1.3352073365231258
6420.803132969035 1.2206140350877193
6430.815081967213 0.8495614035087719
6440.827030965392 0.4023464912280702
6450.83897996357 1.1028708133971292
6460.850928961749 1.3082934609250398
6470.862877959927 1.6230462519936202
6480.874826958106 0.6628787878787878
6490.8867759562845 1.7342902711323762
6500.8987249544625 1.0041467304625198
6510.910673952641 0.6697767145135565
6520.9226229508195 0.5350877192982456
6530.934571948998 0.807535885167464
6540.946520947176 0.6163476874003189
6550.958469945355 1.410725677830941
6560.970418943533 0.35696969696969694
6570.982367941712 1.267663476874003
6580.99431693989 0.24164673046251992
6591.006265938069 0.8204146730462519
6601.018214936247 1.1751594896331736
6611.030163934426 1.2302232854864432
6621.042112932605 0.9072169059011164
6631.054061930783 0.8976475279106857
6641.066010928962 0.39035087719298245
6651.07795992714 1.0710925039872405
6661.089908925319 1.1762759170653907
6671.101857923497 1.0899122807017543
6681.113806921676 1.103907496012759
6691.125755919854 1.2807017543859647
6701.137704918033 1.6396331738437002
6711.149653916211 1.301395534290271
6721.16160291439 1.393102073365231
6731.173551912568 1.610805422647528
6741.185500910747 0.6073763955342902
6751.197449908926 0.6682216905901115
6761.209398907104 1.047169059011164
6771.2213479052825 1.456499202551834
6781.2332969034605 1.6695374800637957
6791.2452459016395 0.8406299840510366
6801.2571948998175 1.0538676236044655
6811.269143897996 0.8684210526315789
6821.281092896174 1.1566786283891546
6831.293041894353 1.4126794258373205
6841.304990892531 1.371810207336523
6851.31693989071 1.5405502392344497
6861.328888888888 2.092583732057416
6871.340837887067 1.289872408293461
6881.352786885246 1.0
6891.364735883424 1.1842105263157894
6901.376684881603 1.2775518341307812
6911.388633879781 1.0765948963317382
6921.40058287796 0.3699521531100478
6931.412531876138 1.0841706539074958
6941.424480874317 0.9806220095693778
6951.436429872495 1.2162280701754387
6961.448378870674 0.9532695374800637
6971.460327868852 1.4522727272727272
6981.472276867031 1.0159888357256777
6991.48422586521 1.7434609250398723
7001.496174863388 1.589114832535885
7011.508123861567 0.9152711323763955
7021.520072859745 1.3946172248803828
7031.532021857924 1.5781100478468897
7041.543970856102 0.4163078149920255
7051.555919854281 1.1984848484848485
7061.567868852459 0.8359250398724082
7071.5798178506375 0.6842105263157894
7081.5917668488155 1.096232057416268
7091.603715846994 1.5673843700159489
7101.615664845173 0.5788676236044656
7111.627613843351 0.8545454545454545
7121.63956284153 1.1037081339712917
7131.651511839708 1.140151515151515
7141.663460837887 1.6389553429027113
7151.675409836065 1.0144338118022327
7161.687358834244 1.118421052631579
7171.699307832422 0.9074561403508771
7181.711256830601 1.2033492822966507
7191.723205828779 1.2110446570972886
7201.735154826958 1.1595693779904306
7211.747103825136 1.0763157894736841
7221.759052823315 1.0919059011164272
7231.771001821494 0.6571770334928229
7241.782950819672 0.5999601275917065
7251.794899817851 1.7638755980861243
7261.806848816029 0.04826555023923444
7271.818797814208 0.3563237639553429
7281.830746812386 1.006499202551834
7291.842695810565 1.3273923444976075
7301.854644808743 0.8721690590111641
7311.866593806922 1.0159888357256777
7321.8785428051 0.8990031897926634
7331.890491803279 0.9784290271132375
7341.902440801457 0.9755183413078149
7351.9143897996355 1.067464114832536
7361.926338797814 1.1831339712918658
7371.938287795992 0.053827751196172245
7381.950236794171 1.0903907496012757
7391.962185792349 1.0222886762360446
7401.974134790528 0.21583333333333332
7411.986083788706 0.8660287081339713
7421.998032786885 0.9584928229665071
7432.009981785063 0.6732456140350876
7442.021930783242 0.942224880382775
7452.03387978142 1.088237639553429
7462.045828779599 0.9063197767145135
7472.057777777777 0.8927033492822966
7482.069726775956 -0.010257575757575757
7492.081675774135 0.38014752791068573
7502.093624772313 1.1994417862838913
7512.105573770492 1.1753987240829344
7522.11752276867 3.8132376395534284
7532.129471766849 2.5367224880382775
7542.141420765027 0.903987240829346
7552.153369763206 0.9548644338118022
7562.165318761384 1.748006379585327
7572.177267759563 1.372767145135566
7582.189216757741 1.1517942583732057
7592.20116575592 1.256499202551834
7602.213114754099 2.2139952153110047
7612.225063752277 0.3031379585326953
7622.2370127504555 1.5702153110047845
7632.2489617486335 2.465869218500797
7642.2609107468115 1.047169059011164
7652.2728597449905 0.7196969696969696
7662.284808743169 1.0771929824561404
7672.296757741348 1.2554226475279104
7682.308706739526 0.9991228070175439
7692.320655737704 1.3049043062200956
7702.332604735883 1.0563795853269538
7712.344553734062 1.4618819776714513
7722.35650273224 1.6705741626794257
7732.368451730418 0.6686602870813396
7742.380400728597 1.5481259968102072
7752.392349726776 1.7291467304625199
7762.404298724954 1.131140350877193
7772.416247723132 1.5927033492822966
7782.428196721311 0.5740031897926634
7792.44014571949 1.5759170653907493
7802.452094717669 1.3960925039872407
7812.464043715847 1.3354066985645932
7822.475992714025 1.4834529505582135
7832.487941712204 0.5722886762360445
7842.499890710383 1.197767145135566
7852.511839708561 0.9822169059011163
7862.523788706739 1.2058213716108452
7872.535737704918 0.5379186602870814
7882.547686703097 1.2339712918660286
7892.5596357012755 1.1464912280701753
7902.5715846994535 0.8299043062200956
7912.5835336976315 0.9755183413078149
7922.5954826958105 1.6638755980861242
7932.607431693989 0.6150318979266347
7942.619380692167 0.5200159489633174
7952.631329690345 0.8103269537480062
7962.643278688524 1.364114832535885
7972.655227686703 0.7668660287081339
7982.667176684881 0.5771929824561403
7992.679125683059 1.6203748006379584
8002.691074681238 0.4294657097288676
8012.703023679417 1.5045454545454544
8022.714972677596 0.9337719298245614
8032.726921675774 0.6017942583732058
8042.738870673952 1.3034688995215309
8052.750819672131 1.5557814992025516
8062.76276867031 1.2867623604465708
8072.774717668488 1.1046650717703348
8082.786666666666 0.5350478468899521
8092.798615664845 0.609609250398724
8102.810564663024 1.2653508771929824
8112.822513661202 0.8867623604465709
8122.83446265938 0.43512759170653903
8132.846411657559 1.1435805422647527
8142.858360655738 1.0187400318979265
8152.870309653917 1.2202153110047846
8162.882258652095 0.2502432216905901
8172.894207650273 0.8759170653907494
8182.9061566484515 1.1711323763955341
8192.91810564663 0.6345295055821372
8202.930054644808 0.6726475279106857
8212.942003642987 1.2299441786283891
8222.953952641165 0.38338118022328543
8232.965901639345 1.038237639553429
8242.977850637522 0.9644736842105261
8252.9897996357 1.020933014354067
8263.00174863388 1.2002791068580543
8273.013697632057 1.7310606060606057
8283.025646630238 1.8222089314194576
8293.037595628415 1.3976475279106857
8303.049544626592 1.0004385964912281
8313.061493624773 1.0059409888357256
8323.07344262295 1.4501196172248803
8333.085391621129 1.2119617224880381
8343.097340619308 1.33755980861244
8353.109289617485 0.8423046251993619
8363.121238615666 1.5574760765550237
8373.133187613843 1.0755582137161084
8383.14513661202 1.8907894736842104
8393.1570856102 1.2854465709728866
8403.169034608378 1.223125996810207
8413.180983606559 1.7925039872408293
8423.192932604736 1.8187001594896328
8433.204881602913 3.103628389154705
8443.216830601094 1.385645933014354
8453.22877959927 0.42316586921850075
8463.24072859745 1.636244019138756
8473.252677595628 1.3279106858054226
8483.264626593806 1.0041467304625198
8493.276575591986 0.7946969696969696
8503.288524590163 1.4101674641148323
8513.300473588342 1.2161483253588516
8523.312422586521 0.8948165869218501
8533.324371584698 1.3057017543859648
8543.33632058288 1.7176634768740031
8553.348269581056 1.0766347687400317
8563.360218579233 0.5340510366826156
8573.372167577414 0.7202153110047846
8583.384116575591 1.8181419457735246
8593.39606557377 0.7698564593301435
8603.408014571949 0.7299840510366825
8613.419963570126 1.0691387559808612
8623.431912568307 0.9742424242424241
8633.443861566484 1.5297846889952151
8643.455810564663 1.144657097288676
8653.467759562842 1.3301036682615628
8663.479708561019 1.4356459330143538
8673.4916575592 0.6879186602870813
8683.503606557377 0.7874800637958532
8693.515555555554 0.6824162679425837
8703.527504553735 0.163341307814992
8713.539453551912 1.111602870813397
8723.55140255009 0.9836921850079744
8733.56335154827 1.0296251993620413
8743.575300546447 0.6103468899521531
8753.587249544627 0.5639154704944178
8763.599198542805 0.7543062200956937
8773.611147540983 0.587719298245614
8783.623096539162 0.3320175438596491
8793.63504553734 0.7740430622009569
8803.64699453552 0.8492025518341307
8813.658943533697 0.924401913875598
8823.670892531874 0.2565590111642743
8833.682841530055 0.39269537480063793
8843.694790528232 0.6866427432216905
8853.706739526411 0.2729505582137161
8863.71868852459 1.085207336523126
8873.730637522767 0.35064792663476874
8883.742586520948 -0.09905103668261563
8893.754535519125 1.162041467304625
8903.766484517304 1.4717304625199361
8913.778433515483 0.7999601275917064
8923.79038251366 0.665231259968102
8933.80233151184 0.4464912280701754
8943.814280510018 -0.2947607655502392
8953.826229508195 1.101116427432217
8963.838178506376 0.6390350877192982
8973.850127504553 1.0642344497607654
8983.862076502732 1.081578947368421
8993.87402550091 1.2221690590111642
