3509.6538524590164 2.202817370084854
3519.661557377049 1.2253341467472687
3529.6692622950823 0.6345183295435638
3539.676967213115 2.3456269757639623
3549.6846721311476 2.222727524818368
3559.6923770491803 0.7821529587931896
3569.700081967213 2.4140646664078536
3579.707786885246 2.6732848982308246
3589.715491803279 2.7072819033886084
3599.7231967213115 3.991181853474572
3609.730901639344 3.0343297654040264
3619.7386065573774 5.276773334812268
3629.74631147541 1.4170595086240363
3639.7540163934427 0.5816649104320337
3649.7617213114754 2.550496367367312
3659.769426229508 3.7606899229105433
3669.777131147541 2.4167822084188346
3679.784836065574 2.5986356829904054
3689.7925409836066 2.7784925960845213
3699.8002459016393 5.698519216904221
3709.8079508196724 2.9009483667017912
3719.815655737705 3.2891131939437637
3729.823360655738 3.7569741001608343
3739.8310655737705 4.344434584881593
3749.838770491803 3.993400255116189
3759.846475409836 3.9439853585491655
3769.854180327869 4.215018579113749
3779.8618852459017 3.35566524319228
3789.8695901639344 2.533636514891021
3799.8772950819675 3.5027452720315018
3809.885 2.754478398314015
3819.892704918033 3.0870168043924355
3829.9004098360656 2.9960623370861295
3839.9081147540983 2.5633630968886916
3849.915819672131 2.3124064111807443
3859.923524590164 2.786395651932783
3869.931229508197 1.6027951860684377
3879.9389344262295 1.8111031002162943
3889.9466393442626 2.5549331706505463
3899.9543442622953 2.5499417669569078
3909.962049180328 2.5148355609783155
3919.9697540983607 2.3745216571460266
3929.9774590163934 3.07087793244967
3939.985163934426 2.490599523043647
3949.992868852459 2.465975264821696
3960.000573770492 2.005546004104043
3970.0082786885246 2.050856857634075
3980.0159836065577 2.948976762242804
3990.0236885245904 1.9789251844046365
4000.031393442623 3.0165270922300484
4010.0390983606558 3.214963119072708
4020.0468032786885 3.475126171593367
4030.054508196721 3.5674116798846436
4040.062213114754 3.202429149797571
4050.069918032787 3.2436914203316514
4060.0776229508197 3.527424990294493
4070.085327868853 3.1956075647495976
4080.0930327868855 3.3955964727413903
4090.100737704918 4.043425212134657
4100.108442622951 3.5013587710054908
4110.116147540984 3.0540180799733796
4120.123852459016 3.1801896733403585
4130.131557377049 3.221174643669236
4140.1392622950825 3.59658366147191
4150.146967213115 3.416283068049471
4160.154672131148 3.3640951694304255
4170.162377049181 3.3335921468581886
4180.170081967213 3.267040097609672
4190.177786885246 3.4294270977760526
4200.185491803279 3.8145970828018414
4210.193196721311 3.2566690699351115
4220.200901639344 4.202706450002773
4230.208606557377 3.7781598358382786
4240.216311475409 3.13010925628085
4250.224016393443 3.1185735677444404
4260.231721311476 2.9513060839665024
4270.239426229508 2.9036104486717322
4280.247131147541 3.081859020575675
4290.254836065574 2.986689590150297
4300.262540983606 2.763518385003605
4310.270245901639 2.798458210859076
4320.277950819673 2.940214075758416
4330.285655737705 2.7059508624036384
4340.293360655738 2.47293549997227
4350.301065573771 2.6391215129499197
4360.308770491803 2.511064278187566
4370.316475409836 2.2906106150518553
4380.324180327869 2.15717375630858
4390.3318852459015 2.367755532139094
4400.339590163934 1.8421052631578947
4410.347295081967 1.891852919971161
4420.355 1.6022960456990738
4430.362704918032 1.9649492540624482
4440.370409836066 1.6736731185181077
4450.3781147540985 2.2605512728079415
4460.385819672131 1.624119571848483
4470.393524590164 2.0470855748433254
4480.401229508197 2.022017636293051
4490.408934426229 2.4797848150407633
4500.416639344263 2.182075314735733
4510.424344262296 2.1482446897010705
4520.432049180328 2.0265653596583664
4530.439754098361 2.235427874216627
4540.447459016394 1.9397149353890524
4550.455163934426 2.2818479285674673
4560.462868852459 2.377960179690533
4570.470573770492 2.2809605679108205
4580.478278688524 2.127669014475071
4590.485983606557 2.151405912040375
4600.49368852459 2.1928345626975765
4610.501393442622 2.11984914868837
4620.509098360656 1.97293549997227
4630.516803278689 2.1232322111918362
4640.524508196721 2.1058732183461815
4650.532213114754 2.0301702623259943
4660.539918032787 2.311075370195774
4670.5476229508195 2.4404081859020574
4680.555327868853 2.1171870667184294
4690.563032786886 2.435416782208419
4700.570737704918 2.374216626920304
4710.578442622951 1.9572403083578283
4720.586147540984 2.1489102101935553
4730.5938524590165 2.5890965559314516
4740.601557377049 2.1465254284288173
4750.609262295082 2.2760800842992626
4760.616967213115 2.1606122788530864
4770.624672131147 2.4143419666130552
4780.63237704918 2.2276634684709666
4790.640081967213 2.4340857412234485
4800.647786885245 2.3094670290056016
4810.655491803279 2.213132937718374
4820.663196721312 2.1973268260218513
4830.670901639344 2.1134157839276804
4840.678606557377 2.001441961067051
4850.68631147541 1.9741556208751596
4860.694016393443 2.0447562531196275
4870.701721311476 1.6512672619377737
4880.709426229509 1.768676168820365
4890.717131147541 1.863013698630137
4900.724836065574 1.9114303144584328
4910.732540983607 1.8438799844711886
4920.740245901639 1.8713327047862016
4930.747950819672 2.134435139482003
4940.755655737705 1.7972658199767066
4950.763360655737 2.095724030835783
4960.77106557377 1.7915257057290224
4970.778770491803 1.8000665520492485
4980.7864754098355 1.9313959292329876
4990.794180327869 2.2423603793466804
5000.801885245902 1.8581886750596195
5010.809590163934 1.8474294270977762
5020.817295081967 1.887249736564805
5030.825 1.8734956463867782
5040.8327049180325 1.7950196883145695
5050.840409836066 1.5693527813210582
5060.848114754099 1.7187066718429374
5070.8558196721315 1.655648605179968
5080.863524590164 1.8249681104764017
5090.871229508197 1.5433420220730965
5100.8789344262295 1.6600854084632024
5110.886639344262 1.7385613665354112
5120.894344262295 1.5439520825245412
5130.902049180328 1.5250956685707946
5140.90975409836 1.4774000332760246
5150.917459016393 1.2486273639842493
5160.925163934426 1.3327047862015418
5170.932868852459 1.5596472741389829
5180.940573770492 1.34662525650269
5190.948278688525 1.4243802340413731
5200.955983606557 1.6430037158227497
5210.96368852459 1.4986412289945095
5220.971393442623 1.5107315179413234
5230.979098360656 1.547556985192169
5240.986803278689 1.6511008818146526
5250.994508196722 1.727802118573568
5261.002213114754 1.5246519882424714
5271.009918032787 1.703843380844102
5281.01762295082 1.6569796461649382
5291.025327868852 1.8003715822749708
5301.033032786885 1.747157672896678
5311.040737704918 1.67783262159614
5321.0484426229505 1.564694137873662
5331.056147540983 1.5638067772170152
5341.063852459016 1.7251400366036271
5351.0715573770485 1.7341800232932174
5361.079262295082 1.6423381953302647
5371.086967213115 1.7553657589706615
5381.0946721311475 1.7763296544839444
5391.10237704918 1.518274083522822
5401.110081967213 1.59275691864012
5411.1177868852465 1.5533248294603739
5421.125491803279 1.7799622871720926
5431.133196721312 1.61982141866785
5441.1409016393445 1.6620265098996174
5451.148606557377 1.6690144750707114
5461.15631147541 1.4563252176806611
5471.164016393443 1.6466086184903777
5481.171721311475 1.755032998724419
5491.179426229508 1.492540624480062
5501.187131147541 1.2365370750374356
5511.194836065573 1.2392546170484167
5521.202540983606 1.2558926293605457
5531.210245901639 1.2593588819255728
5541.217950819672 1.3810104819477567
5551.225655737705 1.2403638178692253
5561.233360655738 1.2680383783484
5571.24106557377 1.2117464366923631
5581.248770491804 1.3972602739726028
5591.256475409837 1.2731961621651602
5601.264180327869 1.3388053907159894
5611.271885245902 1.4508901336586988
5621.279590163935 1.1111419222450225
5631.287295081967 1.1734790083744662
5641.295 1.17397814874383
5651.302704918033 1.301397593034219
5661.310409836065 0.9728245798901891
5671.318114754098 1.0367700072098054
5681.325819672131 1.2527868670622817
5691.3335245901635 1.2185125616992956
5701.341229508196 1.1621096999611782
5711.348934426229 1.3709722145194387
5721.356639344262 1.3106871499084911
5731.364344262295 1.032721424213854
5741.372049180328 1.1485219899062726
5751.3797540983605 1.3227219788142643
5761.387459016393 1.4140092063668126
5771.395163934427 1.170761466363485
5781.4028688524595 1.1713715268149298
5791.410573770492 1.0689922910542955
5801.418278688525 1.1103654816704565
5811.425983606558 1.0976096722311575
5821.43368852459 0.8132660418168709
5831.441393442623 1.1152459652820144
5841.449098360656 1.0
5851.456803278688 1.1518495923686984
5861.464508196721 1.0670511896178803
5871.472213114754 1.150629471465809
5881.479918032786 1.1460262880594532
5891.487622950819 1.223060285064611
5901.495327868852 0.9992790194664745
5911.503032786884 1.1580611169652266
5921.510737704918 1.2201209028894684
5931.518442622951 1.2089179745993013
5941.526147540983 1.2927735566524319
5951.533852459017 1.168432144639787
5961.54155737705 1.2881149132050358
5971.549262295082 1.259109311740891
5981.556967213115 1.1679330042704232
5991.564672131148 1.1725361876767788
6001.57237704918 1.0937274693583274
6011.580081967213 1.3122954910986635
6021.587786885246 1.225389606788309
6031.5954918032785 1.2116909766513229
6041.603196721311 1.1542343741334369
6051.610901639344 1.0711552326548721
6061.618606557377 1.0680494703566081
6071.626311475409 1.264932616050136
6081.634016393442 1.1325494980866286
6091.641721311475 1.1500194110143642
6101.649426229508 1.2020963895513284
6111.657131147541 1.266374577117187
6121.664836065574 0.9804780655537686
6131.672540983607 1.1677111641062616
6141.68024590164 1.3281570628362265
6151.687950819673 1.108368920193001
6161.695655737705 1.1596139981143587
6171.703360655738 1.180688813709722
6181.711065573771 1.3476235372414176
6191.718770491803 1.1070378792080307
6201.726475409836 1.2000443680328325
6211.734180327869 1.0001109200820808
6221.741885245901 1.0625589262936055
6231.749590163934 1.138816482724197
6241.757295081967 1.214408518662304
6251.764999999999 1.1011313848372248
6261.772704918032 1.2296600299484222
6271.780409836065 0.9762631024346958
6281.788114754098 1.044978093283789
6291.795819672131 1.1476346292496258
6301.803524590164 1.1470800288392213
6311.811229508196 0.9643391936110033
6321.81893442623 1.0901225666906995
6331.826639344263 0.9819754866618602
6341.834344262295 0.8632355387942987
6351.842049180328 1.0265098996173259
6361.849754098361 0.8334534967555876
6371.8574590163935 0.982724197215906
6381.865163934426 0.8529754312018192
6391.872868852459 0.9009483667017915
6401.8805737704915 0.8062780766457768
6411.888278688524 0.841106982419167
6421.895983606557 0.8752703677000722
6431.90368852459 0.7172092507348455
6441.911393442622 0.7761078143197826
6451.919098360655 0.8023404137319062
6461.926803278689 0.8327879762631025
6471.934508196721 0.839942321557318
6481.942213114754 0.9458155399034995
6491.949918032787 0.8034496145527149
6501.95762295082 0.9571848483167877
6511.965327868853 0.7848705008041706
6521.973032786886 0.8549165326382342
6531.980737704918 0.9209139814763464
6541.988442622951 0.9579612888913539
6551.996147540984 0.8106594198879707
6562.003852459016 0.8990072652653763
6572.011557377049 0.992901114746825
6582.019262295082 1.0253452387554767
6592.026967213114 0.7591925018024513
6602.034672131147 0.9867450501913371
6612.04237704918 0.9434862181798015
6622.0500819672125 0.9336697909156453
6632.057786885245 0.9389384948144862
6642.065491803278 0.9427097776052354
6652.073196721311 0.8663967611336033
6662.080901639344 0.9839720481393157
6672.088606557377 0.8482613277133826
6682.09631147541 0.8954578226387888
6692.104016393443 0.9838611280572348
6702.111721311476 0.9179745993012035
6712.1194262295085 0.9838056680161944
6722.127131147541 0.8576340746492153
6732.134836065574 0.8062780766457768
6742.1425409836065 0.7879762631024347
6752.150245901639 0.8293494537185958
6762.157950819672 0.6662414730186901
6772.165655737705 0.6970772558371693
6782.173360655737 0.7860351616660197
6792.18106557377 0.8008429926238145
6802.188770491803 0.8388885807775498
6812.196475409835 0.6757251400366037
6822.204180327868 0.729632299927902
6832.211885245902 0.7022350396539294
6842.219590163934 0.7389495868226943
6852.227295081967 0.6710942266097277
6862.235000000001 0.7202595529920692
6872.242704918033 0.8099384393544451
6882.250409836066 0.9423215573179525
6892.258114754099 0.8072763573845045
6902.265819672131 0.7781043757972381
6912.273524590164 0.686595308080528
6922.281229508197 0.8287393932671511
6932.288934426229 0.6760579002828463
6942.296639344262 0.805668016194332
6952.304344262295 0.7681770284510011
6962.312049180327 0.7920803061394265
6972.31975409836 0.7708391104209417
6982.327459016393 0.7185957517608563
6992.3351639344255 0.7028451001053742
7002.342868852458 0.6859297875880428
7012.350573770492 0.7265265376296379
7022.3582786885245 0.807609117630747
7032.365983606557 0.7034551605568188
7042.37368852459 0.8432144639787034
7052.381393442623 0.7656813266041818
7062.389098360656 0.8077754977538684
7072.396803278689 0.7982363706949144
7082.4045081967215 0.7068382230602852
7092.412213114754 0.702956020187455
7102.419918032787 0.6268648438799845
7112.42762295082 0.6943042537851478
7122.435327868852 0.664300371582275
7132.443032786885 0.6921967722256115
7142.450737704918 0.7187066718429372
7152.45844262295 0.5116299706061783
7162.466147540983 0.6588652875603128
7172.473852459016 0.57345682435805
7182.481557377048 0.4647274138982863
7192.489262295081 0.6013532250013865
7202.496967213115 0.6012977649603461
7212.504672131147 0.5282707559203594
7222.51237704918 0.692529532471854
7232.520081967214 0.6557040652210082
7242.527786885246 0.7510953358105485
7252.535491803279 0.5941434196661305
7262.543196721312 0.5787809882979315
7272.550901639344 0.601020464755144
7282.558606557377 0.5887637956852089
7292.56631147541 0.5229826410071544
7302.574016393442 0.607731129721036
7312.581721311475 0.5083245521601687
7322.589426229508 0.4306416726748378
7332.5971311475405 0.5679662802950475
7342.604836065573 0.5739005046863734
7352.612540983606 0.5263046974654761
7362.620245901639 0.5231212911097555
7372.627950819671 0.6153291553435749
7382.635655737705 0.5558759913482336
7392.6433606557375 0.5960845211025456
7402.65106557377 0.6425600354944263
7412.658770491804 0.6606400088736066
7422.6664754098365 0.6017414452886696
7432.674180327869 0.5540679940103156
7442.681885245902 0.6076756696799955
7452.689590163935 0.5905385169985026
7462.697295081967 0.5324441240086518
7472.705 0.5685208807054517
7482.712704918033 0.5995785036880927
7492.720409836065 0.6584216072319894
7502.728114754098 0.5242970439798126
7512.735819672131 0.47575287005712386
7522.743524590163 0.597803782374799
7532.751229508196 0.3879818091065388
7542.758934426229 0.5538184238256336
7552.766639344261 0.5274360823027009
7562.774344262295 0.5760911763074704
7572.782049180328 0.4889246298042261
7582.78975409836 0.5345460595640841
7592.797459016393 0.35476679052742505
7602.805163934427 0.23586046253674228
7612.812868852459 0.5263435194942044
7622.820573770492 0.5398591314957573
7632.828278688525 0.46059564084077426
7642.835983606557 0.43347568077200377
7652.84368852459 0.5752315456713437
7662.851393442623 0.5530087072264434
7672.8590983606555 0.4579335588708336
7682.866803278688 0.5369696633575509
7692.874508196721 0.6073983694747934
7702.8822131147535 0.45880428151516833
7712.889918032786 0.42741389828628473
7722.897622950819 0.5012034828905774
7732.905327868852 0.5848815928123787
7742.913032786884 0.6282513449059953
7752.920737704917 0.531307193167323
7762.928442622951 0.46923076923076923
7772.936147540984 0.4704120681049304
7782.943852459017 0.5186290277854806
7792.9515573770495 0.49228550829127615
7802.959262295082 0.5786700682158505
7812.966967213115 0.42098607952969885
7822.974672131148 0.46874272086961344
7832.98237704918 0.5009095446730631
7842.990081967213 0.44247129942876157
7852.997786885246 0.4884199434307581
7863.005491803278 0.4845654705784483
7873.013196721311 0.5116632466308025
7883.020901639344 0.4102822916088958
7893.028606557376 0.3940546836004659
7903.036311475409 0.42241140258443793
7913.044016393442 0.39295657478786533
7923.0517213114745 0.3567051189617881
7933.059426229507 0.4019189174199989
7943.067131147541 0.591758637901392
7953.074836065574 0.4477954633686429
7963.082540983607 0.3242027619100438
7973.09024590164 0.5265043536132217
7983.097950819672 0.4102379235760635
7993.105655737705 0.3519438744384671
8003.113360655738 0.4529865232100272
8013.1210655737705 0.36072319893516724
8023.128770491803 0.4493760745382952
8033.136475409836 0.4414508346736177
8043.1441803278685 0.42897509844157283
8053.151885245901 0.3608895790582885
8063.159590163934 0.48421607231989355
8073.167295081967 0.48492041484110704
8083.174999999999 0.3774166712883368
8093.182704918032 0.42668182574455105
8103.190409836065 0.42853419111530144
8113.198114754097 0.40986634130109256
8123.205819672131 0.4548056125561533
8133.2135245901645 0.3518551383728024
8143.221229508197 0.4537296877599689
8153.22893442623 0.38465975264821695
8163.236639344263 0.489811990460873
8173.244344262295 0.438528090510787
8183.252049180328 0.36430037158227496
8193.25975409836 0.3568631800787533
8203.267459016393 0.365592590538517
8213.275163934426 0.41339359991126395
8223.282868852459 0.3720703233320393
8233.290573770491 0.3360212966557595
8243.298278688524 0.45687427208696135
8253.305983606557 0.35110088181465254
8263.31368852459 0.4250235705174422
8273.321393442622 0.39470356608063895
8283.329098360655 0.32397260273972606
8293.336803278688 0.5270312240031058
8303.34450819672 0.30625589262936054
8313.352213114755 0.3821862348178138
8323.359918032787 0.43799567411679885
8333.36762295082 0.35156674615939215
8343.375327868853 0.447678997282458
8353.383032786885 0.45899839165880985
8363.390737704918 0.44618712217847045
8373.39844262295 0.46789972824579895
8383.406147540984 0.3830458654539405
8393.413852459016 0.4326715101769176
8403.421557377049 0.4694304253785148
8413.429262295082 0.42374244356940827
8423.436967213114 0.4252287726692918
8433.444672131147 0.422555598691143
8443.45237704918 0.3714769008929067
8453.460081967212 0.3197271365980811
8463.467786885245 0.3429316177693972
8473.475491803278 0.369591259497532
8483.48319672131 0.3883201153568854
8493.490901639343 0.37141034884365814
8503.498606557378 0.3410958904109589
8513.50631147541 0.38580777549775386
8523.514016393443 0.3921829072153514
8533.521721311476 0.35125616992956576
8543.529426229508 0.46303588264655315
8553.537131147541 0.27004048582995954
8563.544836065574 0.31900061006045144
8573.552540983606 0.37489878542510124
8583.560245901639 0.43324274859963396
8593.567950819672 0.41499084909322836
8603.575655737704 0.3306305806666297
8613.583360655737 0.28254672508457657
8623.59106557377 0.39047196494925407
8633.598770491802 0.26243691420331655
8643.606475409835 0.3281237868116022
8653.614180327868 0.35806666296933065
8663.6218852459 0.41474127890854645
8673.629590163935 0.41806888137097226
8683.637295081968 0.31656036825467254
8693.645 0.32954910986634134
8703.652704918033 0.34471743109089903
8713.660409836066 0.24719094892130222
8723.668114754098 0.2576174366369031
8733.675819672131 0.21852919971160778
8743.683524590164 0.38410515223781266
8753.691229508197 0.33470134767899734
8763.69893442623 0.4434113471243969
8773.706639344262 0.3302035383506184
8783.714344262295 0.26011868448782655
8793.722049180327 0.287881981032666
8803.72975409836 0.29083800122012093
8813.737459016393 0.2203205590372137
8823.745163934425 0.35339138150962235
8833.752868852458 0.3702734180023293
8843.76057377049 0.32836781099218015
8853.768278688523 0.3566247019022794
8863.775983606558 0.3707559203593811
8873.78368852459 0.2707337363429649
8883.791393442623 0.2197798236370695
8893.799098360656 0.23010371027674562
8903.806803278689 0.31438633464588767
8913.814508196721 0.26629138705562644
8923.822213114754 0.33097443292108036
8933.829918032787 0.3707170983306528
8943.83762295082 0.28530863512839
8953.845327868852 0.4335366868171483
8963.853032786885 0.18217514280960567
8973.860737704917 0.2702456879818091
8983.86844262295 0.3148411069824192
8993.876147540983 0.26393988131551216
