3508.105810564663 0.9873074314504408
3518.117431693989 1.6071117139812034
3528.129052823315 -0.1988373219649259
3538.140673952641 2.2863094661370025
3548.152295081967 -1.132642185834706
3558.1639162112933 2.322836934405581
3568.1755373406195 1.2150954364887123
3578.187158469945 0.4968510803216743
3588.1987795992713 2.759325646739657
3598.2104007285975 -0.9349384749539773
3608.222021857923 1.2679972870845848
3618.2336429872494 0.9467396570099796
3628.2452641165755 3.3036527468268577
3638.2568852459017 -3.7047766689274297
3648.268506375228 -2.2195039240383685
3658.2801275045535 -2.811646158317992
3668.2917486338797 -0.40227691115202013
3678.303369763206 -0.5162193585892839
3688.3149908925316 0.42244937506055613
3698.3266120218577 0.31647127216355003
3708.338233151184 1.115783354326131
3718.34985428051 0.4695862803991861
3728.361475409836 2.4016083712818523
3738.373096539162 2.40344927817072
3748.384717668488 1.0599748086425735
3758.396338797814 0.1603623679875981
3768.40795992714 1.510415657397539
3778.419581056466 2.7590349772308884
3788.4312021857922 1.1850595872492975
3798.4428233151184 0.8378064141071602
3808.4544444444446 3.011626780350741
3818.4660655737703 1.0101734328068985
3828.4776867030964 1.9613409553337857
3838.4893078324226 0.7141362271097762
3848.5009289617483 1.7054548977812227
3858.5125500910744 3.005038271485321
3868.5241712204006 1.677066175758163
3878.5357923497268 0.6896230985369635
3888.547413479053 1.2978393566514872
3898.5590346083786 -0.0023644995639957368
3908.570655737705 2.791589962212964
3918.582276867031 1.612925104156574
3928.5938979963566 2.2738106772599553
3938.605519125683 1.4008671640344927
3948.617140255009 1.9661854471465945
3958.628761384335 0.30091076446080806
3968.6403825136613 0.04997674643929852
3978.652003642987 -0.026073054936537155
3988.663624772313 -0.46224203081096793
3998.6752459016393 0.8024513128572812
4008.686867030965 -0.32300164712721635
4018.698488160291 -0.10593934696250364
4028.7101092896173 0.46407324871620964
4038.7217304189435 1.203468656137971
4048.7333515482696 2.195717469237477
4058.744972677596 -0.14448212382521072
4068.7565938069215 1.3577172754578044
4078.7682149362477 1.083349481639376
4088.7798360655734 0.013302974517973064
4098.7914571948995 2.12595678713303
4108.803078324226 0.5908342214901657
4118.814699453552 0.8035849239414785
4128.826320582878 1.7945935471369054
4138.837941712204 1.5741691696541034
4148.84956284153 2.2700319736459647
4158.861183970856 1.7859703517101055
4168.872805100182 1.5120627846138939
4178.884426229508 1.1037690146303651
4188.896047358834 1.8394535413235151
4198.90766848816 2.1972677066175756
4208.919289617486 2.1162678035074123
4218.9309107468125 1.6867551593837804
4228.942531876139 2.627022575331848
4238.954153005464 3.544423989923457
4248.96577413479 1.7338436198042826
4258.977395264116 1.8556341439782966
4268.989016393442 2.495203953105319
4279.000637522769 2.087975971320608
4289.012258652095 1.2429028194942349
4299.023879781421 1.7190194748570875
4309.035500910747 1.8669702548202693
4319.047122040072 1.055420986338533
4329.058743169398 2.472919290766398
4339.070364298725 1.9840131770177307
4349.081985428051 1.8973936634047088
4359.093606557377 2.4814455963569424
4369.105227686703 2.34768917740529
4379.116848816029 2.267803507412072
4389.128469945355 1.6076930529987403
4399.140091074681 1.851370991183025
4409.151712204007 1.431547330685011
4419.163333333333 2.1910667570971807
4429.174954462659 2.488712334076155
4439.186575591985 2.0425346381164613
4449.198196721311 2.1252785582792364
4459.209817850638 1.7440170526111811
4469.221438979964 1.5236895649646351
4479.23306010929 2.0308109679294644
4489.244681238615 1.525724251526015
4499.256302367941 1.6340470884604206
4509.2679234972675 2.4102315667086525
4519.279544626594 1.3355779478732681
4529.29116575592 1.5623486096308496
4539.302786885246 1.5774634240868133
4549.314408014572 1.2821432031779865
4559.326029143897 1.4250557116558473
4569.3376502732235 1.6244549946710591
4579.34927140255 1.4403643057843232
4589.360892531876 2.269159965119659
4599.372513661202 1.3593644026741596
4609.384134790528 0.9354423021025094
4619.395755919854 1.1310919484546071
4629.4073770491805 0.673442495882182
4639.418998178507 0.7585602170332332
4649.430619307832 0.5433775796918903
4659.442240437158 0.6551884507315183
4669.453861566484 0.623088847979847
4679.46548269581 1.073926945063463
4689.4771038251365 1.0039724832865033
4699.488724954463 1.2296289119271386
4709.500346083789 0.9557794787326809
4719.511967213114 1.3983141168491426
4729.52358834244 1.6132157736653425
4739.535209471766 1.3712818525336692
4749.546830601093 1.5483964732099604
4759.558451730419 1.8340277104931693
4769.570072859745 0.6309853696347254
4779.581693989071 1.6358879953492877
4789.593315118397 1.7251235345412266
4799.604936247723 1.5794981106481931
4809.6165573770495 1.7310338145528534
4819.628178506375 2.0293576203856216
4829.639799635701 2.0348803410522236
4839.651420765027 2.1425249491328358
4849.663041894353 1.9012692568549558
4859.674663023679 1.8944869683170236
4869.6862841530055 1.7167910086231954
4879.697905282332 2.253366921809902
4889.709526411657 1.4586764848367406
4899.721147540983 1.8607693052998742
4909.732768670309 1.6227109776184478
4919.744389799635 1.7191163646933436
4929.756010928962 1.7505086716403448
4939.767632058288 1.4587733746729967
4949.779253187614 1.6376804573200272
4959.79087431694 1.5968413913380486
4969.802495446266 1.746729968026354
4979.8141165755915 1.2684817362658656
4989.825737704918 1.3545199108613506
4999.837358834244 1.663986047863579
5009.84897996357 1.5183606239705454
5019.860601092896 1.4943319445790137
5029.872222222222 1.5133223524852244
5039.883843351548 1.0667570971805058
5049.895464480874 1.4614862900881698
5059.9070856102 1.2427090398217226
5069.918706739526 1.2011433000678229
5079.930327868852 1.8534056777444046
5089.941948998178 1.1329861447534153
5099.9535701275045 1.3403739947679487
5109.965191256831 1.7323902722604398
5119.976812386157 1.1192713884313534
5129.988433515483 1.127700804185641
5140.000054644808 1.1821528921616122
5150.011675774134 1.0705358007944967
5160.0232969034605 1.1267319058230791
5170.034918032787 0.6211219843038465
5180.046539162113 0.7296289119271389
5190.058160291439 0.7889158027322933
5200.069781420765 0.7474081968801473
5210.08140255009 0.47945935471369056
5220.093023679417 0.4919484546071117
5230.104644808743 1.0
5240.116265938069 0.8746875302780739
5250.127887067395 1.0059102800116269
5260.139508196721 0.8710493169266543
5270.151129326047 0.9304137196008139
5280.1627504553735 0.8507315182637342
5290.1743715847 0.857552562736169
5300.185992714025 1.0331363239996125
5310.197613843351 0.7620288731712044
5320.209234972677 0.9036043019087298
5330.220856102003 0.6744695281464974
5340.2324772313295 1.0287762813680845
5350.244098360656 0.8126538126150568
5360.255719489982 0.5160546458676485
5370.267340619307 0.4406549752930917
5380.278961748633 0.7708264703032651
5390.290582877959 1.0932080224784422
5400.302204007286 0.7566999321771146
5410.313825136612 1.327778316054646
5420.325446265938 1.0437942059877918
5430.337067395264 0.6484255401608371
5440.34868852459 1.3309756806510995
5450.360309653916 0.7911830249006879
5460.3719307832425 1.7919775215579885
5470.383551912568 1.266447049704486
5480.395173041894 1.5569227788005038
5490.40679417122 1.458385815327972
5500.418415300546 1.1459160934018022
5510.430036429872 1.4484061621935858
5520.441657559199 1.1888382908632884
5530.453278688525 1.1147175661273132
5540.46489981785 1.3927913961825404
5550.476520947176 0.5105706811355488
5560.488142076502 1.4507315182637341
5570.4997632058285 1.407421761457223
5580.511384335155 1.8033136323999612
5590.523005464481 1.3214804766979942
5600.534626593807 1.3411491134579983
5610.546247723133 0.9733552950295513
5620.557868852459 0.9715143881406839
5630.569489981785 0.7281755643832962
5640.581111111111 1.3467687239608563
5650.592732240437 1.5951942641216936
5660.604353369763 1.6697994380389498
5670.615974499089 1.298759810095921
5680.627595628415 1.3805832768142623
5690.6392167577405 1.4637147563220618
5700.650837887067 1.9540742176145722
5710.662459016393 0.9091173335917062
5720.674080145719 0.737883925976165
5730.685701275045 1.1835093498691986
5740.697322404371 1.2492975486871427
5750.7089435336975 1.1419436101152989
5760.720564663024 1.511578335432613
5770.73218579235 1.6744501501792461
5780.743806921676 2.080224784420114
5790.755428051002 1.0558085456835578
5800.767049180327 1.6348222071504699
5810.7786703096535 1.6587539967057454
5820.79029143898 1.605852146109873
5830.801912568306 1.4381358395504311
5840.813533697632 1.6345315376417013
5850.825154826957 0.9943803894971417
5860.836775956283 1.5310531925201047
5870.84839708561 1.044375545005329
5880.860018214936 1.1302199399283015
5890.871639344262 1.4316442205212674
5900.883260473588 0.9904079062106385
5910.894881602914 1.5817265768820852
5920.90650273224 1.7670768336401512
5930.9181238615665 1.6605949035946128
5940.929744990893 1.531246972192617
5950.941366120219 2.36847204728224
5960.952987249544 1.40470884604205
5970.96460837887 1.9209378936149597
5980.976229508196 2.2228466233892066
5990.987850637523 1.9262668346090495
6000.999471766849 2.082162581145238
6011.011092896174 2.197558376126344
6021.0227140255 1.828989439007848
6031.034335154826 1.6028485611859318
6041.045956284152 2.1386493556825887
6051.057577413479 1.8760778994283498
6061.069198542805 1.8926460614281562
6071.080819672131 1.6402480379808158
6081.092440801457 1.8501114233116946
6091.104061930783 1.779672512353454
6101.115683060109 1.2628621257630073
6111.127304189436 1.799825598294739
6121.138925318762 1.8933242902819494
6131.150546448087 1.7498304427865516
6141.162167577413 1.4432710008720084
6151.173788706739 1.8503052029842069
6161.185409836065 1.6847204728224008
6171.197030965392 1.0529018505958725
6181.208652094717 0.8891967832574362
6191.220273224043 1.4689468074798953
6201.231894353369 1.0288731712043406
6211.243515482695 1.341536672803023
6221.2551366120215 1.6701869973839745
6231.266757741348 0.8862997771533766
6241.278378870674 1.1696541032845655
6251.29 1.0242709039821722
6261.301621129326 1.203468656137971
6271.313242258652 1.7219261699447728
6281.324863387978 1.420598779188063
6291.336484517304 1.0174401705261118
6301.34810564663 1.657300649161903
6311.359726775956 1.707877143687627
6321.371347905282 1.095920937893615
6331.382969034608 1.6476116655362851
6341.394590163934 1.8221102606336594
6351.40621129326 1.4746633078190097
6361.417832422586 1.8013758356748377
6371.429453551912 1.5336692180990215
6381.441074681238 1.1609340180215095
6391.452695810564 1.7932855343474468
6401.4643169398905 2.195233020056196
6411.475938069217 1.3220618157155315
6421.487559198543 1.583276814262184
6431.499180327869 1.450537738591222
6441.510801457195 1.3309756806510995
6451.52242258652 1.4972386396666988
6461.534043715847 1.0639472919290767
6471.545664845173 1.0024222459064043
6481.557285974499 1.1155895746536189
6491.568907103825 0.9928301521170428
6501.58052823315 0.9872105416141845
6511.592149362476 0.9766495494622613
6521.603770491803 1.2213932758453638
6531.615391621129 0.7259955430675322
6541.627012750455 0.5809659916674741
6551.638633879781 0.7711462067629106
6561.650255009107 0.6841972677066176
6571.661876138433 0.4329619222943513
6581.67349726776 0.7098536963472531
6591.685118397086 0.6855149694797016
6601.696739526412 0.6243484158511772
6611.708360655737 0.3954558666795853
6621.719981785063 0.3911830249006879
6631.731602914389 0.2084294157542874
6641.743224043716 0.7429997093304912
6651.754845173042 0.7589477763782578
6661.766466302367 1.5242709039821722
6671.778087431693 0.9560604592578239
6681.789708561019 1.2946419920550334
6691.8013296903455 0.5806801666505184
6701.812950819672 1.313632399961244
6711.824571948998 1.454413332041469
6721.836193078324 0.8293673093692472
6731.84781420765 0.7160934018021509
6741.859435336976 1.8130026160255788
6751.871056466302 1.6179633756418952
6761.882677595629 1.8331557019668636
6771.894298724955 1.7204728224009302
6781.90591985428 1.0623001647127217
6791.917540983606 1.4263152795271776
6801.929162112932 1.365759131867067
6811.9407832422585 1.6082743920162774
6821.952404371585 1.9543648871233408
6831.96402550091 1.5954849336304622
6841.975646630236 1.3540354616800696
6851.987267759562 1.3746729968026354
6861.998888888888 1.3244840616219358
6872.0105100182145 1.169460323612053
6882.022131147541 1.6542001744017052
6892.033752276867 0.9490747020637534
6902.045373406193 1.589380873946323
6912.056994535519 1.1022187772502663
6922.068615664845 1.4181765332816587
6932.0802367941715 1.113554888092239
6942.091857923497 1.140296482898944
6952.103479052823 1.4285437457610697
6962.115100182149 0.8849142524949133
6972.126721311475 1.3772405774634242
6982.138342440801 1.1057068113554889
6992.149963570127 1.1701385524658463
7002.161584699453 1.5732002712915414
7012.173205828779 0.7976068210444724
7022.184826958105 1.1941672318573782
7032.196448087431 1.1268287956593352
7042.208069216757 1.5171010560992153
7052.219690346084 1.3714756322061816
7062.23131147541 0.8722313729289797
7072.242932604736 0.8612731324484062
7082.254553734062 0.9576978974905532
7092.266174863388 1.1259567871330296
7102.277795992713 1.0942738106772598
7112.28941712204 1.2628621257630073
7122.301038251366 1.3477376223234183
7132.312659380692 1.1413622710977618
7142.324280510018 1.1165584730161806
7152.335901639343 0.7492684817362658
7162.3475227686695 1.2448406162193586
7172.359143897996 0.7465361883538416
7182.370765027322 0.7556341439782966
7192.382386156648 0.7966379226819107
7202.394007285974 0.9209766495494623
7212.4056284153 0.894903594612925
7222.417249544626 0.9515260149210347
7232.428870673953 0.4340470884604205
7242.440491803279 0.6496560410812906
7252.452112932605 0.8342893130510609
7262.46373406193 0.8951603526790038
7272.475355191256 0.21186900494138164
7282.4869763205825 0.5078190097858735
7292.498597449909 0.8270516422827245
7302.510218579235 0.8537157252204244
7312.52183970856 1.1713981203371766
7322.533460837886 1.0042631527952717
7332.545081967212 0.9576203856215483
7342.5567030965385 0.9594031586086619
7352.568324225865 1.1120046507121402
7362.579945355191 0.6076252301133611
7372.591566484517 0.8638310241255692
7382.603187613843 1.2375738785001453
7392.614808743169 0.8669605658366437
7402.6264298724955 0.5499563995736847
7412.638051001822 0.7292607305493654
7422.649672131148 0.8866679585311501
7432.661293260473 0.6372928979750023
7442.672914389799 0.6566030423408584
7452.684535519125 0.6576397635887995
7462.6961566484515 0.8130026160255789
7472.707777777778 0.9569034008332526
7482.719398907103 0.5349675419048542
7492.731020036429 0.6922100571650034
7502.742641165755 0.6523495785292124
7512.754262295081 0.37189225850208313
7522.765883424408 0.8378064141071602
7532.777504553734 0.5674256370506734
7542.78912568306 0.9799438038949715
7552.800746812386 0.5529551400058134
7562.812367941712 0.820094952039531
7572.823989071038 0.17039046604011238
7582.8356102003645 0.595058618350935
7592.84723132969 0.5814455963569422
7602.858852459016 1.154636178664858
7612.870473588342 0.6375157445983917
7622.882094717667 0.7229628911927138
7632.8937158469935 0.6446855924813487
7642.90533697632 0.8488421664567387
7652.916958105646 0.9084100377870361
7662.928579234972 0.7035364790233505
7672.940200364298 0.671136517779285
7682.951821493624 0.6801666505183606
7692.96344262295 0.8621984303846526
7702.975063752277 0.6853405677744404
7712.986684881603 0.8530956302683849
7722.998306010929 0.7798469140587153
7733.009927140255 0.5046313341730453
7743.021548269581 0.608439104737913
7753.033169398907 0.6004360042631528
7763.0447905282335 0.7270710202499758
7773.056411657559 0.746197073926945
7783.068032786884 0.08948842166456739
7793.07965391621 0.7594128475922876
7803.091275045536 0.7731227594225365
7813.1028961748625 0.8365371572522042
7823.114517304189 0.7307431450440849
7833.126138433515 0.6264799922488131
7843.137759562841 0.8171979459354713
7853.149380692167 0.2959984497626199
7863.161001821493 0.5114717566127313
7873.1726229508195 0.6954946226140878
7883.184244080146 0.7584439492297258
7893.195865209472 0.4341149113457998
7903.207486338798 0.6534056777444046
7913.219107468124 0.819591124890999
7923.23072859745 0.8032845654490843
7933.2423497267755 0.6196783257436295
7943.253970856101 0.371184962697413
7953.265591985427 0.5937602945451023
7963.277213114753 0.8675031489196783
7973.288834244079 0.9811064819300455
7983.300455373405 0.42998255982947386
7993.3120765027315 0.1597616510028098
8003.323697632058 0.8707780253851372
8013.335318761384 -0.14046119562057938
8023.34693989071 0.5850208313147951
8033.358561020036 0.09867260924329038
8043.370182149362 0.030118205600232536
8053.3818032786885 0.7658172657688208
8063.393424408015 0.4975583761263444
8073.405045537341 0.5859509737428543
8083.416666666667 0.42027904272841776
8093.428287795993 0.3267900397248329
8103.439908925318 0.0029563026838484645
8113.451530054644 0.27237670768336397
8123.46315118397 0.3094952039531053
8133.474772313296 0.6158172657688208
8143.486393442622 1.0335238833446372
8153.498014571948 0.6991086135064432
8163.509635701274 0.5189419629880825
8173.521256830601 0.9986435422924135
8183.532877959927 0.12788489487452764
8193.544499089254 0.3068404224396861
8203.556120218578 0.4969189032070536
8213.567741347906 0.6351128766592384
8223.57936247723 0.8678810192810774
8233.590983606558 0.670933049123147
8243.602604735883 0.8268287956593353
8253.61422586521 0.6641507605852146
8263.625846994535 0.8356167038077705
8273.63746812386 0.5814019959306269
8283.649089253187 0.2153376610793528
8293.660710382512 0.7827342311791493
8303.67233151184 0.5195426799728708
8313.683952641164 0.5569809127022576
8323.695573770492 0.5894971417498304
8333.707194899816 0.49673481251816687
8343.718816029144 0.8805832768142622
8353.730437158469 0.4726867551593838
8363.742058287797 0.744094564480186
8373.753679417121 0.5735296967348126
8383.765300546449 0.5344927817071988
8393.776921675773 0.5385040209282046
8403.788542805101 0.448658075767852
8413.800163934426 0.4352775893808739
8423.811785063752 0.4549801375835675
8433.823406193078 0.06823854277686271
8443.835027322402 0.5458482705164228
8453.84664845173 0.6384168200755741
8463.858269581055 0.32246875302780736
8473.869890710383 0.4664373607208604
8483.881511839707 0.5589380873946322
8493.893132969035 0.5694312566611762
8503.90475409836 0.6172851467881019
8513.916375227687 0.28429415754287374
8523.927996357012 0.6119174498595097
8533.93961748634 0.6295417110745083
8543.951238615664 0.8038755934502471
8553.962859744992 0.6414010270322643
8563.974480874316 0.40928204631334175
8573.986102003644 0.6177211510512547
8583.997723132969 0.7998062203274876
8594.009344262293 0.2024803798081581
8604.02096539162 0.5375641895165197
8614.032586520945 0.23340761554112974
8624.044207650273 0.26214514097471175
8634.055828779598 0.08684720472822402
8644.067449908925 0.4529696734812518
8654.07907103825 0.44829958337370407
8664.090692167578 0.37858734618738493
8674.102313296902 0.14476310435035364
8684.11393442623 0.10438910958240481
8694.125555555554 -0.02869586280399186
8704.137176684882 0.07868520492200369
8714.148797814207 0.22005619610502858
8724.160418943535 0.4520589090204437
8734.172040072859 0.7380486386978006
8744.183661202187 0.6277104931692665
8754.195282331511 0.600784807673675
8764.206903460836 -0.16858831508574748
8774.218524590164 0.09312179052417402
8784.230145719488 0.23768045732002713
8794.241766848816 0.19975777540935954
8804.25338797814 0.0481222749733553
8814.265009107468 0.4147078771436876
8824.276630236793 0.35302780738300554
8834.28825136612 0.3550624939443852
8844.299872495445 0.44183703129541707
8854.311493624773 0.16655362852436778
8864.323114754097 0.15614766011045442
8874.334735883425 0.5093692471659722
8884.34635701275 0.18494331944579012
8894.357978142078 0.28463327196977034
8904.369599271402 0.1359655072182928
8914.381220400728 -0.1168297645576979
8924.392841530054 0.48456544908439103
8934.404462659379 0.4404418176533281
8944.416083788707 0.7471562833058812
8954.427704918031 -0.20106578819881796
8964.439326047359 0.6635112876659238
8974.450947176683 -0.13140199593062687
8984.462568306011 0.12880534831896134
8994.474189435336 0.3564770855537254
