3509.6538524590164 4.870132466883279
3519.661557377049 41.22119470132466
3529.6692622950823 39.40964758810297
3539.676967213115 30.24243939015246
3549.6846721311476 -13.92451887028243
3559.6923770491803 1.9316170957260683
3569.700081967213 4.216095976005999
3579.707786885246 -18.1054736315921
3589.715491803279 11.492126968257935
3599.7231967213115 -2.075631092226943
3609.730901639344 -3.979055236190952
3619.7386065573774 12.409647588102972
3629.74631147541 -7.252186953261685
3639.7540163934427 17.012246938265434
3649.7617213114754 -1.4957760559860034
3659.769426229508 9.10272431892027
3669.777131147541 -8.704823794051487
3679.784836065574 18.046488377905522
3689.7925409836066 5.577105723569107
3699.8002459016393 -10.953261684578854
3709.8079508196724 9.960509872531867
3719.815655737705 11.261684578855286
3729.823360655738 8.128467883029243
3739.8310655737705 -12.042989252686828
3749.838770491803 4.6434891277180705
3759.846475409836 -11.0592351912022
3769.854180327869 7.2771807048237935
3779.8618852459017 0.049966508372906775
3789.8695901639344 12.976755811047239
3799.8772950819675 3.2318920269932514
3809.885 10.105973506623345
3819.892704918033 -2.4009997500624842
3829.9004098360656 -7.090727318170457
3839.9081147540983 -2.732366908272932
3849.915819672131 2.203899025243689
3859.923524590164 -1.3297425643589103
3869.931229508197 3.6900274931267183
3879.9389344262295 6.14846288427893
3889.9466393442626 3.03294176455886
3899.9543442622953 -2.4844288927768057
3909.962049180328 15.514621344663833
3919.9697540983607 -8.372906773306672
3929.9774590163934 -7.617595601099725
3939.985163934426 3.1133716570857284
3949.992868852459 -5.402649337665584
3960.000573770492 13.932516870782303
3970.0082786885246 1.609147713071732
3980.0159836065577 -3.6587853036740814
3990.0236885245904 3.143664083979005
4000.031393442623 -8.612346913271683
4010.0390983606558 -3.2062984253936513
4020.0468032786885 5.321169707573106
4030.054508196721 -7.354161459635091
4040.062213114754 5.172706823294176
4050.069918032787 7.543614096475881
4060.0776229508197 0.47185703574106475
4070.085327868853 5.978505373656586
4080.0930327868855 7.491127218195451
4090.100737704918 1.4536865783554112
4100.108442622951 3.8124543864033984
4110.116147540984 11.564608847788053
4120.123852459016 3.4492376905773554
4130.131557377049 11.873031742064484
4140.1392622950825 0.5285678580354911
4150.146967213115 2.394751312171957
4160.154672131148 2.5556110972256936
4170.162377049181 -2.0772806798300425
4180.170081967213 -5.376155961009747
4190.177786885246 -4.120319920019995
4200.185491803279 3.5014746313421647
4210.193196721311 3.7941014746313417
4220.200901639344 9.506123469132715
4230.208606557377 6.020494876280929
4240.216311475409 2.2414396400899776
4250.224016393443 11.222194451387153
4260.231721311476 2.3739065233691576
4270.239426229508 4.652436890777306
4280.247131147541 4.9370157460634845
4290.254836065574 7.411647088227943
4300.262540983606 5.511122219445139
4310.270245901639 2.142464383904024
4320.277950819673 1.4555361159710072
4330.285655737705 -2.1988002999250185
4340.293360655738 -1.2176455886028494
4350.301065573771 -0.515971007248188
4360.308770491803 3.452086978255436
4370.316475409836 -4.552561859535116
4380.324180327869 1.0136465883529118
4390.3318852459015 3.819445138715321
4400.339590163934 0.378365408647838
4410.347295081967 1.394051487128218
4420.355 1.6400399900024993
4430.362704918032 5.40664833791552
4440.370409836066 1.5527118220444889
4450.3781147540985 4.7414146463384155
4460.385819672131 0.21479630092476878
4470.393524590164 -2.9922019495126215
4480.401229508197 3.544013996500875
4490.408934426229 3.2601349662584354
4500.416639344263 2.4969257685578605
4510.424344262296 -2.2779805048737813
4520.432049180328 1.5258685328667834
4530.439754098361 -1.072581854536366
4540.447459016394 -0.31598600349912526
4550.455163934426 2.784203949012747
4560.462868852459 1.9511622094476382
4570.470573770492 0.1767558110472382
4580.478278688524 5.007073231692077
4590.485983606557 2.2996750812296924
4600.49368852459 1.643389152711822
4610.501393442622 -0.5005748562859286
4620.509098360656 -2.332016995751062
4630.516803278689 5.058735316170957
4640.524508196721 5.237190702324419
4650.532213114754 4.87453136715821
4660.539918032787 -1.3398150462384404
4670.5476229508195 3.8025493626593354
4680.555327868853 2.99075231192202
4690.563032786886 0.7114721319670083
4700.570737704918 5.1319920019995
4710.578442622951 -0.7323669082729317
4720.586147540984 1.8542864283929017
4730.5938524590165 1.811697075731067
4740.601557377049 0.5946513371657085
4750.609262295082 3.4907273181704577
4760.616967213115 3.2677830542364408
4770.624672131147 -0.062374406398400396
4780.63237704918 3.176255936015996
4790.640081967213 0.1375556110972257
4800.647786885245 2.3239190202449387
4810.655491803279 3.08732816795801
4820.663196721312 2.4821044738815297
4830.670901639344 2.528517870532367
4840.678606557377 1.8003499125218694
4850.68631147541 0.7444638840289928
4860.694016393443 4.420694826293427
4870.701721311476 4.0172956760809795
4880.709426229509 0.832891777055736
4890.717131147541 2.892576855786053
4900.724836065574 0.7197700574856286
4910.732540983607 0.8172956760809797
4920.740245901639 3.2255936015996
4930.747950819672 2.0252436890777306
4940.755655737705 1.745488627843039
4950.763360655737 3.2879280179955006
4960.77106557377 4.288927768057985
4970.778770491803 3.411097225693577
4980.7864754098355 0.7661584603849037
4990.794180327869 1.7683579105223695
5000.801885245902 2.0087978005498623
5010.809590163934 1.6414896275931017
5020.817295081967 1.5892026993251687
5030.825 3.4172456885778555
5040.8327049180325 1.3683579105223693
5050.840409836066 4.279430142464384
5060.848114754099 -0.30947263184203944
5070.8558196721315 1.4941764558860284
5080.863524590164 2.69917520619845
5090.871229508197 1.577905523619095
5100.8789344262295 0.9945013746563358
5110.886639344262 3.2181454636340914
5120.894344262295 -0.3985803549112722
5130.902049180328 1.6462384403899026
5140.90975409836 2.2179955011247188
5150.917459016393 1.7044738815296177
5160.925163934426 0.6982254436390902
5170.932868852459 0.667333166708323
5180.940573770492 2.298175456135966
5190.948278688525 1.895676080979755
5200.955983606557 0.39259685078730316
5210.96368852459 0.8260934766308422
5220.971393442623 -0.11451637090727318
5230.979098360656 1.7169707573106723
5240.986803278689 -0.4105723569107723
5250.994508196722 -0.8117970507373156
5261.002213114754 1.8861284678830292
5271.009918032787 2.063934016495876
5281.01762295082 -0.43900524868782803
5291.025327868852 0.10242689327668084
5301.033032786885 2.723769057735566
5311.040737704918 2.184253936515871
5321.0484426229505 1.11872031992002
5331.056147540983 4.791902024493877
5341.063852459016 2.336115971007248
5351.0715573770485 2.7667583104223947
5361.079262295082 3.6677830542364407
5371.086967213115 3.8980754811297174
5381.0946721311475 1.9447638090477382
5391.10237704918 2.47263184203949
5401.110081967213 0.43562109472631844
5411.1177868852465 0.2951812046988253
5421.125491803279 0.7565358660334917
5431.133196721312 0.8411897025743564
5441.1409016393445 2.965108722819295
5451.148606557377 1.6777305673581604
5461.15631147541 0.7976505873531616
5471.164016393443 2.4357910522369406
5481.171721311475 2.458785303674081
5491.179426229508 1.596400899775056
5501.187131147541 0.08820294926268434
5511.194836065573 2.5151712071982004
5521.202540983606 2.9691577105723566
5531.210245901639 1.9235691077230692
5541.217950819672 2.768557860534866
5551.225655737705 -0.5635091227193202
5561.233360655738 0.5373156710822294
5571.24106557377 2.846188452886778
5581.248770491804 -0.3012296925768558
5591.256475409837 -1.324468882779305
5601.264180327869 1.3749062734316422
5611.271885245902 -2.239540114971257
5621.279590163935 -2.3773056735816045
5631.287295081967 3.086028492876781
5641.295 2.1483129217695573
5651.302704918033 0.5295801049737565
5661.310409836065 5.757060734816296
5671.318114754098 1.1715071232191951
5681.325819672131 0.26496875781054735
5691.3335245901635 0.7632091977005749
5701.341229508196 0.45548612846788306
5711.348934426229 -1.7280179955011246
5721.356639344262 1.4564358910272432
5731.364344262295 2.719220194951262
5741.372049180328 3.1779555111222195
5751.3797540983605 0.02947813046738315
5761.387459016393 0.44423394151462137
5771.395163934427 -0.021695826043489123
5781.4028688524595 1.5002749312671833
5791.410573770492 1.562809297675581
5801.418278688525 -0.2978355411147213
5811.425983606558 0.7966008497875531
5821.43368852459 0.405853536615846
5831.441393442623 -0.6651837040739814
5841.449098360656 -1.2846788302924268
5851.456803278688 0.35970507373156707
5861.464508196721 0.20892276930767306
5871.472213114754 0.19718070482379405
5881.479918032786 2.0547363159210197
5891.487622950819 1.8011247188202948
5901.495327868852 1.0210447388152961
5911.503032786884 -0.08162959260184954
5921.510737704918 -0.18153461634591353
5931.518442622951 1.290427393151712
5941.526147540983 -0.4971357160709822
5951.533852459017 0.9995001249687577
5961.54155737705 1.4669832541864534
5971.549262295082 0.3110772306923269
5981.556967213115 0.5968507873031742
5991.564672131148 0.5541614596350912
6001.57237704918 -0.025040739815046238
6011.580081967213 1.0679080229942515
6021.587786885246 2.592551862034491
6031.5954918032785 1.5487628092976755
6041.603196721311 1.8436890777305672
6051.610901639344 1.4810797300674832
6061.618606557377 0.6285428642839289
6071.626311475409 0.3596600849787553
6081.634016393442 -0.9361159710072481
6091.641721311475 0.48587853036740813
6101.649426229508 2.7837040739815047
6111.657131147541 -0.6583854036490877
6121.664836065574 0.5067233191702074
6131.672540983607 0.6651137215696076
6141.68024590164 0.2191552111972007
6151.687950819673 0.28764308922769305
6161.695655737705 -1.29407648087978
6171.703360655738 0.34860284928767804
6181.711065573771 0.33300674831292176
6191.718770491803 1.458435391152212
6201.726475409836 0.13996500874781304
6211.734180327869 1.4055986003499124
6221.741885245901 -0.10394401399650087
6231.749590163934 -0.47295176205948514
6241.757295081967 1.0664833791552113
6251.764999999999 0.2938347913021745
6261.772704918032 -0.0013412646838290427
6271.780409836065 0.1168057985503624
6281.788114754098 1.7829542614346412
6291.795819672131 0.2681079730067483
6301.803524590164 0.34846288427893024
6311.811229508196 0.32018995251187204
6321.81893442623 0.8709822544363909
6331.826639344263 1.678330417395651
6341.834344262295 -1.244988752811797
6351.842049180328 0.15124218945263684
6361.849754098361 0.23144213946513373
6371.8574590163935 1.301799550112472
6381.865163934426 1.7236690827293177
6391.872868852459 2.1022244438890274
6401.8805737704915 1.5986003499125216
6411.888278688524 1.6305423644088977
6421.895983606557 1.939065233691577
6431.90368852459 1.9274681329667582
6441.911393442622 1.6018495376155961
6451.919098360655 1.2466383404148962
6461.926803278689 1.0323919020244938
6471.934508196721 2.2156960759810045
6481.942213114754 3.2877780554861284
6491.949918032787 1.7763559110222444
6501.95762295082 1.988852786803299
6511.965327868853 1.6131967008247938
6521.973032786886 0.9686578355411147
6531.980737704918 1.2886278430392402
6541.988442622951 0.39338165458635344
6551.996147540984 1.261384653836541
6562.003852459016 1.1652086978255436
6572.011557377049 0.9083729067733066
6582.019262295082 1.7343164208947761
6592.026967213114 0.6848787803049237
6602.034672131147 0.7232691827043239
6612.04237704918 0.8557360659835042
6622.0500819672125 1.5976005998500373
6632.057786885245 1.617995501124719
6642.065491803278 2.1488127968007995
6652.073196721311 1.8383904023994
6662.080901639344 0.9915021244688828
6672.088606557377 0.801399650087478
6682.09631147541 1.1823044238940266
6692.104016393443 1.2034991252186953
6702.111721311476 -0.6780304923769058
6712.1194262295085 0.005644588852786803
6722.127131147541 0.28764308922769305
6732.134836065574 -0.16487378155461133
6742.1425409836065 2.3432641839540116
6752.150245901639 1.5097225693576606
6762.157950819672 1.1064733816545862
6772.165655737705 0.44613846538365404
6782.173360655737 1.3060234941264683
6792.18106557377 1.3453136715821044
6802.188770491803 -0.19051237190702325
6812.196475409835 1.2389402649337664
6822.204180327868 0.2031092226943264
6832.211885245902 0.5727568107973007
6842.219590163934 1.2227943014246438
6852.227295081967 1.834216445888528
6862.235000000001 0.3678880279930017
6872.242704918033 1.8946263434141466
6882.250409836066 2.0368907773056737
6892.258114754099 1.305973506623344
6902.265819672131 1.9005248687828042
6912.273524590164 -0.2454286428392902
6922.281229508197 1.026743314171457
6932.288934426229 1.0
6942.296639344262 0.13361659585103725
6952.304344262295 0.22405398650337416
6962.312049180327 0.5299675081229692
6972.31975409836 1.4873281679580106
6982.327459016393 0.4344163959010247
6992.3351639344255 0.9455636090977255
7002.342868852458 -0.1472181954511372
7012.350573770492 0.16239940014996251
7022.3582786885245 0.9927018245438639
7032.365983606557 1.2539365158710323
7042.37368852459 0.29622094476380906
7052.381393442623 0.43669082729317665
7062.389098360656 0.10740314921269684
7072.396803278689 0.41093726568357913
7082.4045081967215 0.33790802299425143
7092.412213114754 -0.24627343164208945
7102.419918032787 0.7011247188202949
7112.42762295082 0.053556610847288175
7122.435327868852 0.944763809047738
7132.443032786885 0.48970257435641085
7142.450737704918 0.8409897525618595
7152.45844262295 0.10975256185953511
7162.466147540983 0.8638840289927517
7172.473852459016 1.4330917270682328
7182.481557377048 0.5717570607348162
7192.489262295081 1.4591852036990751
7202.496967213115 2.0724818795301174
7212.504672131147 1.2859285178705322
7222.51237704918 0.8636840789802549
7232.520081967214 0.344383904023994
7242.527786885246 0.9763559110222444
7252.535491803279 1.061634591352162
7262.543196721312 1.0365908522869283
7272.550901639344 0.7016245938515372
7282.558606557377 0.463744063984004
7292.56631147541 0.7587103224193951
7302.574016393442 1.410947263184204
7312.581721311475 1.235841039740065
7322.589426229508 1.071707073231692
7332.5971311475405 1.1597600599850038
7342.604836065573 0.9904523869032742
7352.612540983606 1.2903774056485877
7362.620245901639 1.0323419145213697
7372.627950819671 0.6375906023494126
7382.635655737705 0.8677830542364409
7392.6433606557375 0.8017995501124718
7402.65106557377 1.4197450637340665
7412.658770491804 1.3153711572106972
7422.6664754098365 1.1768057985503624
7432.674180327869 1.239740064983754
7442.681885245902 2.0133216695826044
7452.689590163935 1.8807798050487377
7462.697295081967 1.8462384403899026
7472.705 1.500724818795301
7482.712704918033 0.4475081229692577
7492.720409836065 1.6836790802299426
7502.728114754098 0.13364658835291177
7512.735819672131 -1.2603849037740564
7522.743524590163 2.312621844538865
7532.751229508196 1.4696325918520368
7542.758934426229 0.6536865783554111
7552.766639344261 1.0781304673831542
7562.774344262295 1.371482129467633
7572.782049180328 -0.04341514621344664
7582.78975409836 0.5641089727568108
7592.797459016393 -0.9726568357910522
7602.805163934427 -0.08047488127968007
7612.812868852459 -0.4499125218695326
7622.820573770492 1.4637840539865032
7632.828278688525 -1.9928017995501124
7642.835983606557 1.402949262684329
7652.84368852459 0.3171657085728568
7662.851393442623 1.8494876280929766
7672.8590983606555 0.5966508372906772
7682.866803278688 -0.42244688827793053
7692.874508196721 1.0092976755811047
7702.8822131147535 0.7710572356910772
7712.889918032786 0.053216695826043485
7722.897622950819 0.6804298925268683
7732.905327868852 0.05747063234191452
7742.913032786884 0.5152211947013247
7752.920737704917 1.1971507123219196
7762.928442622951 0.048467383154211445
7772.936147540984 0.515071232191952
7782.943852459017 0.9996000999750063
7792.9515573770495 0.841089727568108
7802.959262295082 0.9722319420144964
7812.966967213115 0.33117220694826294
7822.974672131148 0.7023244188952762
7832.98237704918 0.6099475131217196
7842.990081967213 1.047538115471132
7852.997786885246 2.6596850787303175
7863.005491803278 1.758010497375656
7873.013196721311 0.7490627343164209
7883.020901639344 0.5845538615346163
7893.028606557376 0.5205198700324919
7903.036311475409 1.155261184703824
7913.044016393442 0.7359160209947513
7923.0517213114745 1.648362909272682
7933.059426229507 1.0762309422644338
7943.067131147541 1.5693576605848538
7953.074836065574 0.29965008747813043
7963.082540983607 -0.07980504873781555
7973.09024590164 0.909822544363909
7983.097950819672 0.18263434141464632
7993.105655737705 0.6363909022744314
8003.113360655738 1.2403399150212446
8013.1210655737705 0.699325168707823
8023.128770491803 1.229242689327668
8033.136475409836 -0.15149212696825792
8043.1441803278685 1.121244688827793
8053.151885245901 0.20598850287428144
8063.159590163934 0.3108922769307673
8073.167295081967 0.2878830292426893
8083.174999999999 1.2719820044988754
8093.182704918032 0.6402899275181205
8103.190409836065 0.7813546613346664
8113.198114754097 -0.05838040489877531
8123.205819672131 0.17426643339165207
8133.2135245901645 -0.47098225443639086
8143.221229508197 0.7028742814296426
8153.22893442623 0.4407498125468633
8163.236639344263 -0.7122969257685577
8173.244344262295 0.47035741064733816
8183.252049180328 0.12946263434141464
8193.25975409836 0.1956660834791302
8203.267459016393 0.5258185453636591
8213.275163934426 0.7214196450887278
8223.282868852459 1.423294176455886
8233.290573770491 0.6761309672581854
8243.298278688524 -0.16617845538615347
8253.305983606557 1.3579605098725318
8263.31368852459 0.048453386653336664
8273.321393442622 0.5275181204698826
8283.329098360655 0.19287428142964258
8293.336803278688 -0.3304373906523369
8303.34450819672 1.8229942514371407
8313.352213114755 0.7617595601099725
8323.359918032787 0.9099725068732817
8333.36762295082 -0.4099725068732817
8343.375327868853 -0.3733316670832292
8353.383032786885 -1.1746063484128968
8363.390737704918 -0.11932016995751062
8373.39844262295 0.6753811547113222
8383.406147540984 1.4315421144713822
8393.413852459016 0.36615346163459134
8403.421557377049 -0.21094226443389152
8413.429262295082 0.5914521369657585
8423.436967213114 0.3504223944013996
8433.444672131147 -0.3278480379905024
8443.45237704918 -0.3887928017995501
8453.460081967212 0.6237940514871282
8463.467786885245 0.5375156210947263
8473.475491803278 0.7063234191452137
8483.48319672131 1.0666333416645837
8493.490901639343 -0.774656335916021
8503.498606557378 0.6745813546613346
8513.50631147541 0.42017495626093476
8523.514016393443 1.269632591852037
8533.521721311476 1.6261934516370906
8543.529426229508 0.4156910772306923
8553.537131147541 0.6542364408897775
8563.544836065574 0.905723569107723
8573.552540983606 0.3812846788302924
8583.560245901639 -0.3653836540864783
8593.567950819672 0.3922119470132467
8603.575655737704 0.33644588852786805
8613.583360655737 1.7588102974256434
8623.59106557377 1.4400399900024994
8633.598770491802 1.1153211697075731
8643.606475409835 0.801149712571857
8653.614180327868 0.00121824543864034
8663.6218852459 1.7393651587103223
8673.629590163935 1.4113971507123217
8683.637295081968 0.2553361659585104
8693.645 2.0599350162459387
8703.652704918033 1.1918520369907524
8713.660409836066 2.201599600099975
8723.668114754098 2.088927768057985
8733.675819672131 2.1880529867533114
8743.683524590164 1.200899775056236
8753.691229508197 0.37860034991252184
8763.69893442623 0.8747563109222695
8773.706639344262 1.5231192201949513
8783.714344262295 1.5935516120969757
8793.722049180327 1.8821794551362159
8803.72975409836 1.6715321169707573
8813.737459016393 1.6350412396900773
8823.745163934425 0.6138465383654087
8833.752868852458 1.0276930767308172
8843.76057377049 0.6726818295426144
8853.768278688523 2.1759060234941265
8863.775983606558 2.027393151712072
8873.78368852459 1.400499875031242
8883.791393442623 1.4600849787553112
8893.799098360656 1.732666833291677
8903.806803278689 1.2480379905023744
8913.814508196721 2.741064733816546
8923.822213114754 0.2693176705823544
8933.829918032787 0.07613096725818545
8943.83762295082 0.8365908522869283
8953.845327868852 0.5704573856535866
8963.853032786885 -0.26930267433141714
8973.860737704917 2.112571857035741
8983.86844262295 0.5583604098975256
8993.876147540983 0.5803549112721819
