3508.105901639344 -0.6608586003324354
3518.117704918033 -0.996732962686995
3528.129508196721 0.09824611681091305
3538.1413114754096 -0.06661890296326016
3548.153114754098 0.4634836934716571
3558.1649180327868 0.32017538831890874
3568.1767213114754 0.4986587952083453
3578.188524590164 0.7307846621195621
3588.2003278688526 1.5625608987218433
3598.2121311475407 -0.0035743107697598442
3608.2239344262293 -0.1524846678512065
3618.235737704918 0.7396113945090846
3628.2475409836065 1.092050209205021
3638.259344262295 1.8130337593855677
3648.2711475409833 1.4111595116638964
3658.282950819672 0.8213446437783001
3668.2947540983605 1.6406832120135266
3678.306557377049 2.624691924113028
3688.3183606557377 2.2756920960623606
3698.3301639344263 1.223591448386542
3708.341967213115 2.1638103972029574
3718.353770491803 2.6885424428268467
3728.3655737704917 2.1027683842494413
3738.3773770491803 2.351922966699146
3748.389180327869 2.735369977646587
3758.400983606557 1.867541697713074
3768.4127868852456 1.995873216025678
3778.424590163934 2.2869834355476586
3788.436393442623 2.327907376626354
3798.4481967213114 2.419155155614146
3808.46 3.059150570298619
3818.4718032786886 2.915057029861867
3828.483606557377 2.376798303433255
3838.4954098360654 2.8425517280907893
3848.507213114754 2.7447698744769875
3858.5190163934426 2.8680002292657765
3868.5308196721307 2.87705622743165
3878.5426229508194 2.836246919241131
3888.554426229508 2.9064022468046087
3898.5662295081966 2.4632888175617587
3908.578032786885 2.2646300223534133
3918.5898360655738 2.063277354272941
3928.6016393442624 2.229724307903938
3938.613442622951 2.0346764486731246
3948.625245901639 1.8209434286696855
3958.6370491803277 1.8891499971341779
3968.6488524590163 2.1902332779274376
3978.6606557377045 1.7428784318220898
3988.672459016393 1.9863013698630139
3998.6842622950817 1.5994153722703046
4008.6960655737703 1.9275520146730099
4018.707868852459 1.7519344299879636
4028.7196721311475 1.9343153550753713
4038.731475409836 2.177165128675417
4048.7432786885247 2.057832292084599
4058.755081967213 1.7439674442597581
4068.7668852459014 2.0745973519802834
4078.77868852459 2.1381899466957073
4088.7904918032787 2.3206281882272024
4098.802295081967 2.291969966183298
4108.814098360655 2.2345962056514015
4118.825901639344 2.574368086203932
4128.837704918033 2.2387803060698115
4138.849508196721 2.3490571444947554
4148.86131147541 2.212815956898034
4158.873114754098 2.269903135209492
4168.884918032787 2.6476185017481515
4178.896721311476 2.4399037083739326
4188.908524590164 2.481515446781682
4198.920327868852 2.391299363787471
4208.9321311475405 2.5721900613285955
4218.943934426229 2.587550868344128
4228.955737704918 2.583997248810684
4238.967540983606 2.5279417664928068
4248.979344262295 2.393190806442368
4258.991147540984 2.277698171605434
4269.002950819672 2.5407233335243884
4279.014754098361 2.5286868802659486
4289.026557377048 2.439559809709406
4299.038360655737 2.5481744712558037
4309.050163934426 2.6316845302917407
4319.061967213114 2.463747349114461
4329.073770491803 2.5963776007336503
4339.0855737704915 2.433255000859747
4349.09737704918 2.6802602166561584
4359.109180327869 2.4534877056227433
4369.120983606557 2.4869031925259355
4379.132786885246 2.377027569209606
4389.1445901639345 2.4521121109646358
4399.156393442623 2.2429644064882215
4409.168196721312 2.2423912420473435
4419.18 2.134407061385912
4429.191803278688 2.074683326646415
4439.203606557377 1.956210236716914
4449.215409836065 2.163925030091133
4459.227213114754 1.948759098985499
4469.239016393442 1.6962228463346134
4479.250819672131 1.757494125064481
4489.26262295082 1.571645555109761
4499.274426229508 1.477847194360062
4509.286229508197 1.5371697139909442
4519.2980327868845 1.441852467472918
4529.309836065573 1.3518083338109703
4539.321639344262 1.506046884851264
4549.33344262295 1.3722703043503182
4559.345245901639 1.3682581532641716
4569.3570491803275 1.302172293230928
4579.368852459016 1.3167306700292314
4589.380655737705 1.4531438069582163
4599.392459016393 1.6055482317877001
4609.404262295082 1.5622170000573166
4619.4160655737705 1.6423453888920734
4629.427868852459 1.6389637186908923
4639.439672131148 1.6962228463346134
4649.451475409836 1.8443858543015994
4659.463278688525 1.8856536940448214
4669.475081967213 1.923024015590073
4679.486885245901 1.8175044420244169
4689.49868852459 1.7021264400756577
4699.5104918032785 1.688886341491374
4709.522295081967 1.5931105634206455
4719.534098360656 1.6138017997363443
4729.545901639344 1.6953057832292087
4739.557704918032 1.7492978735599245
4749.569508196721 1.7515905313234368
4759.581311475409 1.8431248925316674
4769.593114754098 1.7615349343726716
4779.604918032786 1.9227947498137214
4789.616721311475 1.9203874591620336
4799.628524590164 1.9773600045853157
4809.640327868852 1.9339141399667565
4819.652131147541 1.6442368315469709
4829.663934426229 1.7392101794004702
4839.675737704918 1.7930303203989224
4849.687540983607 1.8368200836820083
4859.699344262295 1.8454748667392677
4869.711147540984 1.8950535908752222
4879.722950819672 1.7981888003668254
4889.73475409836 1.8150398349286412
4899.746557377049 1.7823694617985901
4909.758360655737 1.6834985957471198
4919.770163934426 1.6512294377256835
4929.7819672131145 1.7073422364876485
4939.793770491803 1.7526795437611051
4949.805573770492 1.518885768326933
4959.81737704918 1.4961884564681607
4969.829180327868 1.405915057029862
4979.840983606557 1.407978449017023
4989.852786885245 1.4858141800882674
4999.864590163934 1.4011577921705738
5009.876393442622 1.4973921017940046
5019.888196721311 1.3584570413251562
5029.9 1.4013297415028372
5039.911803278688 1.4074626010202327
5049.923606557377 1.439215911044879
5059.935409836065 1.5011749871038
5069.947213114754 1.4060296899180376
5079.959016393443 1.375021493666533
5089.970819672131 1.4019602223878032
5099.98262295082 1.4051126268126324
5109.9944262295085 1.4589900842551728
5120.006229508196 1.342351120536482
5130.018032786885 1.3726715194589327
5140.029836065573 1.3912993637874707
5150.041639344262 1.3865994153722703
5160.053442622951 1.291110219521981
5170.065245901639 1.207141628933341
5180.077049180328 1.190405227259701
5190.088852459016 1.195105175674901
5200.100655737704 1.09417091763627
5210.112459016393 1.0595517854072334
5220.124262295081 1.2330486616610306
5230.13606557377 1.092967272310426
5240.1478688524585 0.9922622800481459
5250.159672131147 1.0131254656961084
5260.171475409836 1.0957757780707285
5270.183278688524 1.0954318794062017
5280.195081967213 1.1077549148850807
5290.2068852459015 0.8929328824439733
5300.21868852459 1.039605662864676
5310.230491803279 1.0447641428325787
5320.242295081967 1.0312947784719435
5330.254098360656 1.2294663839055429
5340.2659016393445 1.1728663953688314
5350.277704918032 1.305496646988021
5360.289508196721 1.2259414225941423
5370.301311475409 1.2771250071645557
5380.313114754098 1.377486100762309
5390.324918032787 1.29976500257924
5400.336721311475 1.3545595231271854
5410.348524590164 1.4254026480197168
5420.3603278688515 1.297644294147991
5430.37213114754 1.3413767409869892
5440.383934426229 1.3750788101106206
5450.395737704917 1.4443743910127818
5460.407540983606 1.4326245199747807
5470.4193442622945 1.4260904453487708
5480.431147540983 1.349229093827019
5490.442950819672 1.3302573508339544
5500.45475409836 1.3647045337307273
5510.466557377049 1.34057431076976
5520.478360655738 1.3962858944231102
5530.490163934426 1.3143806958216313
5540.501967213115 1.3856250358227775
5550.513770491803 1.2732848054106722
5560.525573770492 1.2992491545824498
5570.537377049181 1.3677423052673812
5580.549180327869 1.4120479165472575
5590.560983606557 1.2523643033186223
5600.5727868852455 1.280563993809824
5610.584590163934 1.0691236315698975
5620.596393442623 1.1008769415945436
5630.608196721311 1.1228291396801744
5640.619999999999 1.1419155155614147
5650.631803278688 1.2010660858600333
5660.643606557376 1.2325901301083282
5670.655409836065 1.2846907777841463
5680.667213114753 1.2058233507193215
5690.679016393442 1.3045222674385282
5700.690819672131 1.3050954318794064
5710.702622950819 1.199346592537399
5720.714426229508 1.2968418639307617
5730.726229508196 1.3179916317991633
5740.738032786885 1.3628704075199176
5750.749836065574 1.2226743852811373
5760.761639344262 1.2497850633346708
5770.773442622951 1.2022124147417896
5780.785245901639 1.27701037427638
5790.797049180328 1.2286926119103572
5800.808852459017 1.2576947326187884
5810.820655737705 1.140024072906517
5820.832459016393 1.1270132400985844
5830.8442622950815 1.1995185418696626
5840.85606557377 1.1853040637358858
5850.867868852459 1.1513154123918155
5860.879672131147 1.2585544792801056
5870.891475409835 1.1873101392789591
5880.903278688524 1.1833553046369003
5890.915081967212 1.2198658795208346
5900.926885245901 1.2210981830687224
5910.938688524589 1.2294377256834987
5920.950491803278 1.0452226743852813
5930.962295081967 1.0959477274029918
5940.974098360655 1.13549607382358
5950.985901639344 1.1319997707342238
5960.9977049180325 1.1662750042987335
5971.009508196721 1.1874820886112227
5981.02131147541 1.2181463861982005
5991.033114754098 1.1182438241531496
6001.044918032787 1.1408838195678341
6011.0567213114755 1.12947784719436
6021.068524590164 1.189201581933857
6031.080327868853 1.1023098526967388
6041.092131147541 1.1796583939932366
6051.103934426229 1.1197913681435203
6061.115737704918 1.1765919642345388
6071.127540983606 1.1256949618845646
6081.139344262295 1.1135438757379492
6091.1511475409825 1.1124548633002809
6101.162950819671 1.0810454519401618
6111.17475409836 1.03897518197971
6121.186557377048 1.1125694961884565
6131.198360655737 1.1460422995357369
6141.2101639344255 1.1375021493666533
6151.221967213114 1.0756577061959076
6161.233770491803 1.0861466154639767
6171.245573770491 1.0374276379893392
6181.25737704918 1.0619017596148335
6191.2691803278685 1.1116524330830515
6201.280983606557 1.0808161861638104
6211.292786885246 1.1147475210637934
6221.304590163934 1.087006362125294
6231.316393442623 1.0919355763168455
6241.3281967213115 1.1168682294950423
6251.34 1.056112798761965
6261.351803278689 1.055768900097438
6271.363606557376 1.0394337135324125
6281.375409836065 1.0735943142087465
6291.387213114754 1.035421562446266
6301.399016393442 1.051584799679028
6311.410819672131 1.0685504671290194
6321.422622950819 1.0238436407405285
6331.434426229507 1.051871381899467
6341.446229508196 1.0459104717143348
6351.458032786884 1.0829368945950593
6361.469836065573 1.0429873330658568
6371.481639344262 1.0394337135324125
6381.49344262295 1.0
6391.505245901639 1.0367398406602855
6401.517049180327 0.9830343325500087
6411.528852459016 0.9559236544964751
6421.540655737705 0.9609101851321145
6431.552459016393 0.9530578322920846
6441.564262295082 0.88909268069009
6451.57606557377 0.814753252708202
6461.587868852459 0.8919585028944805
6471.599672131148 0.904682753481974
6481.611475409836 0.832750616151774
6491.623278688525 0.845646816071531
6501.6350819672125 0.8131483922737435
6511.646885245901 0.8009399896830401
6521.65868852459 0.8082764945262796
6531.670491803278 0.7535392904224222
6541.682295081967 0.7574368086203932
6551.694098360655 0.8024302172293231
6561.705901639343 0.7625952885882961
6571.717704918032 0.7665501232303548
6581.72950819672 0.7407004069467531
6591.741311475409 0.7369175216369577
6601.753114754098 0.767123287671233
6611.764918032786 0.745514988250129
6621.776721311475 0.7894767008654783
6631.788524590163 0.7897632830859174
6641.800327868852 0.825872642861237
6651.812131147541 0.779102424485585
6661.823934426229 0.8081045451940162
6671.835737704918 0.8156129993695191
6681.847540983606 0.8261019086375881
6691.859344262295 0.8322920845990714
6701.871147540984 0.8244397317590416
6711.882950819672 0.8602625093139221
6721.894754098361 0.843812689860721
6731.906557377049 0.8765976958789478
6741.918360655737 0.8234940104315929
6751.930163934426 0.8841061500544507
6761.941967213114 0.8655356221700006
6771.953770491803 0.8368774001260962
6781.965573770491 0.7884450048718977
6791.977377049179 0.8663953688313177
6801.989180327868 0.8496016507135897
6812.0009836065565 0.7840889551212243
6822.012786885245 0.8624405341892589
6832.024590163934 0.7628245543646472
6842.036393442622 0.7699317934315355
6852.048196721311 0.7770963489425116
6862.0599999999995 0.7208689172923712
6872.071803278688 0.8287957815097151
6882.083606557377 0.7289218776867084
6892.095409836065 0.7807646013641315
6902.107213114754 0.7228749928354445
6912.1190163934425 0.7400699260617871
6922.130819672131 0.6998337823121454
6932.14262295082 0.7222445119504787
6942.154426229508 0.7112397546856193
6952.166229508197 0.6929558090216084
6962.178032786885 0.703559351177853
6972.189836065573 0.7480369117899925
6982.201639344262 0.7765805009457214
6992.21344262295 0.8258153264171492
7002.225245901638 0.694560669456067
7012.237049180327 0.7388089642918553
7022.248852459015 0.7066257809365507
7032.260655737704 0.6594256892302403
7042.2724590163925 0.710150742247951
7052.284262295081 0.7102080586920388
7062.29606557377 0.6727231042586118
7072.307868852458 0.6488794635180835
7082.319672131147 0.6766206224565828
7092.331475409836 0.6697426491660459
7102.343278688524 0.6275004298733307
7112.355081967213 0.6298504040809308
7122.366885245901 0.6575915630194303
7132.37868852459 0.664870751418582
7142.390491803279 0.6103628130910759
7152.402295081967 0.7794463231501119
7162.414098360656 0.6594256892302403
7172.425901639344 0.622628532125867
7182.437704918032 0.6123688886341492
7192.449508196721 0.5987848913853384
7202.461311475409 0.5927093483120308
7212.473114754098 0.5931678798647332
7222.4849180327865 0.6351808333810971
7232.496721311474 0.5413767409869892
7242.508524590163 0.6190749125924229
7252.520327868851 0.6093884335415831
7262.53213114754 0.5758009973061271
7272.543934426229 0.5664297586977703
7282.555737704917 0.5941422594142259
7292.567540983606 0.5593626411417436
7302.579344262294 0.5872642861236889
7312.591147540983 0.5693357024130223
7322.602950819672 0.5375136126554708
7332.61475409836 0.5858313750214937
7342.626557377049 0.6087006362125295
7352.638360655737 0.550667736573623
7362.650163934426 0.563197111251218
7372.661967213115 0.5936837278615236
7382.673770491803 0.5826789705966642
7392.685573770492 0.5452284060296899
7402.69737704918 0.5893849945549379
7412.709180327868 0.5654381842150513
7422.720983606557 0.5549206167249384
7432.732786885245 0.5871496532355133
7442.744590163934 0.6163810397202957
7452.7563934426225 0.5406946753023443
7462.76819672131 0.5242964406488222
7472.779999999999 0.5285550524445464
7482.791803278687 0.5903020576603428
7492.803606557376 0.5375078810110621
7502.815409836065 0.504866166103055
7512.827213114753 0.5596778815842265
7522.839016393442 0.5628130910758297
7532.8508196721305 0.569163753080759
7542.862622950819 0.5551556141456985
7552.874426229508 0.5245486330028085
7562.886229508196 0.5199805124090101
7572.898032786885 0.5624405341892589
7582.9098360655735 0.5398922450851149
7592.921639344262 0.5888691465581476
7602.933442622951 0.7784146271565313
7612.945245901639 0.48114288989511095
7622.957049180328 0.5237175445635354
7632.9688524590165 0.5749985670888978
7642.980655737705 0.7451710895856022
7652.992459016394 0.5502665214650083
7663.004262295081 0.5082879578150972
7673.016065573769 0.5140826503123747
7683.027868852458 0.4806900899868172
7693.039672131146 0.4934372671519459
7703.051475409835 0.5352668080472288
7713.0632786885235 0.5136928984925776
7723.075081967212 0.4876712328767124
7733.086885245901 0.5113228635295466
7743.098688524589 0.4698515504098126
7753.110491803278 0.5438814695936265
7763.1222950819665 0.5183412621080988
7773.134098360655 0.4829139680174242
7783.145901639344 0.481297644294148
7793.157704918032 0.46380466555854877
7803.169508196721 0.4848856536940448
7813.1813114754095 0.49508224909726606
7823.193114754098 0.48228348713245833
7833.204918032787 0.45622743165014046
7843.216721311475 0.4577577807072849
7853.228524590164 0.5940849429701381
7863.240327868853 0.48781452398693187
7873.252131147541 0.46291912649739214
7883.26393442623 0.5654668424370952
7893.275737704917 0.4119676735255345
7903.287540983605 0.43489998280506675
7913.299344262294 0.4948128618100533
7923.311147540982 0.4688026594830057
7933.322950819671 0.44399610248180205
7943.33475409836 0.45454232819395884
7953.346557377048 0.4255230125523013
7963.358360655737 0.4169198142947212
7973.370163934425 0.438791769358629
7983.381967213114 0.5106436636671061
7993.393770491803 0.4116696280162779
8003.405573770491 0.4054335988995243
8013.41737704918 0.443122026709463
8023.429180327868 0.46592537398979766
8033.440983606557 0.4422938040923941
8043.452786885246 0.44494755545365966
8053.464590163934 0.39753539290422424
8063.476393442623 0.4777554880495214
8073.488196721311 0.4508855390611567
8083.5 0.4059093253854531
8093.511803278689 0.3607095775778071
8103.523606557377 0.4709634894251161
8113.535409836065 0.44417378345847425
8123.547213114753 0.42472058233507193
8133.559016393441 0.4659311056342065
8143.57081967213 0.43330085401501695
8153.582622950818 0.4589499627443113
8163.594426229507 0.4162549435433026
8173.606229508196 0.501415716168969
8183.618032786884 0.44673009686479054
8193.629836065573 0.4492233621826102
8203.641639344261 0.44009285263942227
8213.65344262295 0.45705852008941367
8223.665245901639 0.4231099902562045
8233.677049180327 0.45826216541525766
8243.688852459016 0.42160829942110395
8253.700655737704 0.4503754227087752
8263.712459016393 0.4476872814810569
8273.724262295082 0.3528285665157334
8283.73606557377 0.6048604344586461
8293.747868852459 0.4866538659941537
8303.759672131147 0.5154009285263943
8313.771475409836 0.5290307789304752
8323.783278688525 0.4001203645325844
8333.795081967213 0.5149423969736918
8343.8068852459 0.4393248122886456
8353.818688524589 0.4302000343898664
8363.830491803277 0.4018111996331748
8373.842295081966 0.4171433484266637
8383.854098360654 0.434109015876655
8393.865901639343 0.4661317131885138
8403.877704918032 0.48374505645669746
8413.88950819672 0.4962686994898837
8423.901311475409 0.4529374677595003
8433.913114754097 0.5386628073594314
8443.924918032786 0.44154295867484383
8453.936721311475 0.4674270648248983
8463.948524590163 0.44323952541984296
8473.960327868852 0.41103341548690325
8483.97213114754 0.48220897575514415
8493.98393442623 0.3739783343841348
8503.995737704918 0.35589499627443116
8514.007540983606 0.4179515102883017
8524.019344262295 0.4039834928641027
8534.031147540984 0.367329626869949
8544.042950819672 0.3596836132286353
8554.05475409836 0.3819166618902963
8564.06655737705 0.3637358858256434
8574.078360655738 0.3520977818536139
8584.090163934425 0.4330715882386657
8594.101967213113 0.41911503410328427
8604.113770491802 0.4103513498022583
8614.12557377049 0.423333524388147
8624.13737704918 0.4660400068779733
8634.149180327868 0.33312317303834477
8644.160983606556 0.3261993465925374
8654.172786885245 0.4053017710781224
8664.184590163934 0.4270934831203072
8674.196393442622 0.506671634091821
8684.20819672131 0.3515389465237577
8694.22 0.4116008482833725
8704.231803278688 0.3703845933398292
8714.243606557377 0.38647331919527717
8724.255409836065 0.4294319940390898
8734.267213114754 0.3617355419269789
8744.279016393442 0.39352324181807763
8754.290819672131 0.43069868745343043
8764.30262295082 0.38654209892818253
8774.314426229508 0.40202327047629965
8784.326229508197 0.3380179973634436
8794.338032786885 0.3967386943314037
8804.349836065572 0.38940792113257294
8814.36163934426 0.3594199575858314
8824.37344262295 0.48088496589671575
8834.385245901638 0.46680804722874997
8844.397049180327 0.34652948931048316
8854.408852459015 0.37404424829483585
8864.420655737704 0.26668768269616555
8874.432459016392 0.3304006419441738
8884.444262295081 0.3958961426033129
8894.45606557377 0.4526795437611051
8904.467868852458 0.34754399037083744
8914.479672131147 0.36507709061729815
8924.491475409835 0.3399094400183413
8934.503278688524 0.3494984811142317
8944.515081967213 0.38132630251619193
8954.526885245901 0.44439731759041673
8964.53868852459 0.30568579125351064
8974.550491803278 0.39606236029116754
8984.562295081967 0.3394795666876827
8994.574098360656 0.3039319080644237
