3507.3256557377053 0.050444954629933314
3517.336967213115 -0.22440144309609708
3527.348278688525 -0.21037279982507925
3537.3595901639346 0.3667431944899967
3547.370901639344 0.042945227943588064
3557.3822131147544 0.29307969826172514
3567.393524590164 0.5122553842789986
3577.4048360655743 0.09769541926314639
3587.4161475409837 0.2066622936481907
3597.4274590163936 0.33836230458073685
3607.4387704918036 -0.06606100360774024
3617.450081967213 -0.13987318246419592
3627.4613934426234 0.46514704274625557
3637.472704918033 0.5665245435661965
3647.484016393443 0.041429977041653
3657.4953278688527 0.47923909478517546
3667.506639344262 0.37249371378594076
3677.5179508196725 0.6788455231223353
3687.529262295082 0.04388761342516673
3697.5405737704923 0.4727451623483109
3707.5518852459018 0.1320126817535804
3717.5631967213117 0.24318355745053022
3727.5745081967216 0.3865311030939106
3737.585819672131 0.11461900076527823
3747.5971311475414 0.03013009729966109
3757.608442622951 0.23752049852410625
3767.619754098361 0.330009839291571
3777.6310655737707 0.6568711052804198
3787.64237704918 0.23076418497868154
3797.6536885245905 0.5064174046135346
3807.665 0.5811522903684269
3817.6763114754103 0.4929703727998251
3827.68762295082 0.608702306767246
3837.6989344262297 0.6154148901279108
3847.7102459016396 0.6310265660872417
3857.721557377049 0.7069858970154149
3867.7328688524594 0.45208265004919646
3877.744180327869 0.4749972668634525
3887.7554918032793 0.7263583688641084
3897.7668032786887 0.4361429977041653
3907.778114754098 0.5709412922269597
3917.7894262295085 0.45426915928719797
3927.800737704918 0.5892861047337925
3937.8120491803284 0.5182026894063627
3947.823360655738 0.3946211872745162
3957.834672131148 0.4629933311468241
3967.8459836065576 0.6353339892861047
3977.857295081967 0.48767902044386136
3987.8686065573775 0.44171859626106924
3997.879918032787 0.5288072592106702
4007.8912295081973 0.42573521373127804
4017.9025409836067 0.7562260850552094
4027.913852459016 0.6766480813381437
4037.9251639344266 0.6150650486498306
4047.936475409836 0.5052804198097738
4057.9477868852464 0.7477861593965235
4067.959098360656 0.8383295069421669
4077.970409836066 1.0223242593199957
4087.9817213114757 0.8576145184213403
4097.993032786886 0.8015961517437411
4108.0043442622955 1.0006778178637805
4118.015655737705 0.9646878758062752
4128.026967213114 0.764425494697715
4138.038278688525 0.7669399803214169
4148.049590163935 1.1758828031048432
4158.060901639345 0.9806603257898764
4168.072213114754 0.918508800699683
4178.0835245901635 0.8569585656499399
4188.094836065574 0.9952334098611567
4198.106147540984 0.8857767574068001
4208.117459016394 0.8557778506614191
4218.128770491803 0.8021427790532415
4228.1400819672135 1.0618344812506832
4238.151393442623 1.0427462556029299
4248.162704918033 0.9783972887285449
4258.174016393443 0.9626106920301738
4268.185327868852 0.8720017492073904
4278.196639344263 1.043970700776211
4288.207950819673 0.7961408111949274
4298.219262295082 0.9215261834481251
4308.230573770492 0.8470099486170329
4318.241885245901 0.7879304690062315
4328.253196721312 0.7930687657155352
4338.264508196722 0.9379250027331366
4348.275819672132 0.7695637914070187
4358.287131147541 0.9207390401224446
4368.2984426229505 0.9075106592325354
4378.309754098361 0.9114245107685579
4388.321065573771 0.9872089209576911
4398.332377049181 0.8778397288728546
4408.34368852459 1.0718486935607303
4418.355 1.019930031704384
4428.36631147541 0.9133705039903794
4438.37762295082 0.9641412484967748
4448.38893442623 0.9023067672460917
4458.400245901639 0.9540395758172079
4468.41155737705 0.9373346452388761
4478.42286885246 0.7562260850552094
4488.434180327869 0.7912320979556138
4498.445491803279 0.9219416202033454
4508.456803278688 0.8742101235377719
4518.468114754099 0.9198425713348639
4528.479426229509 0.8407565321963485
4538.4907377049185 0.909915819394337
4548.502049180328 0.919962829342954
4558.513360655737 0.832710178200503
4568.524672131148 0.6845960424182792
4578.535983606558 0.9272548376516891
4588.547295081968 0.8977150978462884
4598.558606557377 0.8853394555591998
4608.5699180327865 0.9184213403301629
4618.581229508197 0.9620203345359134
4628.592540983607 0.9680551000327977
4638.603852459017 0.9387340111511971
4648.615163934426 0.8612659888488029
4658.626475409836 1.0602164644145622
4668.637786885247 0.9952990051382968
4678.649098360656 1.0380452607412267
4688.660409836066 1.08595167814584
4698.671721311475 1.184169673116869
4708.683032786886 1.2179949710287525
4718.694344262296 1.2507926095987756
4728.7056557377055 1.3931999562698154
4738.716967213115 1.3850005466273096
4748.728278688524 1.4094675850005467
4758.739590163935 1.5567071170875697
4768.750901639345 1.4792390947851757
4778.762213114755 1.3317153164972122
4788.773524590164 1.4249480704055975
4798.7848360655735 1.5435443314748003
4808.796147540984 1.5309500382639116
4818.807459016394 1.5387340111511971
4828.818770491804 1.4965999781349077
4838.830081967213 1.4231551328304362
4848.841393442623 1.3968951568820378
4858.852704918033 1.175795342735323
4868.864016393443 1.2622936481906637
4878.875327868853 1.1654531540395758
4888.886639344262 1.0789548485842353
4898.897950819672 1.0261506504864983
4908.909262295083 1.0947851754673663
4918.920573770492 1.1578659669837106
4928.931885245902 1.0545096753033782
4938.943196721311 1.175882803104843
4948.954508196722 1.1280419809773696
4958.965819672132 1.0181480266754126
4968.9771311475415 1.131518530665792
4978.988442622951 1.1092598666229365
4988.99975409836 1.2345905761451843
4999.011065573771 1.2211435443314747
5009.022377049181 1.3005356947633102
5019.033688524591 1.2529791188367772
5029.045 1.2468568929703727
5039.0563114754095 1.2554280091833387
5049.06762295082 1.1533180277686674
5059.07893442623 1.1110090740133376
5069.09024590164 1.1637586093801247
5079.101557377049 1.1477861593965235
5089.112868852459 1.0659013884333661
5099.12418032787 1.1303596807696514
5109.135491803279 1.1934404722859955
5119.146803278689 1.2424182792172298
5129.158114754098 1.2263911665026785
5139.169426229509 1.2469224882475127
5149.180737704919 1.2553405488138187
5159.1920491803285 1.2210779490543346
5169.203360655738 1.2293648190663606
5179.214672131147 1.2109762763747678
5189.225983606558 1.0906089428227834
5199.237295081968 1.2151525090193507
5209.248606557378 1.146824095331803
5219.259918032787 1.0997485514376297
5229.2712295081965 1.07132393134361
5239.282540983607 1.1053241499945337
5249.293852459017 1.0123756422870887
5259.305163934427 1.0720892095769103
5269.316475409836 1.0746255602929924
5279.327786885246 0.9831857439597683
5289.339098360656 0.9751393899639226
5299.350409836066 1.0591669399803214
5309.361721311476 1.05728654203564
5319.373032786885 1.0414124849677489
5329.384344262295 0.981513064392697
5339.395655737706 0.9521154476877666
5349.406967213115 1.1119711380780584
5359.418278688525 1.0514485623701761
5369.429590163934 1.067016508144747
5379.440901639345 0.9809992347217668
5389.452213114755 0.9775008199409644
5399.4635245901645 1.0154804854050508
5409.474836065574 1.012638023395649
5419.486147540983 0.9877336831748114
5429.497459016394 1.184322728763529
5439.508770491804 1.2688531759046682
5449.520081967214 1.2234831092161365
5459.531393442623 1.3247184869356072
5469.5427049180325 1.2293429539739806
5479.554016393443 1.2991581939433694
5489.565327868853 1.2055974636492839
5499.576639344263 1.2983929157100689
5509.587950819672 1.3224226522357057
5519.599262295082 1.2887504099704823
5529.610573770492 1.3378812725483766
5539.621885245902 1.2825844539193179
5549.633196721312 1.1416202033453593
5559.644508196721 1.2619656718049634
5569.655819672131 1.2833497321526184
5579.667131147542 1.3147042746255604
5589.6784426229515 1.2459385590904122
5599.689754098361 1.3275062862140592
5609.70106557377 1.44307423198863
5619.71237704918 1.335847818957035
5629.723688524591 1.3833387996064284
5639.735000000001 1.4306767246091616
5649.74631147541 1.5294194817973106
5659.7576229508195 1.3617142232425932
5669.76893442623 1.3560074341314092
5679.78024590164 1.3252432491527277
5689.79155737705 1.2625341642068437
5699.802868852459 1.192718924237455
5709.814180327869 1.1567727123647098
5719.82549180328 1.2482125286979338
5729.836803278689 1.17134579643599
5739.848114754099 1.1717721657374003
5749.859426229508 1.1402645676177983
5759.870737704918 1.1830545534054882
5769.882049180329 1.2831966765059581
5779.893360655738 1.3088225647753362
5789.904672131148 1.3073138734011152
5799.915983606557 1.245719908166612
5809.927295081967 1.2619656718049634
5819.938606557378 1.2267847381655188
5829.9499180327875 1.215677271236471
5839.961229508197 1.2667978572209466
5849.972540983606 1.2365147042746256
5859.983852459016 1.240231769979228
5869.995163934427 1.2006122225866405
5880.006475409837 1.2487810210998143
5890.017786885246 1.2031923034874823
5900.029098360656 1.2294304143435006
5910.040409836066 1.2304143435006014
5920.051721311476 1.2122225866404286
5930.063032786886 1.2233519186618564
5940.074344262295 1.2423308188477096
5950.085655737705 1.194468131627856
5960.096967213116 1.288662949600962
5970.108278688525 1.2494369738712146
5980.119590163935 1.2808133814365366
5990.130901639344 1.2540177107248278
6000.142213114754 1.2537662621624577
6010.153524590165 1.2733136547501913
6020.1648360655745 1.1821799497102876
6030.176147540984 1.215502350497431
6040.187459016393 1.2351590685470646
6050.198770491803 1.2532852301300974
6060.210081967214 1.318421340330163
6070.221393442624 1.4119602055318683
6080.232704918033 1.350081994096425
6090.2440163934425 1.3491636602164645
6100.255327868853 1.3143325680551
6110.266639344263 1.3408549251120585
6120.277950819673 1.353908385262928
6130.289262295082 1.2602601945993221
6140.300573770492 1.1747895484858424
6150.311885245903 1.3402864327101782
6160.323196721312 1.3490543347545643
6170.334508196722 1.354170766371488
6180.345819672131 1.334470318137094
6190.357131147541 1.347130206625123
6200.368442622952 1.3537553296162677
6210.379754098361 1.3442440144309609
6220.391065573771 1.3244998360118072
6230.40237704918 1.2681972231332677
6240.41368852459 1.3596151743741118
6250.425000000001 1.3174811413578222
6260.436311475411 1.2736853613206516
6270.44762295082 1.322859954083306
6280.4589344262295 1.3248934076746475
6290.470245901639 1.332874166393353
6300.48155737705 1.3236470974089865
6310.49286885246 1.246988083524653
6320.504180327869 1.2986771619110091
6330.515491803279 1.3288509893954301
6340.526803278689 1.2648081338143653
6350.538114754099 1.187274516234831
6360.549426229509 1.164163113589155
6370.560737704918 1.09990160708429
6380.572049180328 1.0677271236470973
6390.583360655739 0.9879741991909916
6400.594672131148 1.0383513720345467
6410.605983606558 1.0681097627637477
6420.617295081967 0.9547173936809883
6430.628606557377 1.0413250245982288
6440.639918032788 1.098305455340549
6450.6512295081975 1.0568711052804198
6460.662540983607 1.0955067235159068
6470.673852459016 1.0845523122335192
6480.685163934426 1.0637586093801248
6490.696475409837 1.1206734448453044
6500.707786885247 1.1410298458510988
6510.719098360656 1.1788345905761453
6520.7304098360655 1.1767574068000437
6530.741721311475 1.224117196895157
6540.753032786886 1.284246200940199
6550.764344262296 1.2938668415874057
6560.775655737705 1.2803760795889363
6570.786967213115 1.3209139608614846
6580.798278688525 1.3142232425932001
6590.809590163935 1.3452716737728219
6600.820901639345 1.3267082103421888
6610.832213114754 1.3890455887176123
6620.843524590164 1.3449218322947414
6630.854836065575 1.391407018694654
6640.8661475409845 1.4058489122116542
6650.877459016394 1.4206406472067346
6660.888770491803 1.4211654094238548
6670.900081967213 1.4022083743303815
6680.911393442624 1.4204001311905543
6690.922704918034 1.4620749972668634
6700.934016393443 1.4068875040997046
6710.9453278688525 1.4102547283262272
6720.956639344262 1.3920411063736744
6730.967950819673 1.4106045698043073
6740.979262295083 1.4137968732917896
6750.990573770492 1.335804088772275
6761.001885245902 1.3561823548704492
6771.013196721312 1.3359680769651252
6781.024508196722 1.334076746474254
6791.035819672132 1.347261397179403
6801.047131147541 1.327014321635509
6811.058442622951 1.372931015633541
6821.069754098362 1.3473051273641632
6831.081065573771 1.2732261943806713
6841.092377049181 1.2309391057177217
6851.10368852459 1.2809883021755766
6861.115 1.332764840931453
6871.126311475411 1.0949600962064066
6881.1376229508205 1.1704165300098395
6891.14893442623 1.1676833934623374
6901.160245901639 1.1352793265551546
6911.171557377049 1.1508910025144856
6921.18286885246 1.1803214168579863
6931.19418032787 1.1677708538318574
6941.205491803279 1.1349513501694544
6951.2168032786885 1.1082103421886957
6961.228114754098 1.1893298349185526
6971.239426229509 1.1652563682081556
6981.250737704919 1.178484749098065
6991.262049180328 1.125636820815568
7001.273360655738 1.1096315731933968
7011.284672131148 1.1567508472723298
7021.295983606558 1.0846397726030392
7031.307295081968 1.1191975511096532
7041.318606557377 1.130053569476331
7051.329918032787 1.1220728107576254
7061.341229508198 1.0646988083524653
7071.3525409836075 1.0997485514376297
7081.363852459017 1.131168689187712
7091.375163934426 1.1625888269377938
7101.386475409836 1.1129987974199191
7111.397786885247 1.1204329288291244
7121.409098360657 1.0963813272111076
7131.420409836066 1.0923144200284247
7141.4317213114755 1.0744943697387122
7151.443032786885 1.0339346233737838
7161.454344262296 1.0278342625997596
7171.465655737706 1.017065704602602
7181.476967213115 0.9493823111402646
7191.488278688525 0.9873182464195912
7201.499590163934 0.9094785175467366
7211.510901639345 1.0559965015852193
7221.522213114755 1.0574177325899201
7231.533524590164 0.9921285667431945
7241.544836065574 0.9955613862468569
7251.556147540984 1.0136000874603694
7261.567459016394 1.0
7271.578770491804 0.9793593527932655
7281.590081967213 1.0019459932218213
7291.601393442623 0.9621296599978135
7301.612704918034 0.9864764403629606
7311.6240163934435 0.9921722969279546
7321.635327868853 1.0077402427025255
7331.646639344262 1.0475128457417733
7341.657950819672 1.0883131081228818
7351.669262295083 1.0176669946430523
7361.680573770493 1.0039138515360229
7371.691885245902 1.0180168361211326
7381.7031967213115 1.0022302394227616
7391.714508196721 0.9956051164316169
7401.725819672132 1.0276156116759594
7411.737131147542 1.0321416857986225
7421.748442622951 0.9920848365584344
7431.759754098361 0.9885098939543019
7441.771065573771 0.9567071170875697
7451.782377049181 0.9967202361429978
7461.793688524591 0.9511096534382858
7471.805 1.0102547283262273
7481.81631147541 0.9683612113261177
7491.827622950821 0.9609052148245327
7501.8389344262305 0.9998250792609599
7511.85024590164 0.9917131299879742
7521.861557377049 0.958696840494151
7531.872868852459 1.0021646441456216
7541.88418032787 1.022761561167596
7551.89549180328 1.008811632229146
7561.906803278689 1.0179731059363726
7571.9181147540985 1.0340876790204439
7581.929426229508 1.0008964687875808
7591.940737704919 0.9427134579643599
7601.952049180329 1.0530665792062972
7611.963360655738 0.9980758718705587
7621.974672131148 0.9133923690827594
7631.985983606558 0.9292445610582706
7641.997295081968 0.9417732589920194
7652.008606557378 0.9160817754455013
7662.019918032787 0.9485733027222041
7672.031229508197 0.9436099267519406
7682.042540983607 1.0282059691702197
7692.053852459017 0.9876680878976714
7702.065163934427 0.9858532852301302
7712.076475409836 1.0432491527276704
7722.087786885246 0.981545862031267
7732.099098360656 0.9990379359352793
7742.1104098360665 1.0325571225538428
7752.121721311476 0.9643817645129551
7762.133032786885 0.9774352246638243
7772.144344262295 0.9379031376407566
7782.155655737705 0.9053460150869137
7792.166967213116 0.9698043074231989
7802.178278688525 0.9122335191866185
7812.189590163935 0.9420137750081994
7822.200901639345 0.8833606646988084
7832.212213114755 0.9360008746036952
7842.223524590165 0.8889690608942822
7852.234836065574 0.9350606756313545
7862.246147540984 0.9222695965890456
7872.257459016394 0.8959440253635071
7882.268770491804 0.9081010167267956
7892.280081967214 0.8787143325680552
7902.291393442623 0.9351044058161146
7912.302704918033 0.8839400896468788
7922.314016393443 0.9163222914616814
7932.3253278688535 0.9030283152946321
7942.336639344263 0.9428883787034
7952.347950819672 0.9292664261506505
7962.359262295082 0.8763966327757735
7972.370573770492 0.9107248278123975
7982.381885245903 0.8572428118508801
7992.393196721312 0.8899092598666231
8002.4045081967215 0.9281075762545098
8012.415819672132 0.8821034218869576
8022.427131147542 0.8718049633759702
8032.438442622952 0.8838526292773587
8042.449754098361 0.9426697277795999
8052.461065573771 0.9578003717065705
8062.472377049181 0.965715535148136
8072.483688524591 0.9175248715425823
8082.495000000001 0.95723187930469
8092.50631147541 0.8981961298786487
8102.51762295082 0.9175248715425823
8112.52893442623 0.9501257242811851
8122.54024590164 0.9122772493713786
8132.55155737705 0.9251120585984476
8142.562868852459 0.9576910462446704
8152.574180327869 0.9340767464742539
8162.585491803279 0.9194708647644037
8172.59680327869 0.9423198863015196
8182.608114754099 0.9256149557231879
8192.619426229508 0.9585437848474909
8202.630737704918 0.9440253635071608
8212.64204918033 0.9285011479173501
8222.653360655739 0.8639991253963049
8232.664672131148 0.8989176779271892
8242.675983606558 0.9065923253525746
8252.687295081967 0.9243686454575272
8262.698606557378 0.8626653547611239
8272.709918032788 0.8699464305236689
8282.721229508197 0.8945446594511862
8292.732540983607 0.8793702853394556
8302.743852459018 0.9037498633431726
8312.755163934427 0.8868918771181807
8322.766475409837 0.9143107029627201
8332.777786885246 0.9018694653984913
8342.789098360656 0.9098392915710068
8352.800409836065 0.8323822018148027
8362.811721311477 0.8489340767464743
8372.823032786886 0.872854487810211
8382.834344262295 0.8770307204547939
8392.845655737705 0.8954848584235268
8402.856967213116 0.90005466273095
8412.868278688526 0.8972777959986881
8422.879590163935 0.888509893954302
8432.890901639345 0.8995299005138297
8442.902213114754 0.9076855799715754
8452.913524590163 0.81419044495463
8462.924836065575 0.8777959986880944
8472.936147540984 0.8676615283699574
8482.947459016394 0.8665792062971467
8492.958770491805 0.9276046791297693
8502.970081967214 0.8219744178419155
8512.981393442624 0.8592325352574615
8522.992704918033 0.7952334098611566
8533.004016393443 0.7772384388324041
8543.015327868852 0.7915163441565541
8553.026639344263 0.8089428227834262
8563.037950819673 0.8160489778069313
8573.049262295082 0.8373455777850661
8583.060573770492 0.8287744615721002
8593.071885245903 0.8106701650814475
8603.083196721313 0.8292336285120804
8613.094508196722 0.8221056083961954
8623.105819672131 0.8093582595386465
8633.117131147541 0.8390947851754673
8643.12844262295 0.8041106373674429
8653.139754098362 0.8265660872417185
8663.151065573771 0.8006559527714006
8673.16237704918 0.8134688969060895
8683.173688524592 0.7789439160380452
8693.185000000001 0.7945993221821362
8703.19631147541 0.8121351262709086
8713.20762295082 0.7843008636711489
8723.21893442623 0.8000437301847602
8733.23024590164 0.8088225647753362
8743.24155737705 0.8293429539739805
8753.25286885246 0.8264348966874384
8763.26418032787 0.7953864655078169
8773.275491803279 0.8397070077621078
8783.28680327869 0.8166393353011916
8793.2981147541 0.8165081447469117
8803.309426229509 0.8006996829561605
8813.320737704918 0.8335410517109435
8823.332049180328 0.8002186509238002
8833.343360655737 0.8220837433038154
8843.354672131149 0.8377391494479064
8853.365983606558 0.7933530119164753
8863.377295081968 0.8528260631901169
8873.388606557377 0.8535257461462775
8883.399918032788 0.8638242046572646
8893.411229508198 0.744309609708101
8903.422540983607 0.7930031704383951
8913.433852459017 0.8883349732152619
8923.445163934426 0.9592434678036516
8933.456475409837 0.8932108888160052
8943.467786885247 0.8760249262053131
8953.479098360656 0.8477970919427135
8963.490409836066 0.9020881163222915
8973.501721311477 0.9065704602601947
8983.513032786886 0.8393790313764077
8993.524344262296 0.9849568164425494
