3507.326384335155 2.7459484136042
3517.3391530054646 6.086129498592407
3527.351921675774 -3.1433716300185144
3537.364690346084 -2.501458317482056
3547.377459016394 -0.47481549113596594
3557.390227686703 -0.9441908240127825
3567.402996357013 1.5404905019148343
3577.415765027323 2.1165893124350097
3587.4285336976322 -2.9288087448324838
3597.4413023679417 3.6610109310406047
3607.4540710382516 -1.8563747495498237
3617.466839708561 -0.3369347434629334
3627.4796083788706 3.8874305714068322
3637.4923770491805 -1.6916482791853713
3647.5051457194904 0.4533338405741967
3657.5179143898 0.8783509599533339
3667.5306830601094 5.579776306779274
3677.5434517304193 0.3534707956072941
3687.5562204007288 0.22725658779071242
3697.5689890710382 1.1263029749676634
3707.581757741348 -1.8491465672474576
3717.5945264116576 2.969514824114231
3727.607295081967 1.7517563214892593
3737.620063752277 2.526693550432423
3747.632832422587 2.646909635040199
3757.6456010928964 1.0007608612949859
3767.658369763206 0.7433741662228309
3777.671138433516 3.560704050318294
3787.6839071038253 1.1416216490400466
3797.6966757741347 0.15005452839280733
3807.7094444444447 0.9475386137107206
3817.7222131147546 0.7073093408404981
3827.7349817850636 1.0471987623322934
3837.7477504553735 1.825179436455401
3847.7605191256835 1.8920084201983312
3857.773287795993 1.3619417180248041
3867.7860564663024 2.324558066397829
3877.7988251366123 1.8398894214917956
3887.811593806922 1.794618174440133
3897.8243624772313 1.403155038169875
3907.837131147541 2.1312992974714042
3917.849899817851 2.1377666184787847
3927.8626684881606 1.0578127773973471
3937.87543715847 1.4294047528468894
3947.88820582878 0.8496791701539477
3957.9009744990894 2.1695959826523628
3967.913743169399 2.0022064977554592
3977.926511839709 2.0405031829364177
3987.9392805100183 1.8724796469603593
3997.952049180328 1.39224935960841
4007.9648178506377 0.8232519211747699
4017.9775865209476 1.8178244439372038
4027.990355191257 1.5895660554414264
4038.0031238615666 1.9920616804889801
4048.0158925318765 2.0568617007786147
4058.028661202186 1.2755839610439017
4068.0414298724954 2.2517690025108426
4078.0541985428054 1.9218088209186133
4088.066967213115 2.554972228562733
4098.079735883424 2.7604047782089327
4108.092504553734 1.533135509396637
4118.105273224044 1.3587714626290295
4128.118041894353 1.8024804078216543
4138.130810564664 1.283978797331913
4148.143579234973 1.976083593294276
4158.156347905282 1.5965406173121308
4168.169116575593 1.7159958406249207
4178.181885245902 1.5979355296862716
4188.194653916211 1.3368332952902686
4198.207422586522 1.1456795759466383
4208.220191256831 1.8071723858074007
4218.23295992714 1.6375003170255398
4228.245728597451 2.2846128484110677
4238.25849726776 1.4689695401861573
4248.271265938069 1.9801415202008674
4258.284034608379 1.9210479596236272
4268.2968032786885 1.9070354307743034
4278.309571948998 1.7326079788987803
4288.322340619308 1.7416115042227802
4298.335109289617 1.8703238732912324
4308.347877959928 1.6146744781759619
4318.360646630237 1.2942250627710568
4328.373415300546 1.4772122042151716
4338.386183970857 1.3098227193182683
4348.398952641166 2.097948210707855
4358.411721311475 1.9177508940120216
4368.424489981786 1.249562504755383
4378.437258652095 2.1065713053843615
4388.450027322404 1.7085140378908927
4398.462795992715 1.557546475944102
4408.475564663024 1.2530751477339015
4418.488333333333 1.7441477085394
4428.501102003644 1.9563011996246418
4438.513870673953 1.7901798168860485
4448.526639344263 1.8591645742981056
4458.5394080145725 1.3665068857947196
4468.5521766848815 1.6333155799031172
4478.564945355191 1.512845874863679
4488.577714025501 2.1396687717162495
4498.59048269581 1.6588044332851455
4508.603251366121 1.8280960714195136
4518.61602003643 1.3592787034923532
4528.628788706739 1.689682720839991
4538.64155737705 1.6414314337163003
4548.654326047359 1.755053387100865
4558.667094717668 1.412538994141368
4568.679863387979 1.7981688604834005
4578.692632058288 1.1687083111415457
4588.705400728597 1.743386847244414
4598.718169398908 1.6804889801922445
4608.730938069217 1.523751553425144
4618.743706739526 1.9153414999112328
4628.756475409837 1.535037662634102
4638.769244080146 1.5461969616272286
4648.782012750456 1.5732075375992292
4658.7947814207655 1.5994572522762434
4668.8075500910745 1.5894392452255954
4678.820318761385 1.5765046032108347
4688.833087431694 1.4498211975956783
4698.845856102003 1.5167769915544398
4708.858624772314 1.6172106824925816
4718.871393442623 1.702934388394329
4728.884162112932 1.3587714626290295
4738.896930783243 1.644728499327906
4748.909699453552 1.4690963504019885
4758.922468123861 1.5460701514113977
4768.935236794172 1.4415785335666642
4778.948005464481 1.4048035709756779
4788.96077413479 1.453245073423115
4798.973542805101 1.5577366912678487
4808.98631147541 1.6022470770245252
4818.999080145719 1.3876841918384946
4829.01184881603 1.5950188947221589
4839.024617486339 1.454893606228918
4849.0373861566495 1.4173577823429455
4859.0501548269585 1.3601663750031705
4869.062923497268 1.1591848639326385
4879.075692167578 1.2393035582946563
4889.088460837887 1.5125922544320172
4899.101229508196 1.193296811991174
4909.113998178507 1.3060184128433387
4919.126766848816 1.3381013974485785
4929.139535519125 1.2470009383955973
4939.152304189436 1.455274036876411
4949.165072859745 1.424459154429481
4959.177841530054 1.3084278069441275
4969.190610200365 1.1722463161632302
4979.203378870674 1.2392021101219914
4989.216147540983 1.6151817190392859
4999.228916211294 1.402394176874889
5009.241684881603 1.3270689086712826
5019.254453551914 1.4377742270917344
5029.267222222223 1.2301985847979915
5039.279990892532 1.3265616678079584
5049.292759562843 1.3460904410459307
5059.305528233152 1.062415988232012
5069.318296903461 1.2679880291156256
5079.331065573771 1.5715590047934263
5089.34383424408 1.3772857541403536
5099.356602914389 1.054312815440412
5109.3693715847 0.9843896624312055
5119.382140255009 1.4679550584595096
5129.394908925318 1.1723350833143118
5139.407677595629 1.3500215577366914
5149.420446265938 1.323771843059677
5159.433214936247 1.4001749980978466
5169.445983606558 1.5614141875269474
5179.458752276867 1.6607065865226103
5189.471520947176 1.4088614978822693
5199.484289617487 1.2095031575743742
5209.497058287796 1.265096756194679
5219.509826958107 1.6584240026376524
5229.522595628416 1.1095386644348069
5239.535364298725 1.2233761951862843
5249.548132969036 1.2190012427401151
5259.560901639345 1.3247863247863247
5269.573670309654 1.1305257551548353
5279.586438979964 1.1977985746531743
5289.5992076502735 1.266688224403358
5299.6119763205825 1.4060716731339877
5309.624744990893 1.333536229678663
5319.637513661202 1.2696238808998455
5329.650282331511 1.321742879606381
5339.663051001822 1.5375738669507215
5349.675819672131 1.3275761495346066
5359.68858834244 1.304243069821705
5369.701357012751 1.1420528037738722
5379.71412568306 1.444495168530777
5389.726894353371 1.2373887240356083
5399.73966302368 1.0915442948083898
5409.752431693989 1.0216211417991834
5419.7652003643 1.5550736767353979
5429.777969034609 1.2608739760075072
5439.790737704918 1.3204747774480714
5449.803506375229 1.2927033401810852
5459.816275045538 1.0882725912399502
5469.829043715847 1.3311268355778743
5479.8418123861575 1.0570645971239445
5489.8545810564665 1.1223084531689875
5499.8673497267755 0.891995739176748
5509.880118397086 0.9357199015952725
5519.892887067395 1.40378908924903
5529.905655737704 1.141406071673134
5539.918424408015 1.1472900656876919
5549.931193078324 1.2388914250932057
5559.943961748634 1.0047553830936622
5569.956730418944 1.0251845088640341
5579.969499089253 1.5856349387506659
5589.982267759563 1.2107839407542673
5599.995036429873 0.9171929290623653
5610.007805100182 1.0336934743462933
5620.020573770493 1.2298308351720815
5630.033342440802 1.2862360191737048
5640.046111111111 1.1180856729818154
5650.058879781422 1.0669304319155952
5660.071648451731 1.0633924268939106
5670.08441712204 1.4482994750057063
5680.0971857923505 1.1371072053564637
5690.1099544626595 1.2603920971873495
5700.1227231329685 1.2488270055035635
5710.135491803279 1.1780415430267062
5720.148260473588 1.2335210124527631
5730.161029143898 1.210352786020442
5740.173797814208 1.1927895711278502
5750.186566484517 1.4157092495371428
5760.199335154827 1.3166704709731416
5770.212103825137 1.322250120469705
5780.224872495446 1.112899135154328
5790.237641165757 1.202909026351163
5800.250409836066 1.0794085571533645
5810.263178506375 1.1641811864363794
5820.275947176686 1.2403814451292197
5830.288715846995 1.0434451799436963
5840.301484517304 0.9688427299703265
5850.314253187615 1.1815415049836415
5860.327021857924 1.3490070760100434
5870.339790528233 1.2197747850566842
5880.3525591985435 1.1896446777752416
5890.365327868853 1.63369601055061
5900.3780965391625 1.3665068857947196
5910.390865209472 1.374495929392072
5920.403633879781 1.059727611656395
5930.416402550091 1.0110071267341296
5940.429171220401 1.1157270029673592
5950.44193989071 1.118795810190469
5960.454708561021 1.1290420756296127
5970.46747723133 1.0897435897435899
5980.480245901639 1.0717619011387558
5990.49301457195 1.257500824266403
6000.505783242259 1.209211494077963
6010.518551912568 1.2777397347130286
6020.531320582879 1.0405412260011668
6030.544089253188 1.1855233457607346
6040.556857923497 1.2382129904385097
6050.569626593808 1.0572928555124401
6060.582395264117 1.2093700068477518
6070.595163934426 1.068198534073905
6080.607932604737 1.0844429227218546
6090.620701275046 1.1044662558015674
6100.6334699453555 1.0322858809505693
6110.646238615665 1.2277638286540364
6120.659007285974 1.293591011691902
6130.671775956284 1.116487864262345
6140.684544626594 1.0231428643891554
6150.697313296903 1.006036166273555
6160.710081967214 1.2304395242080701
6170.722850637523 1.1751629511273427
6180.735619307832 1.1228790991402267
6190.748387978143 1.1455337441984328
6200.761156648452 0.9256638514798753
6210.773925318761 1.1007633974993027
6220.786693989072 1.1270384742194832
6230.799462659381 1.017195465266682
6240.81223132969 1.1692662760912018
6250.825000000001 1.099520657384159
6260.83776867031 1.0448781353825864
6270.85053734062 1.26198990590682
6280.86330601093 1.0728017449085698
6290.876074681239 1.2712724137056481
6300.8888433515485 1.2321007380354563
6310.901612021858 1.0362423596844963
6320.9143806921675 0.9859621091075097
6330.927149362478 1.0560754774404626
6340.939918032787 0.9101549620837455
6350.952686703096 1.0053640721296508
6360.965455373407 1.1434223541048467
6370.978224043716 1.071394151512846
6380.990992714025 0.9606634710492277
6391.003761384336 0.956846483552715
6401.016530054645 0.8604073144132491
6411.029298724954 1.0483780973395218
6421.042067395265 0.905856095767075
6431.054836065574 0.9383068299982247
6441.067604735883 0.8304420604123869
6451.080373406194 0.8867077531765959
6461.093142076503 1.0450937127494992
6471.105910746813 0.8891171472773847
6481.118679417123 0.7409013670141267
6491.131448087432 0.859608410053514
6501.144216757742 1.0
6511.1569854280515 0.9109285044003145
6521.1697540983605 0.8916787136371707
6531.182522768671 0.9586091455527658
6541.19529143898 1.0163458368206142
6551.208060109289 0.948629181566867
6561.2208287796 0.9228233026452611
6571.233597449909 0.9643282862867433
6581.246366120218 0.960308402444901
6591.259134790529 0.9030916330619595
6601.271903460838 0.992936670978214
6611.284672131147 0.8403713003119532
6621.297440801458 0.961094625783053
6631.310209471767 1.0192117476983946
6641.322978142077 1.040820208475995
6651.335746812387 0.8016815034619189
6661.348515482696 0.9169646706738696
6671.361284153006 0.8261939181820488
6681.374052823316 0.9623246848766137
6691.386821493625 0.9810038296685181
6701.3995901639355 0.9417116842932867
6711.4123588342445 1.01027162748231
6721.4251275045535 0.9503664815237516
6731.437896174864 0.8924522559537397
6741.450664845173 0.9739024575819828
6751.463433515482 0.8172157549012149
6761.476202185793 0.9983387861726141
6771.488970856102 0.9385731314514697
6781.501739526411 0.8767658322554465
6791.514508196722 0.9891830885896169
6801.527276867031 0.9203505034365569
6811.54004553734 0.8850084962844608
6821.552814207651 0.8660440285069365
6831.56558287796 1.0705191610236122
6841.57835154827 1.8871896319967536
6851.59112021858 0.8027593902964824
6861.603888888889 1.1454513175581424
6871.616657559199 0.8668873164422126
6881.629426229509 0.9296330112353851
6891.642194899818 0.8855410991909509
6901.6549635701285 0.9583048010347714
6911.6677322404375 0.8591772553196886
6921.680500910747 0.9174719115371935
6931.693269581057 0.8148697659083417
6941.706038251366 0.7734789114611074
6951.718806921675 0.8558865302188744
6961.731575591986 0.7650206700651805
6971.744344262295 0.8605341246290801
6981.757112932604 0.9060336300692384
6991.769881602915 0.8851226254787086
7001.782650273224 0.9967029343883943
7011.795418943534 0.9324228359836669
7021.808187613844 0.9770853939993406
7031.820956284153 0.8108625630880825
7041.833724954463 0.7252529863805828
7051.846493624773 0.7013492606964418
7061.859262295082 0.7451748712876309
7071.872030965393 0.9474878896243882
7081.884799635702 0.7031499657612418
7091.897568306011 0.8846914707448832
7101.910336976322 0.9521291435238023
7111.923105646631 0.8149712140810065
7121.93587431694 0.7983844378503132
7131.94864298725 0.7048872657181263
7141.961411657559 0.9177382129904386
7151.974180327868 0.7380481371579295
7161.986948998179 0.8161759111314009
7171.999717668488 0.6848766136599965
7182.012486338798 0.8481447665423927
7192.025255009108 0.881318319003779
7202.038023679417 0.8629942428162013
7212.050792349727 0.8067412310735754
7222.063561020037 0.8307717669735475
7232.076329690346 0.695224327271805
7242.089098360657 1.0706079281746939
7252.101867030966 0.7953536736919526
7262.114635701275 0.7412944786832028
7272.127404371586 0.7839027112024145
7282.140173041895 0.9782013238986533
7292.152941712204 0.7613558548276649
7302.165710382515 0.8234294554769332
7312.178479052824 0.9679931015242589
7322.191247723133 0.6460980496588805
7332.204016393443 0.6882117223363515
7342.2167850637525 1.174795201501433
7352.2295537340615 0.7898120672601385
7362.242322404372 0.8605721676938294
7372.255091074681 0.7946181744401329
7382.267859744991 0.7708539399934059
7392.280628415301 0.747368688021507
7402.29339708561 0.883385325521824
7412.30616575592 0.7814933171016257
7422.31893442623 0.8312916888584544
7432.331703096539 0.6221943239747395
7442.34447176685 0.9583174820563545
7452.357240437159 0.7429049684242562
7462.370009107468 0.7623766770651045
7472.382777777779 0.6976971264805093
7482.395546448088 0.6424712774861143
7492.408315118397 0.79116893656953
7502.421083788708 0.5232189505186539
7512.433852459017 0.2654898678637551
7522.446621129326 0.5023333079712902
7532.4593897996365 0.6257830530827564
7542.4721584699455 0.8069187653757387
7552.484927140255 0.6458317482056355
7562.497695810565 0.6777879225950443
7572.510464480874 0.7708793020365721
7582.523233151184 0.7662507291587412
7592.536001821494 0.7453967891653351
7602.548770491803 1.0026376524892846
7612.561539162113 0.7448451647264704
7622.574307832423 0.9219863552207767
7632.587076502732 0.9496943873798473
7642.599845173042 0.7804534733318116
7652.612613843352 0.8727966724999366
7662.625382513661 0.7726166019934566
7672.638151183971 0.7088437444520531
7682.650919854281 0.7669989094321439
7692.663688524591 0.6810596261634838
7702.676457194901 0.7611910015470846
7712.68922586521 0.6659818915011794
7722.70199453552 0.76477339014431
7732.7147632058295 0.7097567780060362
7742.7275318761385 0.637804661543534
7752.740300546448 0.7855892870729667
7762.753069216758 0.7407872378198789
7772.765837887067 0.7230718506682898
7782.778606557377 0.6412919424788861
7792.791375227687 0.7232620659920364
7802.804143897996 0.6647137893428694
7812.816912568306 0.7958355525121105
7822.829681238616 0.9570113368332953
7832.842449908925 0.7734915924826904
7842.855218579235 0.7708539399934059
7852.867987249545 0.9453638185092191
7862.880755919855 0.9126404423140329
7872.893524590165 0.7524410966547466
7882.906293260474 0.7366025006974563
7892.919061930784 0.7033655431281544
7902.931830601094 0.6602627507672018
7912.944599271403 0.9458266757970022
7922.957367941713 0.6598696390981258
7932.9701366120225 0.7712090085977327
7942.982905282332 0.7073981079915799
7952.9956739526415 0.7921707372745949
7963.008442622951 0.7430951837480028
7973.02121129326 0.7964505820588906
7983.03397996357 0.6966953257754445
7993.04674863388 0.7834588754470061
8003.059517304189 0.5243221993963834
8013.072285974499 0.7058129802936925
8023.085054644809 0.7474574551725888
8033.097823315119 0.49902356133810144
8043.110591985429 0.6324786324786325
8053.123360655738 0.7524157346115803
8063.136129326048 0.680057825458419
8073.148897996358 0.7713104567703974
8083.161666666667 0.43026706231454004
8093.174435336977 0.6519820436734384
8103.187204007287 0.618345633924269
8113.199972677596 0.6347738973851734
8123.212741347906 0.5707220573689417
8133.225510018216 0.857693575794466
8143.238278688525 0.6547084633138045
8153.2510473588345 0.8853762459103707
8163.263816029144 0.3553095437368434
8173.276584699453 0.5714195135560121
8183.289353369763 0.6236019173704634
8193.302122040073 0.7303888001217378
8203.314890710382 0.8214385350883867
8213.327659380691 0.9263486266453625
8223.340428051002 0.9465875370919882
8233.353196721313 0.725138857186335
8243.365965391622 0.692650079890436
8253.378734061931 0.7281315782799462
8263.39150273224 0.716921555200487
8273.40427140255 0.5330594232671384
8283.41704007286 0.5135686930939156
8293.42980874317 1.0089528012376678
8303.44257741348 0.6296254026224353
8313.455346083789 1.018590377640823
8323.468114754098 0.5086864997844227
8333.480883424409 0.6428263460904411
8343.493652094718 0.9056531994217455
8353.506420765028 0.8024423647569048
8363.519189435337 0.6726457683430977
8373.531958105646 0.6176164751832408
8383.544726775955 0.7132440589413884
8393.557495446266 0.48159983768292375
8403.570264116577 0.7209794821070786
8413.583032786886 0.6114408176722717
8423.595801457195 0.5806893403332573
8433.608570127504 0.7754571508280708
8443.621338797815 0.509498085165741
8453.634107468124 0.6045423419310659
8463.646876138435 0.7676836845976311
8473.659644808744 0.693537751401253
8483.672413479053 0.5563290978721246
8493.685182149362 0.5484415024474373
8503.697950819673 0.5310050977706765
8513.710719489982 0.6951862842070557
8523.723488160293 0.5793958761317812
8533.736256830602 0.6277359304065535
8543.74902550091 0.601841284333866
8553.76179417122 0.6693423622207005
8563.77456284153 0.5208095564178651
8573.78733151184 0.5610464379010373
8583.80010018215 0.3933906515508889
8593.81286885246 0.5736513733546375
8603.825637522768 0.5624793933399275
8613.83840619308 0.6058484871541251
8623.851174863388 0.7012478125237769
8633.863943533699 0.640759339572396
8643.876712204008 0.56036166273555
8653.889480874317 0.5338836896700399
8663.902249544626 0.6271272413705649
8673.915018214937 0.718849070481118
8683.927786885246 0.4507976362575769
8693.940555555557 0.5234472089071496
8703.953324225866 0.49558700448908166
8713.966092896175 0.45256029825762767
8723.978861566484 0.31181363970681475
8733.991630236795 0.512706383626265
8744.004398907104 0.57865403636917
8754.017167577415 0.4390042861852951
8764.029936247724 0.5108929975398819
8774.042704918033 0.5022445408202085
8784.055473588343 0.46678840447386444
8794.068242258652 0.579116893656953
8804.081010928963 0.46029572142331787
8814.093779599272 0.3756118592913846
8824.106548269581 0.6277232493849705
8834.11931693989 0.6027923609525984
8844.132085610201 0.5531081183900175
8854.14485428051 0.5564051840016232
8864.157622950821 0.7222983083517208
8874.17039162113 0.6133619924421112
8884.183160291439 0.7974967663394963
8894.195928961748 0.5080524487052678
8904.208697632059 0.6236906845215451
8914.221466302368 0.6331380456009537
8924.234234972679 0.8679017981688605
8934.247003642988 0.7897613431738061
8944.259772313297 0.7313398767404702
8954.272540983606 0.8347662887722235
8964.285309653917 0.5203149965761242
8974.298078324227 0.6806918765375739
8984.310846994536 0.5380684267924625
8994.323615664845 0.42445915442948084
