3507.326530054645 3.558925943209965
3517.3395901639346 4.473561402878989
3527.3526502732243 4.62217754962846
3537.365710382514 3.3558531069390103
3547.3787704918036 3.0599131277596294
3557.391830601093 3.6292493807660553
3567.4048907103825 1.6754137200703596
3577.417950819672 3.7329935025307823
3587.4310109289618 3.0817388807122086
3597.4440710382514 3.208780557849015
3607.457131147541 3.6629931435545826
3617.4701912568307 3.114656998241017
3627.4832513661204 2.659367483935815
3637.49631147541 2.8932045805363105
3647.5093715846997 2.55144128944251
3657.5224316939893 2.9568869583946586
3667.535491803279 3.192806116954446
3677.5485519125687 3.0629644254585924
3687.5616120218583 2.100262052625911
3697.5746721311475 3.356032595038949
3707.587732240437 3.2597551782316834
3717.600792349727 2.886132749398715
3727.6138524590165 2.7912194421509855
3737.626912568306 2.8636608392863554
3747.639972677596 2.1433391966112647
3757.6530327868854 2.45385360950569
3767.666092896175 2.1768316760598774
3777.6791530054647 2.5938543274580894
3787.6922131147544 2.8640198154862335
3797.7052732240436 2.2971963958789536
3807.7183333333332 2.5155257206447215
3817.731393442623 2.755573105503105
3827.7444535519126 2.512259037225832
3837.757513661202 2.5466489571741393
3847.770573770492 2.1764368022400116
3857.7836338797815 2.3750583336324804
3867.796693989071 2.3690634310945184
3877.809754098361 2.0968158811070827
3887.8228142076505 2.5952184370176257
3897.83587431694 2.4196431776573215
3907.84893442623 2.404350791542521
3917.8619945355194 1.9796819470869083
3927.875054644809 2.22041138672506
3937.8881147540988 2.1941881753239763
3947.901174863388 2.036543777147575
3957.9142349726776 2.3976020389848154
3967.9272950819673 2.304591305596439
3977.940355191257 2.1157698244606387
3987.9534153005466 2.3916430340668415
3997.966475409836 2.414976487058908
4007.979535519126 2.3169400868722403
4017.9925956284155 1.9669382919912413
4028.005655737705 2.2425602182575295
4038.0187158469944 2.3907096959471588
4048.031775956284 2.2066984958897224
4058.0448360655737 2.3715403668736763
4068.0578961748633 2.1998779480920416
4078.070956284153 2.4794486125569875
4088.0840163934427 2.2469397278960406
4098.097076502732 2.1585956851060777
4108.110136612022 2.2238934558638763
4118.123196721312 2.247262806475931
4128.136256830601 2.29708870301899
4138.149316939891 2.0263488530710414
4148.162377049181 2.002692321499085
4158.17543715847 2.1681803496428187
4168.18849726776 1.954517715475464
4178.2015573770495 2.379509638510967
4188.214617486339 2.118928815019564
4198.227677595629 2.075743978174247
4208.2407377049185 2.0141436622751914
4218.253797814208 1.962738270452669
4228.266857923498 2.061743906379007
4238.2799180327875 2.06300032307858
4248.292978142077 1.5667875219872924
4258.306038251366 1.8686147108446711
4268.3190983606555 2.11867753167965
4278.332158469945 2.1311699034354024
4288.345218579235 1.8504864127508345
4298.3582786885245 1.9011379545536133
4308.371338797814 1.9652511038518146
4318.384398907104 1.911691854830025
4328.397459016393 1.649387945579208
4338.410519125683 1.665649567433679
4348.423579234973 1.869153175144488
4358.436639344262 1.9221021646264853
4368.449699453552 2.0314642639193026
4378.462759562842 1.9009943640736622
4388.475819672131 1.8963635710952365
4398.488879781421 1.6206698495889724
4408.501939890711 2.0500053846429984
4418.515 1.7455217719065226
4428.52806010929 1.7441217647269986
4438.54112021858 1.8942097138959688
4448.554180327869 1.8534659152098216
4458.567240437158 1.537279678357325
4468.580300546448 1.538356606956959
4478.593360655737 1.7571167031625805
4488.606420765027 2.0261334673511144
4498.619480874317 1.6043005348745378
4508.632540983606 1.7685321463186991
4518.645601092896 1.775370642926374
4528.658661202186 1.6951933086836342
4538.671721311475 1.8461069031123236
4548.684781420765 1.7752808988764046
4558.697841530055 1.8416914958538249
4568.710901639344 1.8696198442043293
4578.723961748634 1.7273216785727106
4588.7370218579235 1.7236960189539436
4598.750081967213 1.7625013461607495
4608.763142076503 1.6848188965071615
4618.7762021857925 1.720931902214883
4628.789262295082 1.7250242308934918
4638.802322404372 1.6503930789388666
4648.8153825136615 1.588361991599957
4658.828442622951 1.57520551387443
4668.841502732241 1.6744803819506768
4678.85456284153 1.7623936533007865
4688.86762295082 1.6977420397027678
4698.88068306011 1.6292852783860432
4708.893743169399 1.6135262232114012
4718.906803278689 1.809132354524895
4728.919863387979 1.522777039882256
4738.932923497268 1.5326488853788993
4748.945983606558 1.7175575259360305
4758.959043715847 1.6006389776357828
4768.972103825136 1.5808952866424957
4778.985163934426 1.6173313709301074
4788.998224043716 1.7619269842409448
4799.011284153005 1.6442366371109598
4809.024344262295 1.6866137775065515
4819.037404371585 1.735865312129806
4829.050464480874 1.5189718921635496
4839.063524590164 1.7259934666331622
4849.076584699454 1.5941415084179922
4859.089644808743 1.5194744588433788
4869.102704918033 1.6784650177693219
4879.115765027323 1.611623649352048
4889.128825136612 1.4999461535700183
4899.141885245902 1.6131672470115233
4909.154945355192 1.590085077359371
4919.168005464481 1.6726496033312994
4929.181065573771 1.608285170693183
4939.19412568306 1.5469361381340418
4949.207185792349 1.6331263237247373
4959.220245901639 1.5586746598700505
4969.233306010929 1.4838640198154864
4979.246366120218 1.6167929066302904
4989.259426229508 1.7039164303406684
4999.2724863387975 1.515597515884697
5009.285546448087 1.5068743942276628
5019.298606557377 1.4967512653911048
5029.3116666666665 1.4332483756326957
5039.324726775956 1.5534336073518327
5049.337786885246 1.4537818142657144
5059.3508469945355 1.4329252970528055
5069.363907103825 1.3830276052697708
5079.376967213115 1.5055102846681268
5089.390027322404 1.4593638941738165
5099.403087431694 1.5011307750296157
5109.416147540984 1.425817568295222
5119.429207650273 1.5101410776465523
5129.442267759563 1.486592238934559
5139.455327868853 1.4369817281114263
5149.468387978142 1.3258067990092257
5159.481448087432 1.5172847040241233
5169.494508196722 1.5002692321499085
5179.507568306011 1.3657608500556415
5189.520628415301 1.3234016584700434
5199.533688524591 1.4208995943568943
5209.54674863388 1.3466274186021467
5219.55980874317 1.3718275478335786
5229.57286885246 1.3612018523171914
5239.585928961749 1.3823993969199844
5249.598989071038 1.384391714829307
5259.612049180328 1.4228021682162473
5269.625109289617 1.2828373478838353
5279.638169398907 1.3357145421258572
5289.651229508197 1.3262375704490794
5299.664289617486 1.3620992928168862
5309.677349726776 1.3998994866640344
5319.690409836066 1.2300678465017771
5329.703469945355 1.3057759270560363
5339.716530054645 1.310550310514413
5349.7295901639345 1.3347453063861867
5359.742650273224 1.220949851024877
5369.755710382514 1.2137344294073305
5379.7687704918035 1.2565961876727572
5389.781830601093 1.3538069425997057
5399.794890710383 1.2862835194026638
5409.807950819672 1.0095846645367412
5419.821010928961 1.2642064831101698
5429.834071038251 1.1776214236996088
5439.8471311475405 1.3433607351832575
5449.86019125683 1.3441504828229889
5459.87325136612 1.3372222421653444
5469.8863114754095 1.2235344796639982
5479.899371584699 1.240908927738091
5489.912431693989 1.2414473920379079
5499.925491803278 1.3529095021000108
5509.938551912568 1.2388627633987868
5519.951612021858 1.3116631367340346
5529.964672131147 1.3158811070826004
5539.977732240437 1.1950317693936894
5549.990792349727 1.2228165272642424
5560.003852459016 1.2066625982697348
5570.016912568306 1.3188426607315937
5580.029972677596 1.2513551351545393
5590.043032786885 1.159170047025882
5600.056092896175 1.2040779696306136
5610.069153005465 1.2241806368237786
5620.082213114754 1.1683239401227699
5630.095273224044 1.2110780055282335
5640.108333333334 1.2179344509459022
5650.121393442623 1.1236314032379655
5660.134453551913 1.1234160175180388
5670.1475136612025 1.1155723875507055
5680.160573770492 1.0367950604874896
5690.173633879782 1.260329540151488
5700.1866939890715 1.0935850953081812
5710.199754098361 1.2172523961661341
5720.212814207651 1.1020569336253005
5730.2258743169405 1.1616828804250279
5740.23893442623 1.079943999712819
5750.25199453552 1.0885594285098898
5760.265054644809 1.171626521161647
5770.278114754098 1.102667193165093
5780.291174863388 1.1230929389381485
5790.3042349726775 1.176329109380048
5800.317295081967 1.0334565818286248
5810.330355191257 1.1748214093405607
5820.343415300546 1.160246975625516
5830.356475409836 1.1309186200954877
5840.369535519126 1.2097856912086729
5850.382595628415 1.2331191442007394
5860.395655737705 1.1144416125210899
5870.408715846995 1.1238108913379043
5880.421775956283 1.1336109415945723
5890.434836065573 0.9791793804070791
5900.447896174863 1.071579854255663
5910.460956284152 1.1081954266432137
5920.474016393442 1.1577700398463582
5930.487076502732 1.134903255914133
5940.500136612021 1.0978569120867288
5950.513196721311 1.1355853106939011
5960.526256830601 1.052482320422156
5970.53931693989 1.0960979287073267
5980.55237704918 1.165847004343612
5990.56543715847 1.085364540330976
6000.578497267759 1.0381232724270382
6010.591557377049 1.1127903220016513
6020.604617486339 1.0438309940050976
6030.617677595628 1.078364504433356
6040.630737704918 1.1253544889973794
6050.643797814208 1.0314822127292962
6060.656857923497 1.0023333452992067
6070.669918032787 1.0868004451304878
6080.6829781420765 1.0626054492587143
6090.696038251366 1.0236206339519691
6100.709098360656 1.053684890691747
6110.7221584699455 1.012959040815594
6120.735218579235 1.017159062354166
6130.748278688525 1.0202103600531285
6140.7613387978145 0.9911691854830025
6150.774398907104 1.0506156441827907
6160.787459016394 0.9965179308611839
6170.800519125683 1.0427899630254516
6180.813579234973 0.9423125246796138
6190.826639344263 0.9777434756075672
6200.839699453552 1.0323078579890155
6210.852759562842 0.9987794809204151
6220.865819672132 0.9615536489930717
6230.878879781421 1.0272103959507486
6240.891939890711 0.9949025379617332
6250.905000000001 0.987399935384284
6260.918060109289 0.9878307068241375
6270.931120218579 1.049861794163047
6280.944180327869 0.9607280037333525
6290.957240437158 0.9113328786301469
6300.970300546448 1.003158990558926
6310.983360655738 0.9391535341206879
6320.996420765027 0.8922712424166278
6331.009480874317 0.9257637218652404
6341.022540983607 0.9140610977492193
6351.035601092896 0.8846968445992032
6361.048661202186 1.0111641598162042
6371.061721311475 0.9681588110708261
6381.074781420764 0.9428509889794308
6391.087841530054 0.9255842337653013
6401.100901639344 1.0
6411.113961748633 0.992856373622429
6421.127021857923 0.9061995189718922
6431.140081967213 1.0372258319273433
6441.153142076502 0.981476828086298
6451.166202185792 0.9610151846932549
6461.179262295082 0.9531895035359156
6471.192322404371 0.9854614639049432
6481.205382513661 0.9180816311878524
6491.2184426229505 0.9670459848512045
6501.23150273224 0.9570305488746096
6511.24456284153 0.9354919768819328
6521.2576229508195 0.90867645475105
6531.270683060109 0.908855942850989
6541.283743169399 1.0141436622751911
6551.2968032786885 0.900276411673906
6561.309863387978 0.9655023871917292
6571.322923497268 0.9073123451915138
6581.335983606557 0.9286714290842518
6591.349043715847 0.8851276160390567
6601.362103825137 0.9335535054025919
6611.375163934426 0.9448253580787594
6621.388224043716 0.9277021933445813
6631.401284153006 0.9750870517284704
6641.414344262295 1.0050256667982913
6651.427404371585 0.9531895035359156
6661.440464480875 0.9013892378935278
6671.453524590164 0.8886814804178483
6681.466584699454 0.9233585813260582
6691.479644808744 0.8633377607064652
6701.492704918033 0.894855871055749
6711.505765027323 0.9304304124636537
6721.518825136613 0.8538607890296874
6731.531885245902 1.2895143052015652
6741.544945355192 0.9540869440356105
6751.558005464481 1.0503284632228884
6761.57106557377 0.9051943856122339
6771.58412568306 0.9251893599454357
6781.59718579235 0.8672147036651471
6791.610245901639 0.8759019277021933
6801.623306010929 0.8325735003769251
6811.636366120219 0.8634813511864164
6821.649426229508 0.8770865491617905
6831.662486338798 0.847632551961805
6841.6755464480875 0.8822199088200452
6851.688606557377 0.8131528879635281
6861.701666666666 0.7980040923286786
6871.714726775956 0.8397530243744841
6881.727786885245 0.8342606885163514
6891.740846994535 0.8043579710665183
6901.7539071038245 0.8703377966040853
6911.766967213114 0.7950245898696917
6921.780027322404 0.8412248267939836
6931.7930874316935 0.8187529166816241
6941.806147540983 0.8243529453997201
6951.819207650273 0.7714039559177226
6961.8322677595625 0.8111785188641993
6971.845327868852 0.8552428473992174
6981.858387978142 0.8186811214416485
6991.871448087431 0.7773629608356967
7001.884508196721 0.8218042143805866
7011.897568306011 0.8131528879635281
7021.9106284153 0.7822091395340489
7031.92368852459 0.8308863122374986
7041.93674863388 0.8188247119215997
7051.949808743169 0.8715583156836703
7061.962868852459 0.8147682808629788
7071.975928961749 0.7691424058584916
7081.988989071038 0.7501166672649603
7092.002049180328 0.7502961553648994
7102.015109289618 0.7856553110528772
7112.028169398907 0.7465269052661809
7122.041229508197 0.7481602469756257
7132.054289617487 0.8073374735255053
7142.067349726776 0.769429586818394
7152.080409836066 0.7627885271206518
7162.0934699453555 0.729870409591844
7172.106530054645 0.7388807122087806
7182.119590163935 0.6736188390709696
7192.1326502732245 0.6520084718383171
7202.145710382514 0.7511218006246186
7212.158770491804 0.7367268550095128
7222.1718306010935 0.7145062282370679
7232.184890710382 0.74214739562767
7242.197950819672 0.6398750762824424
7252.2110109289615 0.7663064938794558
7262.224071038251 0.6575546541264314
7272.237131147541 0.6520802670782927
7282.2501912568305 0.7024805255411567
7292.26325136612 0.6905625157052088
7302.27631147541 0.6267365473669096
7312.289371584699 0.7229421689341997
7322.302431693989 0.6978856301827189
7332.315491803279 0.7375525002692322
7342.3285519125675 0.7231216570341388
7352.341612021857 0.7026959112610834
7362.354672131147 0.7052805399002046
7372.367732240436 0.7585167103421043
7382.380792349726 0.7308396453315145
7392.393852459016 0.7206447212549808
7402.406912568305 0.7451986933266325
7412.419972677595 0.7306960548515633
7422.433032786885 0.7462038266862907
7432.446092896174 0.7277165523925765
7442.459153005464 0.7479628100656928
7452.472213114754 0.7190293283555301
7462.485273224043 0.7283268119323689
7472.498333333333 0.7639731485802492
7482.511393442623 0.6944753562838785
7492.524453551912 0.7323114477510142
7502.537513661202 0.6713931866317264
7512.550573770492 0.6612700577951682
7522.563633879781 0.715188283016836
7532.576693989071 0.677065010589798
7542.589754098361 0.6869009584664537
7552.60281420765 0.6834368381376315
7562.61587431694 0.6810137487884553
7572.6289344262295 0.6997164088020965
7582.641994535519 0.6528341170980364
7592.655054644809 0.6296083569659332
7602.6681147540985 0.635423771403956
7612.681174863388 0.6029364253150017
7622.694234972678 0.6935420181641957
7632.7072950819675 0.5799619485228129
7642.720355191257 0.6855727465269053
7652.733415300547 0.7493628172452167
7662.746475409836 0.5932799655382849
7672.759535519126 0.6440392002010267
7682.772595628416 0.6569623433966328
7692.785655737705 0.5794773306529777
7702.798715846995 0.6363571095236386
7712.811775956285 0.659044405355925
7722.824836065574 0.6435725311411854
7732.837896174864 0.6842804322073447
7742.850956284154 0.6657213626736548
7752.864016393443 0.740926876548085
7762.877076502733 0.6559572100369746
7772.890136612022 0.7000753850019744
7782.90319672131 0.6953010015435978
7792.9162568306 0.6307929784255305
7802.92931693989 0.6790034820691389
7812.942377049179 0.6667623936533008
7822.955437158469 0.6828086297878451
7832.968497267759 0.6854291560469541
7842.981557377048 0.6698495889722512
7852.994617486338 0.5867465987005062
7863.007677595628 0.6244749973076785
7873.020737704917 0.6735470438309941
7883.033797814207 0.6954804896435367
7893.046857923497 0.5998133323760635
7903.059918032786 0.6703880532720681
7913.072978142076 0.6139928922712424
7923.086038251366 0.6521520623182683
7933.099098360655 0.6464802383601967
7943.112158469945 0.6392289191226622
7953.125218579235 0.6700290770721902
7963.138278688524 0.6463725455002334
7973.151338797814 0.6283878378863481
7983.1643989071035 0.572261909035431
7993.177459016393 0.6594392791757907
8003.190519125683 0.6021466776752702
8013.2035792349725 0.6157159780306566
8023.216639344262 0.6401981548623327
8033.229699453552 0.5704131816060596
8043.2427595628415 0.6699213842122268
8053.255819672131 0.5906594392791759
8063.268879781421 0.6009261585956851
8073.28193989071 0.6180852209498511
8083.295 0.6237570449079226
8093.30806010929 0.6591879958358762
8103.321120218579 0.5974799870768569
8113.334180327869 0.60638259683383
8123.347240437159 0.6331622213447249
8133.360300546448 0.655185411207237
8143.373360655738 0.6799727178088093
8153.386420765028 0.6629213483146068
8163.399480874317 0.6324801665649568
8173.412540983607 0.6036543777147575
8183.425601092897 0.6189467638295582
8193.438661202186 0.5937466345981262
8203.451721311476 0.6116595469720357
8213.464781420766 0.6008184657357217
8223.477841530055 0.6013210324155509
8233.490901639345 0.5704131816060596
8243.503961748635 0.6449725383207093
8253.517021857924 0.5796388699429228
8263.530081967212 0.6204903614890332
8273.543142076502 0.5968697275370644
8283.556202185791 0.5857414653408479
8293.569262295081 0.6353519761639804
8303.58232240437 0.6823778583479916
8313.59538251366 0.6165775209103637
8323.60844262295 0.6395161000825645
8333.62150273224 0.6538033528377069
8343.63456284153 0.6456186954804897
8353.647622950819 0.5966902394371253
8363.660683060109 0.6037979681947087
8373.673743169398 0.5246437161216212
8383.686803278688 0.5279103995405104
8393.699863387978 0.5839465843414582
8403.712923497267 0.5614028789891231
8413.725983606557 0.5255770542413039
8423.739043715846 0.5513694942025344
8433.752103825136 0.6234339663280325
8443.765163934426 0.5698747173062426
8453.778224043715 0.5595362027497577
8463.791284153005 0.561761855189001
8473.804344262295 0.6331263237247371
8483.817404371584 0.5868183939404817
8493.830464480874 0.5947517679577845
8503.843524590164 0.5671106005671824
8513.856584699453 0.5353771044979718
8523.869644808743 0.5406540546361777
8533.882704918033 0.5516746239724306
8543.895765027322 0.5502746167929067
8553.908825136612 0.5671464981871702
8563.921885245902 0.4949025379617331
8573.934945355191 0.5596797932297088
8583.948005464481 0.5261873137810963
8593.96106557377 0.516279570664465
8603.97412568306 0.5284488638403274
8613.98718579235 0.5406540546361777
8624.00024590164 0.49847435115051875
8634.01330601093 0.5734644793050221
8644.026366120219 0.5486233262734681
8654.039426229509 0.5770183436838138
8664.052486338798 0.5529669382919913
8674.065546448088 0.5989517894963564
8684.078606557377 0.534300175898338
8694.091666666667 0.44132534012994945
8704.104726775957 0.577341422263704
8714.117786885246 0.49111533905302085
8724.130846994536 0.547402807193883
8734.143907103826 0.5056897727680655
8744.156967213115 0.4933409914922641
8754.170027322405 0.49818717019061637
8764.183087431693 0.5819363176221417
8774.196147540983 0.47772552679757335
8784.209207650272 0.49757691065082393
8794.222267759562 0.5016692393294325
8804.235327868852 0.4757152600782568
8814.248387978141 0.5053666941881754
8824.26144808743 0.4890691747137165
8834.27450819672 0.5331155544387408
8844.28756830601 0.5283052733603762
8854.3006284153 0.5429873999353843
8864.31368852459 0.5219872922425244
8874.32674863388 0.48551531033492484
8884.339808743169 0.4809563125964749
8894.352868852458 0.44017661629033994
8904.365928961748 0.5190077897835373
8914.378989071038 0.4788024553972072
8924.392049180327 0.5150949492048678
8934.405109289617 0.4780845029974513
8944.418169398907 0.48160246975625515
8954.431229508196 0.4254226944753563
8964.444289617486 0.41074056790034824
8974.457349726776 0.40377642962271604
8984.470409836065 0.39810460566464445
8994.483469945355 0.43497146139210974
