3508.1061202185792 6.42318616965319
3518.118360655738 4.525020163411299
3528.130601092896 6.0805835115895785
3538.1428415300543 4.607427148718309
3548.155081967213 3.1854683171441596
3558.1673224043716 5.343011770756625
3568.1795628415302 3.343502705988241
3578.1918032786884 3.209196853338944
3588.2040437158466 0.8934086100688479
3598.2162841530053 3.7867470865331794
3608.228524590164 3.5522670687659996
3618.2407650273226 5.081880983273136
3628.253005464481 4.731329850030976
3638.265245901639 5.361538731283094
3648.2774863387976 3.261563278044675
3658.2897267759563 2.882140477609847
3668.3019672131145 4.6380521560238925
3678.314207650273 -0.931736624937172
3688.3264480874313 4.44273006744515
3698.33868852459 2.359528234620285
3708.3509289617487 4.236771048848056
3718.363169398907 4.686210564458627
3728.3754098360655 2.748302182323994
3738.3876502732237 1.966078713282136
3748.3998907103824 2.4021928440345524
3758.412131147541 3.2340942829423387
3768.424371584699 4.150272936610911
3778.436612021858 2.536323362672558
3788.448852459016 2.815279774637351
3798.4610928961747 4.73296630080303
3808.4733333333334 3.4134025318231234
3818.4855737704916 2.5687601547614873
3828.49781420765 2.9909644539514444
3838.5100546448084 2.888803170038924
3848.522295081967 2.7395354817594186
3858.5345355191257 3.5839440801393323
3868.546775956284 3.6045166041308696
3878.5590163934426 3.4456639899007615
3888.5712568306008 3.198910591343176
3898.5834972677594 3.1774029526247505
3908.595737704918 2.6067491905413145
3918.6079781420763 1.9948334911339436
3928.620218579235 3.7245619571951236
3938.632459016393 3.0609811691271878
3948.6446994535518 2.4439223387219324
3958.6569398907104 2.7582377762971797
3968.6691803278686 3.192364788254959
3978.6814207650273 2.8874004979485925
3988.6936612021855 2.6771165737396405
3998.705901639344 3.161622891608514
4008.7181420765028 2.955780762352281
4018.730382513661 3.1959883578216504
4028.7426229508196 2.9376629145188256
4038.754863387978 3.215508877745439
4048.7671038251365 2.634393519654943
4058.779344262295 2.407803532395881
4068.7915846994533 2.061343526083857
4078.803825136612 2.44485745344882
4088.81606557377 2.6519853654545242
4098.828306010929 2.4857687227501724
4108.8405464480875 2.4124791060303212
4118.852786885245 2.9058690138046313
4128.865027322405 2.699909995207537
4138.8772677595625 2.151231429205971
4148.88950819672 2.7407043751680287
4158.90174863388 2.662271627450293
4168.913989071038 2.527030660074108
4178.926229508197 2.4356231955208005
4188.938469945355 1.9135953992355441
4198.950710382513 2.3502939766922655
4208.962950819672 2.7253918715152365
4218.97519125683 2.1753106334233383
4228.9874316939895 2.5092634802632348
4238.999672131147 2.678051688466529
4249.011912568305 2.7935383572372037
4259.0241530054645 2.966300803029772
4269.036393442622 2.5668899253077115
4279.048633879782 2.405816413601244
4289.06087431694 2.705637572909726
4299.073114754097 2.455961940830616
4309.085355191257 2.88599782585826
4319.097595628415 2.2951222078058704
4329.109836065574 2.642634218185644
4339.122076502732 2.176596416172809
4349.13431693989 2.396815934354946
4359.146557377049 2.0605253006978295
4369.158797814207 2.5139390538976754
4379.171038251367 2.3249289897254273
4389.183278688524 2.544447171862398
4399.195519125682 2.3169805145468785
4409.207759562842 2.326565440497481
4419.219999999999 2.2101436569999184
4429.232240437159 2.2460286846442474
4439.244480874317 2.407219085691576
4449.256721311474 2.1982209442320957
4459.268961748634 2.0668373251043235
4469.281202185792 2.239833549578614
4479.293442622951 1.9636240371240548
4489.305683060109 2.201727624457926
4499.317923497267 2.0583044032214706
4509.330163934426 2.049888370679478
4519.342404371584 2.2066369767740883
4529.354644808744 2.0798120419398956
4539.366885245901 2.206520087433227
4549.379125683059 2.1433998433682833
4559.391366120219 2.13252913466821
4569.403606557376 1.9213100957323703
4579.415846994536 1.880165047749296
4589.428087431694 2.206987644796671
4599.440327868851 2.1137683954600184
4609.452568306011 2.0635644235602157
4619.464808743169 2.23702820539795
4629.477049180328 1.9505324309476222
4639.489289617486 2.1692323876985657
4649.501530054644 2.1466727449123915
4659.513770491803 1.9512337669927882
4669.526010928961 2.0082757653329595
4679.538251366121 2.153919884045774
4689.550491803278 2.0962934390012977
4699.562732240436 2.1058783649519
4709.574972677596 1.980806770230623
4719.5872131147535 2.1435167327091444
4729.599453551913 1.8436955734006617
4739.611693989071 2.2658414279201886
4749.6239344262285 2.2106112143633623
4759.636174863388 1.9623382543745838
4769.648415300546 1.935804373999135
4779.660655737705 1.8940748793117557
4789.672896174863 1.8498907084662952
4799.685136612021 1.9679489427359118
4809.69737704918 1.8407733398791364
4819.709617486338 2.008041986651237
4829.721857923498 2.1628034739512105
4839.7340983606555 1.9728582950520743
4849.746338797813 1.8933735432665897
4859.758579234973 1.7688863952496172
4869.7708196721305 1.9418826197239074
4879.78306010929 2.0751364683054554
4889.795300546448 2.034342088344964
4899.807540983606 1.9434021811551008
4909.819781420765 1.8780610396137978
4919.832021857923 2.098046779114213
4929.844262295082 1.814122570162827
4939.85650273224 1.8782948182955197
4949.868743169398 1.7211955441783264
4959.8809836065575 1.8137719021402439
4969.893224043715 1.8565534008953724
4979.905464480875 1.885074400065458
4989.9177049180325 2.1078654837465374
4999.92994535519 1.8664889948685581
5009.94218579235 1.8432280160372174
5019.954426229508 1.9725076270294912
5029.966666666666 1.94912975885729
5039.978907103825 1.7459760844408598
5049.991147540983 1.9875863520005614
5060.003387978142 1.679582938831808
5070.0156284153 2.014237121716871
5080.027868852459 1.832824864700588
5090.040109289617 1.8419422332877464
5100.052349726775 2.016574908534091
5110.064590163935 1.8425266799920517
5120.076830601092 1.9113745017591848
5130.089071038251 1.9483115334712628
5140.10131147541 1.8240581641360125
5150.113551912567 1.927446786127573
5160.125792349727 1.558719360381527
5170.138032786885 1.7365080478311183
5180.150273224043 1.6643873245198773
5190.162513661202 1.764093932274316
5200.17475409836 1.6546855092284136
5210.186994535519 1.9414150623604636
5220.199234972677 1.7532232235742424
5230.211475409835 1.920725649028065
5240.223715846994 1.560122032471859
5250.235956284152 1.884022395997709
5260.248196721312 1.64264590711973
5270.260437158469 1.7235333309955465
5280.272677595627 1.9796378768220126
5290.284918032787 1.745274748395694
5300.297158469944 1.7510023260978833
5310.309398907104 1.8517609379200712
5320.321639344262 1.5900457037322768
5330.3338797814195 1.6414770137111196
5340.346120218579 1.8256946149080666
5350.358360655737 1.6841416231253872
5360.370601092896 1.870463232457832
5370.382841530054 1.666140664632792
5380.395081967212 1.4171663685988476
5390.407322404371 1.4604154247174201
5400.419562841529 1.7698215099765053
5410.431803278689 1.4661430024196094e-27
5420.444043715846 0.9218010309639865
5430.456284153004 1.4546294023448003
5440.468524590164 1.714532851749249
5450.4807650273215 1.5404846232072098
5460.493005464481 1.6685953407908733
5470.505245901639 1.4737408095755749
5480.5174863387965 1.459480309990532
5490.529726775956 1.5077556077661278
5500.541967213114 1.5445757501373452
5510.554207650273 1.6012670804549334
5520.566448087431 1.4719874694626598
5530.578688524589 1.523185000759781
5540.590928961748 1.3458638706736332
5550.603169398906 1.6355156573272085
5560.615409836066 1.6102675597012308
5570.6276502732235 1.4364531098409137
5580.639890710382 1.7222475482460755
5590.652131147541 1.5168729763532864
5600.6643715846985 1.527860574394221
5610.676612021858 1.5207303246016997
5620.688852459016 1.5676029502869633
5630.701092896174 1.5196783205339506
5640.713333333333 1.2956014541034004
5650.725573770491 1.2462741522600556
5660.73781420765 1.594136830662412
5670.750054644808 1.3085761709389723
5680.762295081966 1.3457469813327723
5690.7745355191255 1.2648595574569554
5700.786775956283 1.193264836179589
5710.799016393443 1.0311159425372003
5720.8112568306005 1.2456897055557505
5730.823497267758 1.3942560577900902
5740.835737704918 1.2271043003588502
5750.847978142076 1.3981134060385034
5760.860218579235 1.2051291042769812
5770.872459016393 1.28975698706035
5780.884699453551 1.204544657572676
5790.89693989071 1.2620542132762915
5800.909180327868 1.2764316022021953
5810.9214207650275 1.3169922034809647
5820.933661202185 1.0223726198407967
5830.945901639343 1.2866009748571028
5840.958142076503 1.3036083739523794
5850.97038251366 1.2352865542191207
5860.98262295082 1.238910123785812
5870.994863387978 1.323304227887459
5881.007103825135 1.205596661640425
5891.019344262295 1.1069420579537352
5901.031584699453 1.0631786887353742
5911.043825136611 1.0234129349744596
5921.05606557377 1.1266729786910732
5931.068306010928 1.1847903589671658
5941.080546448087 1.2752627087935853
5951.092786885245 1.0949609005154821
5961.105027322404 1.0647566948369978
5971.117267759562 0.9839510934997838
5981.12950819672 1.2112073500017535
5991.14174863388 1.1207817559116784
6001.153989071037 1.1209220231207118
6011.166229508196 1.1038328014868326
6021.178469945355 1.1063576112494302
6031.190710382512 1.0143423221236456
6041.202950819672 1.021320615773048
6051.21519125683 1.16274502928078
6061.227431693988 1.1995184159156527
6071.239672131147 0.980608058351159
6081.251912568305 1.1745040969713973
6091.264153005464 1.1976481864618767
6101.276393442622 1.10911619969375
6111.288633879781 1.1402847424343374
6121.300874316939 1.119671307173499
6131.313114754097 0.858949632383023
6141.325355191257 0.9290364811632829
6151.337595628414 1.1312550408528248
6161.349836065573 1.0958025037696815
6171.362076502732 1.0144709003985928
6181.3743169398895 1.1604189313976458
6191.386557377049 1.2052459936178421
6201.398797814207 1.049677969865928
6211.411038251365 1.0047223293707848
6221.423278688524 1.0333485289476454
6231.435519125682 1.0931491157321365
6241.447759562841 0.9614148285817816
6251.459999999999 0.9741733001367607
6261.472240437158 1.014494278266765
6271.484480874316 1.1020911503080035
6281.496721311474 0.9549742259003402
6291.508961748634 0.9540391111734521
6301.5212021857915 1.051174153428949
6311.53344262295 0.9445827634977967
6321.545683060109 0.9066755502565722
6331.5579234972665 1.101120968778857
6341.570163934426 0.9446178303000551
6351.582404371584 0.9830978013114986
6361.5946448087425 1.0171359773702238
6371.606885245901 1.0396371754859675
6381.619125683059 0.9530455517761336
6391.631366120218 0.9869960608292132
6401.643606557376 0.9451788991361878
6411.655846994535 1.0338511531133476
6421.6680874316935 0.9765169314210238
6431.680327868851 0.889364238875057
6441.692568306011 0.9973699898306274
6451.7048087431685 0.9063950158385057
6461.717049180327 0.8821170997416746
6471.729289617486 1.0
6481.741530054644 0.9017661979404098
6491.753770491803 0.8777571273275591
6501.766010928961 1.019824432210027
6511.77825136612 0.951935103037954
6521.790491803278 0.9463302591436688
6531.802732240436 0.9131979754766163
6541.8149726775955 0.9632383022992135
6551.827213114753 0.8109431800914075
6561.839453551912 0.9768325326413484
6571.851693989071 0.8005049619525195
6581.863934426228 0.8418019660787133
6591.876174863388 0.8428656590805484
6601.888415300546 0.8168227139367162
6611.900655737704 0.8977802714170495
6621.912896174863 0.9139811340603852
6631.925136612021 0.7392900141436103
6641.93737704918 0.8253205690173113
6651.949617486338 0.8829470140617878
6661.961857923497 0.8985634300008183
6671.974098360655 1.0
6681.986338797813 0.9271545627754205
6691.998579234973 0.9054014564411872
6702.01081967213 0.7357950228518663
6712.023060109289 0.9076691096538907
6722.035300546448 0.8082897920538626
6732.047540983605 0.8245257214994565
6742.059781420765 0.9151734053371673
6752.072021857923 0.8199436593377051
6762.084262295081 0.8480438568806911
6772.09650273224 0.87043985458966
6782.108743169398 0.8338651798342509
6792.120983606557 0.8693294058514804
6802.133224043715 0.8419013220184451
6812.145464480874 0.8756180523898026
6822.157704918032 0.8137485242720718
6832.16994535519 0.8041752872555552
6842.18218579235 0.7912707040245001
6852.194426229507 0.8398499140863345
6862.206666666666 0.7377120080419868
6872.218907103825 0.8791247326156328
6882.231147540982 0.8593119893396921
6892.243387978142 0.725555516592442
6902.2556284153 0.7752802421947144
6912.2678688524575 0.8315741487533753
6922.280109289617 1.6156444693808372
6932.292349726775 0.8517609379200711
6942.304590163934 0.9568327664200302
6952.316830601092 0.9387499853888325
6962.32907103825 0.9272714521162816
6972.341311475409 0.820165749085341
6982.353551912567 0.7254853829879253
6992.365792349727 0.7641757548129187
7002.378032786884 0.8459982934156234
7012.390273224042 0.8629121810382112
7022.402513661202 0.823543851036224
7032.4147540983595 0.8364951900036236
7042.426994535519 0.8919124265058269
7052.439234972677 0.889703217963554
7062.4514754098345 0.7512945494500356
7072.463715846994 0.7722060525300698
7082.475956284152 0.8903110425360312
7092.488196721311 0.8137134574698134
7102.500437158469 0.9503687858704165
7112.512677595627 0.9169267454500825
7122.524918032786 0.760622318850744
7132.537158469944 0.8722867061752639
7142.549398907104 0.8476113663195054
7152.5616393442615 0.6901029795092986
7162.573879781419 0.7307570922607567
7172.586120218579 0.7487229839510936
7182.5983606557365 0.8267699968439879
7192.610601092895 0.7947306285139859
7202.622841530054 0.7416394898949166
7212.635081967212 0.6908919825601104
7222.647322404371 0.8169980479480077
7232.659562841529 0.8381550186438499
7242.671803278688 0.6072635036411029
7252.684043715846 0.7155030332783954
7262.696284153004 0.8347418498907085
7272.7085245901635 0.7550350083575879
7282.720765027321 0.610162359294456
7292.73300546448 0.691073161038445
7302.745245901639 0.7345793737069117
7312.757486338796 0.7092845203445898
7322.769726775956 0.7321013196806584
7332.781967213114 0.7235099531273744
7342.794207650272 0.7186824233498147
7352.806448087431 0.7757828663604166
7362.818688524589 0.5750137344975512
7372.830928961748 0.7390679243959744
7382.843169398906 0.7944500940959194
7392.855409836065 0.6873443910649788
7402.867650273223 0.6882795057918669
7412.879890710381 0.7335273696391627
7422.892131147541 0.7278114808710594
7432.904371584698 0.7720190295846923
7442.916612021857 0.6004956108052507
7452.928852459016 0.6595364168741453
7462.941092896173 0.7275777021893374
7472.953333333333 0.6927096118104991
7482.965573770491 0.6018164603569801
7492.977814207649 0.8220652008743323
7502.990054644808 0.7237203539409242
7513.002295081966 0.7019088029362603
7523.014535519125 0.817734450795432
7533.026775956283 0.7801662166427045
7543.039016393442 0.6771165737396407
7553.0512568306 0.6971981624995617
7563.063497267758 0.7197461163516499
7573.075737704918 0.5650547626561935
7583.087978142075 0.7103599022805112
7593.100218579234 0.6680342719547404
7603.112459016393 0.6931421023716847
7613.124699453551 0.9040221622190273
7623.13693989071 0.8047480450257742
7633.149180327868 0.5592336734813153
7643.161420765026 0.7503126789868032
7653.173661202185 0.6651237273673014
7663.185901639344 0.6142768640927635
7673.198142076502 0.7399913501887764
7683.21038251366 0.7891316290867436
7693.222622950819 0.7424810931491158
7703.234863387977 0.6657432408738647
7713.247103825135 0.8577339832380686
7723.259344262294 0.6590104148402708
7733.271584699452 0.6802024523383714
7743.283825136611 0.5938679851784315
7753.29606557377 0.6344052085890287
7763.3083060109275 0.5005143130997884
7773.320546448086 0.7423642038082547
7783.332786885245 0.613774239927061
7793.345027322403 0.689810756157146
7803.357267759562 0.6164042500964337
7813.36950819672 0.7454851492092437
7823.3817486338785 0.6462344098841627
7833.393989071037 0.6264333555423082
7843.406229508196 0.6736917160524132
7853.418469945354 0.6276490046872626
7863.430710382512 0.5214667274491239
7873.442950819671 0.8715152365255813
7883.4551912568295 0.6517165199705439
7893.467431693988 0.6356793024044137
7903.479672131147 0.7372678285467149
7913.4919125683045 0.7015698238477633
7923.504153005463 0.6667601781393555
7933.516393442622 0.580565978188449
7943.5286338797805 0.7119028415798764
7953.540874316939 0.5611740365396081
7963.553114754097 0.563161155334245
7973.565355191256 0.6199343081904362
7983.577595628414 0.6883145725941252
7993.589836065573 0.5595258968334679
8003.6020765027315 0.6397470514663768
8013.614316939889 0.6303491484611519
8023.626557377048 0.6681277834274293
8033.638797814207 0.7049128589963881
8043.651038251365 0.6736800271183271
8053.663278688524 0.7417096234994331
8063.675519125682 0.45017591845799587
8073.68775956284 0.48988322754847985
8083.699999999999 0.4840855162417739
8093.712240437158 0.6161354046124534
8103.724480874316 0.6148846886652406
8113.736721311474 0.6178419889890242
8123.748961748633 0.506259424203107
8133.761202185791 0.5780061016235929
8143.77344262295 0.7333169688256128
8153.785683060109 0.7418265128402941
8163.797923497266 0.5101985949901229
8173.810163934425 0.49107549882526214
8183.822404371584 0.5718109665579596
8193.834644808743 0.7307220254584985
8203.846885245901 0.7151991209921568
8213.859125683059 0.7443863894051501
8223.871366120216 0.7068064663183365
8233.883606557376 0.5329920164580192
8243.895846994536 0.7293076644340803
8253.908087431693 0.6774438638940515
8263.920327868851 0.6843169571366787
8273.932568306009 0.6285373636778063
8283.944808743168 0.5993267173966407
8293.957049180328 0.6755619455061893
8303.969289617486 0.7330130565393742
8313.981530054643 0.8047831118280324
8323.993770491801 0.5379715023786982
8334.00601092896 0.46499748687917153
8344.01825136612 0.7458358172318267
8354.030491803278 0.6662224871713949
8364.042732240436 0.6314479082652453
8374.054972677593 0.6504190482869867
8384.067213114753 0.6262930883332749
8394.079453551913 0.6052413180442076
8404.09169398907 0.45680354408481494
8414.103934426228 0.6543699080080888
8424.116174863386 0.6472396582155674
8434.128415300545 0.40253182312304947
8444.140655737705 0.5168495984851142
8454.152896174863 0.6032425103154844
8464.16513661202 0.5617000385734825
8474.177377049178 0.5990929387149186
8484.189617486338 0.6284789190073757
8494.201857923497 0.3312994588023518
8504.214098360655 0.46038035791516174
8514.226338797813 0.5926990917698215
8524.23857923497 0.5642949819405969
8534.25081967213 0.6120559666164043
8544.26306010929 0.5528515154703043
8554.275300546447 0.5290411567369172
8564.287540983605 0.5855337751750418
8574.299781420763 0.5617818611120852
8584.312021857922 0.4750207478580029
8594.324262295082 0.43102944442496294
8604.33650273224 0.6668887564143027
8614.348743169397 0.5053009316080467
8624.360983606555 0.6207174667742049
8634.373224043715 0.662049537702657
8644.385464480874 0.5370480765858962
8654.397704918032 0.5157274608128485
8664.40994535519 0.7290621968182721
8674.422185792348 0.5682575305957851
8684.434426229507 0.3151687297635329
8694.446666666667 0.5911912192727146
8704.458907103824 0.5937627847716567
8714.471147540982 0.5822024289605031
8724.48338797814 0.454261200921088
8734.4956284153 0.6187186590454816
8744.507868852459 0.7512828605159496
8754.520109289617 0.44677443863894056
8764.532349726775 0.578122990964454
8774.544590163932 0.5598298091197064
8784.556830601092 0.6367313064721629
8794.569071038251 0.5684328646070765
8804.58131147541 0.6445395144416781
8814.593551912567 0.5249266519386098
8824.605792349725 0.33038772194363597
8834.618032786884 0.4237121716870639
8844.630273224044 0.5563348178279623
8854.642513661202 0.34038176058725206
8864.65475409836 0.4523559046650536
8874.666994535517 0.6649016376196655
8884.679234972677 0.582412829774053
8894.691475409836 0.3855711797641173
8904.703715846994 0.4544540683335087
8914.715956284152 0.6312842631880399
8924.72819672131 0.4999357108625265
8934.740437158469 0.5725707472735562
8944.752677595628 0.27551986534347933
8954.764918032786 0.5653820528106043
8964.777158469944 0.6690862760224896
8974.789398907102 0.47959696555271125
8984.801639344261 0.5221563745602039
8994.81387978142 0.5272644387558298
