3508.1057741347904 1.1788195118165237
3518.1173224043714 1.5546198921184369
3528.1288706739524 0.8465986262563545
3538.1404189435334 0.5455780201016726
3548.151967213115 1.3723078117117467
3558.163515482696 0.5638946020412123
3568.175063752277 1.0781947301020607
3578.186612021858 0.868640614692072
3588.198160291439 0.6945166673134386
3598.20970856102 0.923124684698669
3608.221256830601 0.517055376615313
3618.2328051001823 0.024404128992199934
3628.2443533697633 -0.06970390779618922
3638.2559016393443 0.5549497458186193
3648.2674499089253 0.12134347471768404
3658.2789981785063 0.18000310450541349
3668.2905464480873 0.32247661919360476
3678.3020947176683 -0.5891575148434166
3688.3136429872493 -0.14831386549730297
3698.3251912568303 0.19441965151926735
3708.3367395264117 0.42857697233109554
3718.3482877959927 0.3212736233458807
3728.3598360655737 0.2493810392331872
3738.3713843351547 0.4425084403740929
3748.3829326047357 0.4153052116884629
3758.3944808743167 0.5102254647056541
3768.4060291438977 0.5140284838371687
3778.417577413479 0.6151771508401568
3788.42912568306 0.7388334820908845
3798.440673952641 1.2862353991229774
3808.452222222222 0.25439869610772636
3818.463770491803 0.7265318793899648
3828.475318761384 1.1138577360394273
3838.486867030965 1.083472389304979
3848.498415300546 0.9105514377740697
3858.5099635701276 1.2472350498661182
3868.5215118397086 1.2563545345182197
3878.5330601092896 1.0134269859133067
3888.5446083788706 1.3579882804920642
3898.5561566484516 1.2962474290814545
3908.5677049180326 1.122472738561838
3918.5792531876136 1.5083239551398966
3928.5908014571946 1.5939694982343127
3938.602349726776 1.9278978617718965
3948.613897996357 1.4380845201598822
3958.625446265938 1.5417750009701578
3968.636994535519 1.7940936784508519
3978.6485428051 1.7695292793666808
3988.660091074681 1.5316465520586753
3998.671639344262 1.2087779890566186
4008.6831876138435 1.1552252706740658
4018.6947358834245 1.0346540416779852
4028.7062841530055 1.3208894408009624
4038.7178324225865 1.3705615274166634
4048.7293806921675 1.2380185494198457
4058.7409289617485 1.442741278280104
4068.7524772313295 1.4303232566261788
4078.7640255009105 1.3640420660483528
4088.7755737704915 1.2480111762194885
4098.787122040072 1.7601769568085683
4108.798670309654 1.5233420000776128
4118.810218579235 1.534557025883814
4128.821766848816 1.5342853816601343
4138.833315118397 1.510574721564671
4148.844863387978 1.5873724242306648
4158.85641165756 1.4834879118320463
4168.86795992714 1.404866312235632
4178.879508196722 1.2328767123287672
4188.891056466302 1.369377934727774
4198.902604735884 1.3825526795762353
4208.914153005464 1.2959369785401065
4218.925701275046 1.1223951259265008
4228.937249544626 1.240676782180139
4238.948797814208 1.4087469440024836
4248.960346083788 1.2080018627032483
4258.97189435337 1.079203694361442
4268.983442622951 1.2443633823586482
4278.994990892532 0.9727579649967015
4289.006539162113 1.1243742481275953
4299.018087431694 1.0596841165741784
4309.029635701276 1.0185882261632195
4319.041183970856 0.8120221972137065
4329.052732240438 1.1255772439753193
4339.064280510018 1.0950366719701967
4349.0758287796 1.1054367651053592
4359.08737704918 1.0404749893282628
4369.098925318762 1.0488571539446623
4379.110473588342 0.9708952617486126
4389.122021857924 1.0887500485078971
4399.133570127504 1.1038068997632815
4409.145118397086 1.1504908999185068
4419.156666666666 1.160270091970973
4429.168214936248 0.8734914044006364
4439.179763205829 1.0736931972525128
4449.19131147541 0.9363576390236331
4459.202859744992 1.223485583452986
4469.214408014572 1.2663471613178623
4479.225956284154 1.095502347782219
4489.237504553734 1.1500252241064848
4499.249052823316 1.2234467771353177
4509.260601092896 1.2161123830959681
4519.272149362478 1.2686561372191394
4529.283697632058 1.3251969420621679
4539.29524590164 1.2609724863207732
4549.30679417122 1.2289572742442472
4559.318342440802 1.218363149520742
4569.329890710383 1.499631339982149
4579.341438979964 1.381582521634522
4589.352987249545 1.1149443129341459
4599.364535519126 1.1972719158679033
4609.376083788707 1.27020838992588
4619.387632058288 1.320462571306609
4629.3991803278695 1.1603865109239786
4639.41072859745 1.2220109433815824
4649.4222768670315 1.2113780123404092
4659.433825136612 1.227676665761186
4669.4453734061935 1.254181380728783
4679.456921675774 1.3019519577787264
4689.4684699453555 1.1182816562536382
4699.480018214936 1.1833210446660716
4709.4915664845175 1.1083084326128294
4719.503114754098 0.9991850673289613
4729.5146630236795 1.0102836741821568
4739.5262112932605 1.0228957274244248
4749.5377595628415 1.2047809383367614
4759.5493078324225 0.8934378516822539
4769.5608561020035 1.1103651674492607
4779.572404371585 0.9956924987387948
4789.5839526411655 1.076952927936668
4799.595500910747 1.0068299119096589
4809.6070491803275 1.2270945709961583
4819.618597449909 0.9501338817959565
4829.6301457194895 1.1048546703403315
4839.641693989071 1.0676394116962242
4849.6532422586515 0.9250650005820948
4859.664790528233 0.9261127711591447
4869.6763387978135 0.9597578485777485
4879.687887067395 0.9730878186968839
4889.699435336976 0.8833482090884397
4899.710983606557 0.9474174395591604
4909.722531876138 0.8764794908611122
4919.734080145719 0.895843843377702
4929.745628415301 0.8961931002367186
4939.757176684881 0.9044200395824441
4949.768724954463 0.988125266793434
4959.780273224043 0.9231634910163375
4969.791821493625 1.0178897124451862
4979.803369763205 0.9367845085179868
4989.814918032787 0.9339516473281851
4999.826466302367 1.0996546237727503
5009.838014571949 1.0151344638907214
5019.849562841529 1.0124180216539254
5029.861111111111 1.0097403857347977
5039.872659380692 1.1765299390740813
5049.884207650273 1.1428848616554776
5059.895755919854 1.1266638208700377
5069.907304189435 1.1502580620124956
5079.918852459016 1.1879001901509567
5089.930400728597 1.158096938181536
5099.941948998179 1.3191819628235477
5109.953497267759 1.1495595482944625
5119.965045537341 1.1986107338274672
5129.976593806921 1.2413752958981723
5139.988142076503 1.289533936124801
5149.999690346083 1.206934688967364
5160.011238615665 1.1888703480926694
5170.022786885245 1.2225154255112733
5180.034335154827 1.192052466141488
5190.045883424408 1.222554231828942
5200.057431693989 1.2154526756956034
5210.06897996357 1.2016376266056115
5220.080528233151 1.2828592494858164
5230.092076502732 1.2369125693662928
5240.103624772313 1.2451783150296871
5250.115173041895 1.279832356707672
5260.126721311475 1.204082424618728
5270.138269581057 1.2437812875936205
5280.149817850637 1.1400908067833444
5290.161366120219 1.1453684659862626
5300.172914389799 1.0383018355388258
5310.184462659381 1.0522721098994916
5320.196010928961 0.9979044588459002
5330.207559198543 1.0520780783111492
5340.219107468123 1.077923085878381
5350.230655737705 0.9969731072218557
5360.242204007286 0.8618495091000815
5370.253752276867 1.0425705304823625
5380.265300546448 1.1215025806201249
5390.276848816029 1.1520819589429159
5400.288397085611 1.1214637743024565
5410.299945355191 0.04365322674531414
5420.311493624773 1.0666304474368429
5430.323041894353 1.0464899685668827
5440.334590163935 1.0916605223330358
5450.346138433515 1.1256936629283247
5460.357686703097 0.9820714812371454
5470.369234972677 1.033062982653576
5480.380783242259 0.9206798866855526
5490.392331511839 1.0857619620474213
5500.403879781421 1.0357794248903722
5510.415428051002 1.128254879894447
5520.426976320583 1.0403973766929255
5530.438524590164 1.0417167914936554
5540.450072859745 1.1005859753967946
5550.461621129327 1.2218557181109087
5560.473169398907 1.1075129031006248
5570.484717668489 1.0716364624160812
5580.496265938069 1.1036128681749389
5590.507814207651 1.124141410221584
5600.519362477231 1.130660871589895
5610.530910746813 1.2116884628817572
5620.542459016393 1.1513446389072142
5630.554007285975 1.114439830804455
5640.565555555556 1.0979471457953356
5650.577103825137 1.1257324692459934
5660.588652094718 1.1512670262718772
5670.600200364299 1.0913888781093561
5680.61174863388 1.1697000271644225
5690.623296903461 1.139392293065311
5700.634845173042 1.2360006209010828
5710.646393442623 1.1975241569327488
5720.657941712204 1.2075749932088944
5730.669489981785 1.1721448251775388
5740.681038251367 1.06356474834103
5750.692586520947 1.2909697698785365
5760.704134790529 1.0500989561100547
5770.715683060109 1.0136986301369864
5780.727231329691 1.1163025340525436
5790.738779599272 1.2371842135899724
5800.750327868853 1.0455974232605068
5810.761876138434 1.2003958244402189
5820.773424408015 1.158096938181536
5830.784972677596 1.0506034382397456
5840.796520947177 1.2076720090030657
5850.808069216758 1.0706663044743685
5860.819617486339 1.1307772905429003
5870.83116575592 1.1514610578602198
5880.842714025501 1.0991501416430596
5890.854262295083 1.0209942178586675
5900.865810564663 1.1516938957662308
5910.877358834245 1.2554231828941753
5920.888907103825 1.0659319337188096
5930.900455373407 1.1298847452365246
5940.912003642987 1.2075749932088944
5950.923551912569 1.143660988008848
5960.93510018215 1.1620939889013933
5970.946648451731 1.1043889945283092
5980.958196721312 1.15027746517133
5990.969744990893 1.0197912220109435
6000.981293260474 0.8485777484574489
6010.992841530055 1.0054328844735922
6021.004389799636 0.9419457487678995
6031.015938069217 0.9136559431875511
6041.027486338799 0.865186852419574
6051.039034608379 0.9533936124801119
6061.050582877961 0.8766347161317863
6071.062131147541 0.8424075439481548
6081.073679417123 0.9279754744072336
6091.085227686703 0.853700182389693
6101.096775956285 0.8370522721098995
6111.1083242258655 0.9467383289999612
6121.1198724954465 0.85482556560208
6131.1314207650275 0.7384454189141992
6141.1429690346085 0.8065117001047771
6151.1545173041895 0.7613023400209554
6161.1660655737705 0.7625829485040165
6171.1776138433515 0.7894369203306298
6181.1891621129325 0.797935503900035
6191.200710382514 0.8593270984516279
6201.2122586520945 0.772245721603477
6211.223806921676 0.8560285614498041
6221.2353551912565 0.8807869921223176
6231.246903460838 0.9814893864721178
6241.2584517304185 0.8826108890527379
6251.27 1.0303853467344484
6261.281548269581 1.0235942411424581
6271.293096539162 1.059878148162521
6281.304644808743 1.0
6291.316193078324 1.0791648880437736
6301.327741347905 1.0462183243432033
6311.339289617486 1.0687259885909426
6321.350837887067 1.0819589429159069
6331.362386156648 1.1350071791687688
6341.373934426229 1.1400131941480074
6351.38548269581 1.1456401102099423
6361.397030965392 1.1831658193953978
6371.408579234972 1.1833598509837402
6381.420127504554 1.190112150258062
6391.431675774134 1.1699522682292678
6401.443224043716 1.1586790329465637
6411.454772313297 1.219178082191781
6421.466320582878 1.2574023050952696
6431.477868852459 1.1643835616438356
6441.48941712204 1.1962047421320192
6451.500965391621 1.1942644262485933
6461.512513661202 1.2198765959098141
6471.524061930783 1.160658155147658
6481.535610200364 1.082579843998603
6491.547158469945 1.1324071558849782
6501.558706739526 1.1991928285924949
6511.570255009108 1.1860374869028678
6521.581803278688 1.1927121735418527
6531.59335154827 1.09495905933486
6541.60489981785 1.1006635880321316
6551.616448087432 1.1964375800380302
6561.627996357012 1.1024486786448835
6571.639544626594 1.142457992161124
6581.651092896175 1.0655438705421243
6591.662641165756 1.1030695797275798
6601.674189435337 1.1211921300787768
6611.685737704918 1.1303892273662153
6621.697285974499 1.1361325623811558
6631.70883424408 1.1153711824284995
6641.720382513661 1.1126935465093717
6651.731930783242 1.0238658853661378
6661.743479052824 1.108735302107183
6671.755027322404 1.155535721215414
6681.766575591986 1.4449920447048779
6691.778123861566 1.0998098490434245
6701.789672131148 1.146455042880981
6711.801220400728 1.0986844658310375
6721.81276867031 1.1433117311498313
6731.824316939891 1.108735302107183
6741.835865209472 1.0523109162171602
6751.847413479053 1.1598044161589507
6761.858961748634 1.11195622647367
6771.870510018215 1.0469944506965734
6781.882058287796 1.0665140284838373
6791.893606557377 1.0724902014047888
6801.905154826958 1.0360122627963833
6811.91670309654 1.0615856261399357
6821.92825136612 1.0920873918273895
6831.939799635702 1.049594473980364
6841.951347905282 1.1924017230005046
6851.962896174864 1.080755947068183
6861.974444444444 1.0019015095657575
6871.985992714026 0.9958865303271374
6881.997540983607 1.0350421048546705
6892.009089253188 0.9968954945865187
6902.020637522769 1.0104777057704997
6912.03218579235 0.9655011835926889
6922.043734061931 1.014047886996003
6932.055282331512 1.0288719003453763
6942.066830601093 0.9949939850207614
6952.078378870674 1.0370600333734332
6962.089927140255 0.9823819317784936
6972.101475409836 0.9599130738484226
6982.113023679418 0.9694982343125461
6992.124571948998 1.0059761729209515
7002.13612021858 0.9863401761806824
7012.14766848816 1.004423920214211
7022.159216757742 1.019674803057938
7032.170765027323 1.0052388528852498
7042.182313296904 0.9886297489231247
7052.193861566485 1.137723621405565
7062.205409836066 0.9611160696961466
7072.216958105647 1.0098956110054718
7082.228506375228 1.062439365128643
7092.240054644809 1.0003104505413483
7102.25160291439 0.973766929256083
7112.263151183971 1.027280841320967
7122.274699453552 0.9837789592145602
7132.286247723134 1.0415615662229811
7142.297795992714 1.0140090806783344
7152.309344262296 1.0144747564903567
7162.320892531876 0.9772983041639179
7172.332440801458 0.9564205052582562
7182.343989071038 0.939811401296131
7192.35553734062 0.9367068958826498
7202.367085610201 0.9713221312429665
7212.378633879782 1.0085179867282394
7222.390182149363 0.9500562691606194
7232.401730418944 0.9304202724203501
7242.413278688525 0.9419457487678995
7252.424826958106 1.0044627265318795
7262.436375227687 0.9071752881369087
7272.447923497268 0.9814893864721178
7282.45947176685 0.9697310722185573
7292.47102003643 0.924482905817067
7302.482568306012 0.9606503938841243
7312.494116575592 0.9368621211533238
7322.505664845174 0.9567309557996042
7332.517213114754 0.9159455159299935
7342.528761384336 0.9244440994993985
7352.540309653917 0.9070782723427374
7362.551857923498 0.9135007179168769
7372.563406193079 0.9660056657223797
7382.57495446266 0.9331367146571462
7392.586502732241 0.9519965850440453
7402.598051001822 0.9343397105048703
7412.609599271403 0.9194768908378285
7422.621147540984 0.9533159998447748
7432.632695810566 0.9455547363110715
7442.644244080146 0.9571578252939579
7452.655792349728 0.933796422057511
7462.667340619308 0.9541697388334822
7472.67888888889 0.9788117505529901
7482.69043715847 0.9147425200822694
7492.701985428052 0.9350964336994063
7502.713533697633 0.9530831619387636
7512.725081967214 0.9566921494819357
7522.736630236795 1.714385501959719
7532.748178506376 0.9677519500174628
7542.759726775957 0.8722884085529126
7552.771275045538 0.8892079630563857
7562.782823315119 0.8827661143234119
7572.7943715847 0.8934766579999225
7582.805919854281 0.8825720827350693
7592.8174681238615 0.7512126974271413
7602.829016393443 0.780589079902208
7612.8405646630235 0.8999573130505647
7622.8521129326045 0.8878497419379875
7632.863661202186 0.7787263766541194
7642.875209471767 0.8812914742520083
7652.886757741348 0.8501688074818582
7662.898306010929 0.934921805269898
7672.90985428051 0.8619659280530871
7682.921402550091 0.8565718498971633
7692.932950819672 0.8567658814855059
7702.944499089253 0.9238231984167024
7712.956047358834 0.9098141177383678
7722.967595628415 0.8936318832705965
7732.979143897996 0.927936668089565
7742.990692167577 0.9055066164771626
7753.002240437158 0.8712794442935311
7763.013788706739 0.8456672746323103
7773.02533697632 0.8584733594629206
7783.036885245902 0.8505180643408748
7793.048433515483 0.8694555473631108
7803.059981785064 0.8009623966781793
7813.071530054645 0.8105475571423029
7823.083078324226 0.7455469750475378
7833.094626593807 0.7520276300981801
7843.106174863388 0.7065466257906788
7853.117723132969 0.6626178741899181
7863.12927140255 0.6413908184252396
7873.140819672131 0.6641701268966588
7883.152367941712 0.6541580969381815
7893.163916211293 0.5767006868718227
7903.175464480874 0.6402848383716868
7913.187012750455 0.5212076526058442
7923.198561020036 0.5836858240521557
7933.210109289618 0.5847335946292057
7943.221657559199 0.6725134851953898
7953.23320582878 0.6170204509294114
7963.244754098361 0.6510923978423687
7973.256302367942 0.5823276029337576
7983.267850637523 0.6035158523807677
7993.279398907104 0.6279638325119329
8003.290947176685 0.6252085839574684
8013.302495446266 0.5928829213395942
8023.314043715847 0.6527222631844465
8033.325591985428 0.5656408863362956
8043.337140255009 0.6075323062594591
8053.34868852459 0.6360743529046529
8063.360236794171 0.5692498738794677
8073.371785063752 0.5507392603515853
8083.383333333334 0.5941635298226552
8093.394881602915 0.637354961387714
8103.406429872496 0.6553222864682371
8113.417978142077 0.6530715200434631
8123.429526411658 0.6942838294074275
8133.441074681239 0.7171795568318523
8143.45262295082 0.6730567736427492
8153.464171220401 0.7122123481702822
8163.475719489982 0.8329776087547053
8173.487267759563 0.7416081338041834
8183.498816029144 0.8002250766424774
8193.510364298725 0.7525321122278708
8203.521912568307 0.7584694788311538
8213.533460837887 0.8249058946796539
8223.545009107467 0.8157087973922155
8233.55655737705 0.8390702006286624
8243.568105646631 0.8214133260894875
8253.579653916211 0.7953742869339129
8263.591202185793 0.7680934456129458
8273.602750455375 0.7680546392952774
8283.614298724955 0.7893593076952928
8293.625846994535 0.7946369668982111
8303.637395264117 0.8727152780472662
8313.648943533699 0.7508828437269588
8323.660491803279 0.8360821141681867
8333.672040072859 0.8175326943226358
8343.683588342441 0.8126042919787343
8353.695136612023 0.7751950017462843
8363.706684881603 0.844153828243238
8373.718233151183 0.8489270053164656
8383.729781420765 0.7971205712289962
8393.741329690347 0.8660793977259499
8403.752877959927 0.8011952345841904
8413.764426229509 0.8489270053164656
8423.77597449909 0.8885870619736893
8433.78752276867 0.7769024797236991
8443.799071038251 0.8419030618184641
8453.810619307833 0.9213395940859173
8463.822167577415 0.8530016686716598
8473.833715846995 0.8719779580115643
8483.845264116575 0.9038379448174163
8493.856812386157 0.872637665411929
8503.868360655739 0.8435717334782102
8513.879908925319 0.8970856455430946
8523.891457194899 0.9278202491365595
8533.90300546448 0.8430672513485197
8543.914553734063 0.9300710155613334
8553.926102003643 0.8778765182971788
8563.937650273225 0.9708952617486126
8573.949198542807 0.894873685435989
8583.960746812387 0.9185261360549498
8593.972295081967 0.8950677170243316
8603.983843351549 0.8677868757033645
8613.99539162113 0.9031782374170516
8624.00693989071 0.8321238697659981
8634.01848816029 0.8599479995343242
8644.030036429873 0.8963095191897242
8654.041584699455 0.8703868989871552
8664.053132969035 0.8750436571073771
8674.064681238615 0.904187201676433
8684.076229508197 0.8719003453762273
8694.087777777779 0.8212581008188133
8704.099326047359 0.7861771896464745
8714.11087431694 0.8927005316465522
8724.122422586523 0.9346501610462185
8734.133970856103 0.9215336256742598
8744.145519125683 0.878186968838527
8754.157067395265 0.8929721758702317
8764.168615664847 0.8221894524428578
8774.180163934427 0.8448135356436028
8784.191712204007 0.8857153944662193
8794.203260473589 0.9232799099693432
8804.21480874317 0.933796422057511
8814.22635701275 0.8659629787729444
8824.23790528233 0.7429469517637471
8834.249453551913 0.8403120027940549
8844.261001821495 0.8916139547518336
8854.272550091075 0.8530792813069968
8864.284098360655 0.8539718266133727
8874.295646630238 0.8752764950133882
8884.307194899819 0.8929721758702317
8894.318743169399 0.86398385657185
8904.33029143898 0.8217237766308356
8914.341839708562 0.8046101905390198
8924.353387978143 0.8715898948348793
8934.364936247723 0.8614226396057278
8944.376484517305 0.8231596103845706
8954.388032786886 0.8466762388916916
8964.399581056467 0.7769800923590361
8974.411129326047 0.7732546858628585
8984.422677595629 0.7892040824246188
8994.43422586521 0.7540455586169429
