3507.3267941712206 0.5464608599779492
3517.340382513661 -2.701742006615215
3527.353970856102 -1.6584785005512679
3537.367559198543 -0.9881367144432193
3547.381147540984 1.6451157662624034
3557.394735883425 2.4853362734288864
3567.4083242258653 1.4412348401323043
3577.421912568306 0.12159206174200661
3587.435500910747 -1.4095700110253582
3597.4490892531876 2.351003307607497
3607.4626775956285 -0.575303197353914
3617.4762659380694 -0.7019184123484014
3627.4898542805104 0.7244101433296581
3637.5034426229513 -1.4495700110253582
3647.5170309653918 0.7024586549062845
3657.5306193078327 0.2418478500551268
3667.544207650273 0.010635942668136713
3677.557795992714 -1.1002866593164278
3687.571384335155 0.8092613009922823
3697.584972677596 0.10544211686879823
3707.598561020037 -0.21491510474090406
3717.6121493624773 0.3497905181918412
3727.6257377049183 -0.8100551267916206
3737.6393260473587 0.329393605292172
3747.6529143897997 -0.33031091510474087
3757.6665027322406 -0.0452348401323043
3767.6800910746815 1.1719955898566703
3777.6936794171224 0.5173098125689085
3787.7072677595634 -0.04043660418963616
3797.720856102004 0.5904299889746416
3807.7344444444448 0.42474972436604186
3817.7480327868852 0.8285777287761852
3827.761621129326 -0.20175964718853365
3837.775209471767 0.445380374862183
3847.788797814208 0.701212789415656
3857.802386156649 -0.14735170893054025
3867.8159744990894 0.6113340683572216
3877.8295628415303 0.6943770672546857
3887.843151183971 0.43173980154355013
3897.8567395264117 0.15737596471885335
3907.8703278688527 -0.13627342888643879
3917.8839162112936 0.10798676957001102
3927.8975045537345 -0.054901874310915096
3937.911092896175 0.4235964718853362
3947.924681238616 0.6323704520396913
3957.938269581057 0.11388313120176406
3967.9518579234973 0.5264829106945976
3977.965446265938 0.5291730981256891
3987.979034608379 0.7963395810363836
3997.99262295082 0.295986769570011
4008.006211293261 0.7780815876515986
4018.0197996357015 0.14131422271223815
4028.0333879781424 0.5810363836824697
4038.046976320583 0.41137375964718853
4048.060564663024 0.851289966923925
4058.0741530054647 0.5661742006615215
4068.0877413479056 0.41345093715545755
4078.1013296903466 0.23119294377067254
4088.114918032787 0.759029768467475
4098.1285063752275 0.3099845644983462
4108.142094717668 0.6533186328555678
4118.155683060109 1.053186328555678
4128.16927140255 0.5904740904079382
4138.182859744991 0.5999558985667034
4148.196448087432 0.6052921719955898
4158.210036429873 0.7713781697905181
4168.223624772314 0.40529658213891945
4178.237213114755 1.1937816979051818
4188.250801457195 1.0683572216097024
4198.264389799636 0.9424035281146637
4208.277978142077 0.37673208379272327
4218.291566484518 0.9729658213891952
4228.305154826959 0.8971113561190738
4238.318743169399 0.6122160970231533
4248.33233151184 0.8646527012127895
4258.3459198542805 0.7478280044101433
4268.359508196721 0.5604410143329658
4278.373096539162 0.8908489525909592
4288.386684881603 0.9338037486218301
4298.400273224044 1.0162734288864388
4308.413861566485 0.7352149944873207
4318.427449908926 0.9222932745314223
4328.441038251367 0.7781697905181918
4338.454626593807 0.8865270121278941
4348.468214936248 0.9745975744211687
4358.481803278689 0.8530981256890849
4368.49539162113 0.967805953693495
4378.508979963571 1.1010363836824697
4388.522568306011 1.019757442116869
4398.536156648452 0.7720396912899669
4408.549744990893 1.0551708930540242
4418.5633333333335 0.9598676957001102
4428.576921675774 1.1466813671444323
4438.590510018215 0.9235281146637265
4448.604098360656 0.8227122381477399
4458.617686703097 0.8171995589856671
4468.631275045538 0.764851157662624
4478.644863387978 0.5262183020948181
4488.658451730419 0.6410143329658213
4498.67204007286 1.090672546857773
4508.685628415301 0.6530540242557883
4518.699216757742 0.8563175303197355
4528.712805100182 0.8143329658213891
4538.726393442623 0.9270121278941565
4548.739981785064 0.7963836824696803
4558.753570127505 0.48635060639470784
4568.767158469946 0.6562293274531422
4578.7807468123865 0.7543991179713341
4588.794335154827 0.6951267916207277
4598.807923497268 1.0244321940463064
4608.821511839709 0.9346416758544653
4618.83510018215 0.6217420066152151
4628.848688524591 0.8601102535832414
4638.862276867031 0.5469018743109151
4648.875865209472 0.6466152149944874
4658.889453551913 1.1179492833517088
4668.903041894354 0.8134068357221609
4678.916630236794 1.0382359426681367
4688.930218579235 0.9816538037486218
4698.943806921676 0.9811245865490628
4708.957395264117 1.0293274531422272
4718.970983606558 0.9254685777287761
4728.984571948999 0.8861742006615215
4738.9981602914395 1.0555678059536935
4749.01174863388 1.1028004410143328
4759.025336976321 1.044851157662624
4769.038925318762 0.9719514884233738
4779.052513661203 1.19819184123484
4789.066102003643 1.115986769570011
4799.079690346084 1.0570231532524808
4809.093278688525 1.1197353914002206
4819.106867030966 1.069768467475193
4829.120455373406 1.1701874310915104
4839.134043715847 0.9709812568908489
4849.147632058288 1.0676074972436602
4859.161220400729 1.1252921719955897
4869.17480874317 1.1323042998897463
4879.188397085611 1.0613009922822492
4889.201985428052 1.0070562293274532
4899.2155737704925 0.9103417861080485
4909.229162112933 1.0874531422271223
4919.242750455374 1.013318632855568
4929.256338797814 1.1198676957001104
4939.269927140255 1.1188974641675853
4949.283515482696 1.0251819184123485
4959.297103825137 0.8474531422271224
4969.310692167578 1.064476295479603
4979.324280510018 0.8945975744211687
4989.337868852459 1.1315104740904078
4999.3514571949 0.9979713340683573
5009.365045537341 1.0780154355016538
5019.378633879782 0.9865490628445425
5029.392222222223 0.920837927232635
5039.405810564664 0.9759647188533627
5049.419398907105 0.5969570011025358
5059.4329872495455 1.0278280044101433
5069.446575591986 1.1675854465270121
5079.460163934426 0.9916207276736493
5089.473752276867 1.2184785005512677
5099.487340619308 1.184476295479603
5109.500928961749 1.0201984564498345
5119.51451730419 0.993340683572216
5129.52810564663 1.0198456449834619
5139.541693989071 0.9676736493936052
5149.555282331512 0.6931422271223815
5159.568870673953 0.7857111356119073
5169.582459016394 0.9247188533627343
5179.596047358835 0.9035060639470782
5189.609635701276 1.07470782800441
5199.623224043717 0.9899007717750827
5209.6368123861575 0.8077177508269019
5219.6504007285985 0.9024917309812568
5229.6639890710385 0.9696141124586549
5239.677577413479 1.0435281146637265
5249.69116575592 0.9752590959206174
5259.704754098361 1.062888643880926
5269.718342440802 0.9060639470782801
5279.731930783242 0.7672326350606394
5289.745519125683 0.9524145534729879
5299.759107468124 0.9255126791620728
5309.772695810565 0.963792723263506
5319.786284153006 0.902271223814774
5329.799872495447 0.8635060639470782
5339.813460837888 0.8341345093715546
5349.827049180329 0.8694597574421168
5359.84063752277 1.000220507166483
5369.8542258652105 0.9771554575523704
5379.867814207651 1.0743109151047407
5389.8814025500915 1.0662403528114663
5399.894990892532 0.960529217199559
5409.908579234973 0.7672326350606394
5419.922167577413 1.1000220507166483
5429.935755919854 1.1220286659316427
5439.949344262295 1.0991400220507166
5449.962932604736 0.9996912899669239
5459.976520947177 0.9709371554575522
5469.990109289618 1.0258875413450936
5480.003697632059 0.7147960308710032
5490.0172859745 0.8874531422271223
5500.030874316941 1.0201102535832414
5510.044462659382 0.9630871003307607
5520.058051001823 1.0098787210584343
5530.071639344263 1.0721058434399118
5540.085227686704 1.0592723263506063
5550.0988160291445 1.0368246968026462
5560.1124043715845 0.9947519294377067
5570.125992714025 0.9803307607497243
5580.139581056466 0.9990738699007717
5590.153169398907 0.9947078280044102
5600.166757741348 1.0773980154355016
5610.180346083789 1.0911135611907385
5620.19393442623 1.1539140022050716
5630.207522768671 1.075457552370452
5640.221111111112 0.8867916207276736
5650.234699453553 1.0482469680264608
5660.248287795994 1.101212789415656
5670.261876138435 1.1581256890848952
5680.275464480876 1.2356780595369348
5690.289052823316 1.156824696802646
5700.3026411657565 1.1008599779492834
5710.316229508197 1.1315104740904078
5720.3298178506375 1.188489525909592
5730.343406193078 1.0787651598676955
5740.356994535519 1.05561190738699
5750.37058287796 1.0420727673649395
5760.384171220401 0.9526791620727674
5770.397759562842 0.980154355016538
5780.411347905283 0.8527453142227122
5790.424936247724 0.9735832414553472
5800.438524590165 1.0034399117971333
5810.452112932606 1.1267034178610804
5820.465701275047 0.9966041896361632
5830.479289617487 0.9988974641675854
5840.492877959928 1.1336273428886439
5850.506466302369 1.0521719955898567
5860.520054644809 1.0911576626240354
5870.53364298725 1.1340683572216097
5880.5472313296905 1.177199558985667
5890.560819672131 1.0881587651598676
5900.574408014572 1.027960308710033
5910.587996357013 1.168114663726571
5920.601584699454 1.05742006615215
5930.615173041895 0.9946637265711135
5940.628761384336 1.2231532524807056
5950.642349726777 1.1849614112458655
5960.655938069218 1.069393605292172
5970.669526411659 1.1840793825799338
5980.683114754099 1.2541565600882028
5990.69670309654 1.108577728776185
6000.710291438981 1.112723263506064
6010.723879781421 1.1575303197353914
6020.737468123862 1.134994487320838
6030.7510564663025 1.1651598676957002
6040.7646448087435 1.1712017640573318
6050.778233151184 1.0772216097023153
6060.791821493625 1.1286879823594267
6070.805409836066 1.0756780595369348
6080.818998178507 1.1202646085997796
6090.832586520948 1.0062624035281147
6100.846174863389 1.0318412348401322
6110.85976320583 1.0454685777287762
6120.873351548271 1.0813230429988974
6130.886939890711 0.9924586549062845
6140.900528233152 1.1919294377067255
6150.914116575593 1.12696802646086
6160.927704918033 1.1078721058434398
6170.941293260474 1.2040573318632855
6180.954881602915 1.1996030871003307
6190.9684699453555 1.2109371554575523
6200.9820582877965 1.065534729878721
6210.995646630237 1.067122381477398
6221.009234972678 1.1582800441014331
6231.022823315119 1.1205292171995591
6241.03641165756 0.9338919514884233
6251.050000000001 1.015457552370452
6261.063588342442 1.0552590959206174
6271.077176684883 1.0097905181918412
6281.090765027323 1.0799117971334067
6291.104353369764 1.1974421168687983
6301.117941712205 1.207276736493936
6311.131530054645 1.0111576626240353
6321.145118397086 1.168114663726571
6331.158706739527 1.1255567805953692
6341.172295081968 0.990915104740904
6351.1858834244085 1.0981697905181917
6361.1994717668495 0.9308489525909591
6371.21306010929 1.0863947078280043
6381.226648451731 1.0699889746416757
6391.240236794172 1.0848070562293273
6401.253825136613 1.051819184123484
6411.267413479054 1.0908930540242558
6421.281001821495 1.0533186328555677
6431.294590163935 1.0
6441.308178506376 0.9938257993384785
6451.321766848816 0.9932524807056229
6461.335355191257 0.9676736493936052
6471.348943533698 1.0187872105843438
6481.362531876139 1.0101874310915104
6491.37612021858 0.9929437706725468
6501.389708561021 0.8903197353914002
6511.4032969034615 0.9775964718853363
6521.416885245902 1.0889084895259096
6531.430473588343 0.9414773980154354
6541.444061930784 0.9545755237045204
6551.457650273225 0.8828224917309813
6561.471238615666 1.0581256890848951
6571.484826958107 1.0515545755237046
6581.498415300547 0.8973318632855568
6591.512003642988 0.9548842337375965
6601.525591985428 1.0224476295479603
6611.539180327869 0.985534729878721
6621.55276867031 1.1024917309812567
6631.566357012751 1.0336934950385888
6641.579945355192 1.0298566703417862
6651.593533697633 1.1213230429988974
6661.607122040074 1.06257993384785
6671.6207103825145 0.959470782800441
6681.634298724955 1.0983682469680265
6691.647887067396 1.1121499448732084
6701.661475409837 1.0304299889746416
6711.675063752278 1.0959647188533626
6721.688652094718 1.0930099228224917
6731.702240437159 1.1220727673649393
6741.7158287796 0.9588533627342889
6751.72941712204 1.2821168687982358
6761.743005464481 0.9931201764057331
6771.756593806922 1.1292171995589857
6781.770182149363 1.0424696802646087
6791.783770491804 1.1258654906284453
6801.797358834245 1.1338478500551268
6811.810947176686 1.0390297684674752
6821.824535519127 1.1035942668136713
6831.8381238615675 0.9576846747519293
6841.851712204008 1.1089746416758544
6851.865300546449 1.1046085997794928
6861.87888888889 1.031047409040794
6871.89247723133 1.1958544652701213
6881.906065573771 1.034619625137817
6891.919653916212 1.1664829106945975
6901.933242258652 1.1916207276736492
6911.946830601093 1.1187651598676955
6921.960418943534 0.9562072767364939
6931.974007285975 1.0855567805953692
6941.987595628416 1.0494377067254685
6952.001183970857 0.9472105843439912
6962.014772313298 0.9689966923925027
6972.028360655739 1.0951047409040793
6982.04194899818 1.0554355016538037
6992.0555373406205 1.0242998897464166
7002.069125683061 1.064167585446527
7012.082714025502 1.0786769570011026
7022.096302367942 0.9419625137816979
7032.109890710383 1.013318632855568
7042.123479052824 1.0977728776185225
7052.137067395264 0.9150165380374863
7062.150655737705 1.0015435501653804
7072.164244080146 0.9901653803748622
7082.177832422587 1.0067034178610805
7092.191420765028 1.0236383682469679
7102.205009107469 0.9983682469680265
7112.21859744991 1.120617420066152
7122.232185792351 1.1035060639470782
7132.245774134792 1.149856670341786
7142.259362477233 1.115766262403528
7152.2729508196735 0.9248952590959206
7162.286539162114 0.985005512679162
7172.300127504554 1.002734288864388
7182.313715846995 1.0052921719955898
7192.327304189436 1.0129658213891952
7202.340892531876 0.9436824696802646
7212.354480874317 0.9948401323042998
7222.368069216758 1.069018743109151
7232.381657559199 1.0488202866593164
7242.39524590164 1.0818081587651598
7252.408834244081 1.0289746416758545
7262.422422586522 0.9767585446527012
7272.436010928963 0.9993384785005512
7282.449599271404 1.0169790518191841
7292.463187613845 0.9678500551267917
7302.476775956286 1.0785446527012128
7312.4903642987265 1.01922822491731
7322.5039526411665 1.0910253583241456
7332.517540983607 1.0689746416758545
7342.531129326047 1.083175303197354
7352.544717668488 1.0453362734288865
7362.558306010929 1.002337375964719
7372.57189435337 1.0175964718853363
7382.585482695811 1.081058434399118
7392.599071038252 1.0949503858875413
7402.612659380693 1.037045203969129
7412.626247723134 0.9640573318632855
7422.639836065575 0.9761852260198457
7432.653424408016 1.0640352811466371
7442.667012750457 0.981521499448732
7452.680601092898 1.1191179713340684
7462.694189435339 1.00683572216097
7472.707777777779 0.9905181918412348
7482.7213661202195 1.0243439911797134
7492.7349544626595 0.9651598676957002
7502.7485428051 0.8797353914002205
7512.762131147541 0.8062624035281146
7522.775719489982 0.6803528114663726
7532.789307832423 0.8220507166482911
7542.802896174864 1.0444983461962514
7552.816484517305 0.798941565600882
7562.830072859746 0.8550385887541345
7572.843661202187 0.8685777287761852
7582.857249544628 0.8873649393605292
7592.870837887069 0.8317530319735391
7602.88442622951 1.5190297684674752
7612.898014571951 1.276427783902977
7622.911602914391 1.0545093715545755
7632.925191256831 1.114178610804851
7642.938779599272 1.140551267916207
7652.9523679417125 1.0831312017640573
7662.965956284153 0.9919294377067255
7672.979544626594 1.0320176405733186
7682.993132969035 0.8896582138919514
7693.006721311476 1.0639911797133406
7703.020309653917 0.9443880926130099
7713.033897996358 0.862888643880926
7723.047486338799 0.9992061742006615
7733.06107468124 0.9929878721058434
7743.074663023681 0.9973098125689085
7753.088251366122 1.0031312017640572
7763.101839708563 1.0033958103638367
7773.115428051003 1.0110253583241455
7783.129016393443 1.024079382579934
7793.142604735884 1.0245644983461961
7803.156193078325 0.962425578831312
7813.1697814207655 1.086218302094818
7823.183369763206 1.0654024255788312
7833.196958105647 1.0835722160970231
7843.210546448088 0.9732083792723263
7853.224134790529 0.9286879823594266
7863.23772313297 0.9211907386990078
7873.251311475411 1.0470562293274532
7883.264899817852 0.981433296582139
7893.278488160293 1.1123263506063947
7903.292076502734 1.0222271223814774
7913.305664845175 0.9553252480705622
7923.319253187615 1.0598897464167585
7933.332841530055 0.9661300992282249
7943.346429872496 1.003792723263506
7953.360018214937 0.971289966923925
7963.373606557378 1.0665049614112458
7973.3871948998185 1.0210804851157662
7983.400783242259 1.168269018743109
7993.4143715847 0.9915766262403528
8003.427959927141 1.0272546857772877
8013.441548269582 1.0586549062844541
8023.455136612023 1.0736052921719956
8033.468724954464 1.0877177508269018
8043.482313296905 1.0784564498346196
8053.495901639346 1.0666372657111356
8063.509489981787 1.017728776185226
8073.523078324227 1.0571113561190737
8083.536666666667 1.1155016538037485
8093.550255009108 1.0772216097023153
8103.563843351549 1.0189195148842336
8113.57743169399 0.8812789415656008
8123.591020036431 0.8793825799338478
8133.6046083788715 0.9760970231532525
8143.618196721312 0.9933847850055126
8153.631785063753 1.0302976846747518
8163.645373406194 0.920529217199559
8173.658961748635 1.0123042998897465
8183.672550091076 1.0706504961411245
8193.686138433517 0.9758324145534729
8203.699726775958 0.9859757442116868
8213.713315118399 0.8964939360529217
8223.72690346084 1.062050716648291
8233.740491803279 0.9940463065049614
8243.75408014572 0.9643660418963617
8253.76766848816 0.9524586549062845
8263.781256830602 1.0099669239250275
8273.794845173043 0.9793825799338479
8283.808433515484 1.0008820286659317
8293.822021857924 0.9674972436604189
8303.835610200365 0.9807717750826902
8313.849198542806 1.0249173098125688
8323.862786885247 1.0648291069459757
8333.876375227688 0.9759647188533627
8343.88996357013 0.9557221609702314
8353.90355191257 0.9746416758544653
8363.917140255011 0.9427563395810363
8373.93072859745 0.9098566703417861
8383.944316939891 1.0987431091510473
8393.957905282332 0.9958985667034178
8403.971493624773 0.9746857772877617
8413.985081967214 1.006438809261301
8423.998670309655 1.045534729878721
8434.012258652096 1.0499669239250276
8444.025846994537 0.9836383682469679
8454.039435336977 0.9802866593164278
8464.053023679418 0.9590738699007717
8474.06661202186 1.0720176405733186
8484.0802003643 0.98606394707828
8494.093788706741 0.9363616317530319
8504.107377049182 1.057199558985667
8514.120965391623 1.0241675854465269
8524.134553734062 1.0290628445424477
8534.148142076503 1.0345314222712236
8544.161730418944 0.9670121278941565
8554.175318761385 1.0791179713340684
8564.188907103826 1.0383241455347296
8574.202495446267 0.9756560088202867
8584.216083788708 0.9446527012127894
8594.229672131149 1.078941565600882
8604.24326047359 1.1013009922822492
8614.25684881603 1.1033737596471884
8624.270437158471 0.9779933847850054
8634.284025500912 1.0764277839029768
8644.297613843353 1.128335170893054
8654.311202185794 0.985226019845645
8664.324790528233 1.1569128996692393
8674.338378870674 0.998412348401323
8684.351967213115 0.9491510474090407
8694.365555555556 0.8902756339581036
8704.379143897997 0.968335170893054
8714.392732240438 0.9953252480705622
8724.406320582879 0.8510253583241455
8734.41990892532 1.0355457552370453
8744.43349726776 0.997574421168688
8754.447085610202 1.0538478500551267
8764.460673952643 0.9863285556780594
8774.474262295083 1.0587872105843439
8784.487850637524 1.0336052921719956
8794.501438979965 1.0194928335170894
8804.515027322406 0.884851157662624
8814.528615664847 0.9712017640573317
8824.542204007286 0.8986108048511577
8834.555792349727 0.9743770672546858
8844.569380692168 1.0411907386990078
8854.582969034609 1.0561852260198454
8864.59655737705 0.9624696802646087
8874.61014571949 1.0685336273428885
8884.623734061932 0.7350385887541345
8894.637322404373 1.015832414553473
8904.650910746814 0.9571775082690187
8914.664499089255 1.0662403528114663
8924.678087431696 0.9738478500551268
8934.691675774136 0.9516207276736494
8944.705264116577 0.9136934950385888
8954.718852459018 0.9842116868798235
8964.732440801457 0.8374421168687982
8974.746029143898 0.9269239250275634
8984.75961748634 0.9964718853362734
8994.77320582878 0.9555016538037486
