3508.10606557377 9.92229097711901
3518.1181967213115 0.7792775938984027
3528.130327868852 0.0508994099870485
3538.1424590163933 -10.290689307814075
3548.1545901639347 -9.20880702259318
3558.166721311475 2.9897827025471293
3568.1788524590165 -4.567563678227083
3578.190983606557 2.942006044035113
3588.2031147540984 -12.620233127068644
3598.2152459016393 3.2278025615196433
3608.22737704918 -2.3284213555907325
3618.2395081967215 -3.4531587278745146
3628.251639344262 -5.9601381493740115
3638.2637704918034 -1.3211109512160024
3648.275901639344 1.1669304935962008
3658.288032786885 5.756511728306232
3668.3001639344266 -2.8706864297021153
3678.312295081967 3.3976111670743996
3688.3244262295084 2.9624406389408553
3698.336557377049 2.23519930925313
3708.34868852459 -1.6460785724564688
3718.3608196721307 -0.6458771046193698
3728.372950819672 3.7334868326377895
3738.3850819672134 5.438192545690027
3748.397213114754 0.12471146927615485
3758.4093442622952 -0.159191250539646
3768.4214754098357 4.579939559648871
3778.433606557377 -0.6511440495035257
3788.4457377049175 1.5370269103468124
3798.457868852459 5.203338609871924
3808.4700000000003 0.6299899266081451
3818.4821311475407 2.6164340192833504
3828.494262295082 4.143617786731904
3838.5063934426225 -0.6054684127212548
3848.518524590164 6.417614045186358
3858.5306557377053 1.009958267376601
3868.5427868852457 2.262224780543963
3878.554918032787 0.8500791480788603
3888.5670491803276 -1.2329112102460784
3898.579180327869 -0.2571477910490718
3908.5913114754094 0.4562383076701684
3918.6034426229508 0.5253129946754929
3928.615573770492 1.5948481795941862
3938.6277049180326 2.1830191394445246
3948.639836065574 1.6190818822852209
3958.6519672131144 2.2897683119873364
3968.6640983606558 1.157547848611311
3978.6762295081962 -0.32289538063030654
3988.6883606557376 1.628205497193841
3998.700491803279 -0.7508130666282918
4008.7126229508194 1.693711325370557
4018.724754098361 2.939991365664125
4028.7368852459012 3.2813354439487696
4038.7490163934426 2.0311123902719816
4048.7611475409835 2.28890487839977
4058.7732786885244 -0.2331846308821413
4068.785409836066 0.91368542236293
4078.7975409836063 3.2113973233558784
4088.8096721311476 4.631457763707008
4098.821803278688 0.6266513167362211
4108.8339344262295 0.9589293423514175
4118.846065573771 3.9297740682112536
4128.858196721311 2.292243488271694
4138.870327868852 -0.03095553317024033
4148.882459016393 1.8591164196287238
4158.8945901639345 1.9539502086631169
4168.906721311476 1.9598215570585698
4178.918852459016 -0.10315441070657648
4188.930983606557 0.11920564109943878
4198.943114754098 0.6058137861562816
4208.9552459016395 3.6862857965174847
4218.967377049181 1.6019283350122322
4228.979508196721 1.4906605266944886
4238.991639344262 0.1162814793495467
4249.003770491803 0.9955677075838251
4259.0159016393445 2.0649014246654196
4269.028032786886 1.849388401208807
4279.040163934426 1.0702547129083322
4289.052295081967 -0.09106346236868615
4299.064426229508 0.4457044179018564
4309.0765573770495 1.3508994099870486
4319.08868852459 2.3000431716793783
4329.1008196721305 3.8935098575334584
4339.112950819672 1.4080587134839546
4349.125081967213 1.7649158152252122
4359.137213114755 3.0859116419628725
4369.149344262295 2.6429414304216436
4379.1614754098355 1.3282198877536338
4389.173606557377 -0.990818822852209
4399.185737704918 2.925010792919845
4409.19786885246 1.6955245359044469
4419.21 2.4314002014678375
4429.2221311475405 1.6185926032522666
4439.234262295082 1.8752050654770471
4449.246393442623 1.581062023312707
4459.258524590164 0.48268815656929054
4469.270655737705 0.8911498057274428
4479.2827868852455 1.092358612750036
4489.294918032787 0.7095121600230249
4499.307049180328 2.562699669017125
4509.319180327869 2.0609871924017846
4519.331311475409 2.8430277737804
4529.3434426229505 2.497582385954814
4539.355573770492 2.218707727730609
4549.367704918033 1.173550151100878
4559.379836065574 3.5121600230248955
4569.391967213114 2.7915959130810193
4579.404098360656 1.5164196287235574
4589.416229508197 1.2813930061879408
4599.428360655738 0.1900849043027774
4609.440491803279 1.4627716218160889
4619.452622950819 1.7809756799539505
4629.464754098361 1.7589005612318318
4639.476885245902 1.1473881133976114
4649.489016393443 0.4390415887178011
4659.501147540983 1.209325082745719
4669.513278688524 2.0510001439055983
4679.525409836066 2.0131241905310118
4689.537540983607 1.815800834652468
4699.549672131147 2.7626421067779536
4709.561803278688 1.4442077996834077
4719.573934426229 1.966815369117859
4729.586065573771 2.1298316304504246
4739.598196721312 2.207396747733487
4749.610327868852 1.772398906317456
4759.622459016393 1.2110519499208519
4769.634590163934 1.7591020290689308
4779.646721311476 2.2995970643258024
4789.658852459017 1.1996834076845588
4799.6709836065575 1.0670024463951648
4809.683114754098 0.8954381925456901
4819.695245901639 2.0658799827313286
4829.707377049181 2.1225212260756945
4839.719508196722 2.1620089221470717
4849.731639344262 2.5675924593466686
4859.743770491803 -0.09273564541660671
4869.755901639344 0.7041300906605268
4879.768032786886 0.6661965750467694
4889.780163934426 1.4999856094402073
4899.792295081967 1.5265505828176715
4909.804426229508 1.0136998129227228
4919.816557377049 0.9087350697942151
4929.828688524591 0.8498776802417615
4939.840819672131 3.3409123614908625
4949.852950819672 1.91575766297309
4959.865081967213 1.0353144337314721
4969.877213114754 0.5546985177723414
4979.889344262296 1.0446107353576055
4989.901475409836 1.9697222621959996
4999.913606557377 0.943358756655634
5009.925737704918 1.5224348827169378
5019.937868852459 1.7986760684990648
5029.950000000001 1.1370844725859837
5039.96213114754 0.8587710461936969
5049.974262295082 1.26049791336883
5059.986393442623 1.3809756799539503
5069.998524590164 1.2924161749892071
5080.010655737705 1.988717801122464
5090.022786885245 1.45972082314002
5100.034918032787 0.9961145488559506
5110.047049180328 0.8210677795366239
5120.059180327869 1.0501367103180315
5130.07131147541 1.2464239458914952
5140.08344262295 1.2837818391135416
5150.095573770492 1.706691610303641
5160.107704918033 1.9220031659231545
5170.119836065574 0.35210821700964173
5180.131967213114 1.386645560512304
5190.144098360655 1.46205209382645
5200.156229508197 1.6380774212116853
5210.168360655738 0.668211253417758
5220.1804918032785 1.3397611167074401
5230.192622950819 1.635890056123183
5240.20475409836 1.0383652324075408
5250.216885245902 1.6202043459490576
5260.229016393443 1.1636782270830337
5270.241147540984 1.6896244063894088
5280.253278688524 1.8270830335300046
5290.265409836065 1.4953086775075553
5300.277540983607 1.5567419772629156
5310.289672131148 0.7584112821988777
5320.301803278689 1.9826162037703268
5330.313934426229 1.1787019715066918
5340.32606557377 1.0436321772916968
5350.338196721312 1.30404374730177
5360.350327868853 1.7227226939127933
5370.362459016393 1.122233414879839
5380.374590163934 1.3931788746582243
5390.386721311475 1.3895812347100303
5400.398852459017 1.8911785868470283
5410.410983606557 1.0694056698805583
5420.423114754098 1.2933083896963593
5430.435245901639 1.4369837386674342
5440.44737704918 0.9226363505540367
5450.459508196722 1.663519930925313
5460.471639344262 1.7209958267376604
5470.483770491803 0.41243344366095847
5480.495901639344 0.783882573032091
5490.508032786885 1.4035112965894374
5500.520163934427 1.0887609728018421
5510.532295081967 1.2896819686285796
5520.544426229508 1.465189235861275
5530.556557377049 2.453561663548712
5540.5686885245905 1.558123471003022
5550.580819672132 1.626723269535185
5560.592950819671 0.9905885738955246
5570.605081967213 1.7681968628579654
5580.617213114754 0.35852640667721974
5590.6293442622955 1.142006044035113
5600.641475409837 0.7917685997985322
5610.653606557376 1.4811915383508418
5620.665737704918 1.0977694632321198
5630.677868852459 1.2868326377896102
5640.6900000000005 1.5604259605698663
5650.702131147541 1.6552885307238454
5660.714262295081 1.2449561087926322
5670.726393442623 1.3406245502950065
5680.738524590164 1.4429414304216435
5690.7506557377055 1.6488991221758529
5700.762786885245 1.7485393581810333
5710.774918032786 0.9150956972226221
5720.787049180328 0.7776370700820262
5730.799180327869 1.207914807886027
5740.811311475411 1.1934666858540797
5750.82344262295 1.325831054828033
5760.8355737704915 0.8448697654338754
5770.847704918033 0.9078428550870629
5780.859836065574 0.9053388976831199
5790.871967213116 0.8110807310404375
5800.884098360655 0.6623974672614765
5810.8962295081965 0.23317887465822423
5820.908360655738 0.8245790761260613
5830.920491803279 1.186069938120593
5840.93262295082 1.2655346092963016
5850.94475409836 0.6310548280328105
5860.9568852459015 0.692934235141747
5870.969016393443 1.248553748740826
5880.981147540984 1.3781551302345663
5890.993278688524 1.1647719096272846
5901.005409836065 1.1295150381349837
5911.0175409836065 1.3113829327960858
5921.029672131148 1.341372859404231
5931.041803278689 0.8321341200172686
5941.053934426229 1.3443373147215427
5951.06606557377 1.0737084472585985
5961.0781967213115 1.650942581666427
5971.090327868853 0.9297165059720823
5981.102459016394 1.3557922003165923
5991.114590163934 1.388890487839977
6001.126721311475 1.1541228953806304
6011.138852459017 1.242193121312419
6021.150983606558 0.9791624694200606
6031.163114754098 1.6667721974384804
6041.175245901639 1.6173262339905023
6051.18737704918 1.559850338178155
6061.199508196722 1.540926752050655
6071.211639344263 1.3509857533458052
6081.2237704918025 1.308994099870485
6091.235901639344 1.122492444956109
6101.248032786885 1.363534321485106
6111.260163934427 0.5342063606274284
6121.272295081968 1.6952367247085913
6131.2844262295075 1.2989207080155418
6141.296557377049 1.1251978701971508
6151.30868852459 1.0813354439487697
6161.320819672132 1.3946467117570873
6171.332950819673 1.3412865160454743
6181.3450819672125 0.5996546265649735
6191.357213114754 1.630838969635919
6201.369344262295 1.2696503093970355
6211.381475409837 1.3753633616347678
6221.393606557376 1.373607713340049
6231.405737704918 1.0713483954525833
6241.417868852459 0.9976399481939848
6251.43 1.348050079148079
6261.442131147542 0.9432148510577062
6271.454262295081 1.011167074399194
6281.466393442623 1.1201323931500935
6291.478524590164 1.2867462944308534
6301.490655737705 1.5482803281047635
6311.502786885247 1.4871780112246367
6321.514918032786 1.100388545114405
6331.527049180328 1.055950496474313
6341.539180327869 1.3773492588861707
6351.55131147541 1.2218160886458485
6361.563442622952 0.8549719384084041
6371.575573770491 0.8272557202475177
6381.587704918033 1.1995395020866313
6391.599836065574 0.6375305799395597
6401.611967213115 0.9992516908907757
6411.624098360655 0.9614620808749461
6421.636229508196 1.1617498920708016
6431.648360655738 1.2213843718520652
6441.660491803279 0.5754497049935243
6451.67262295082 0.9940423082457909
6461.68475409836 0.31918261620377036
6471.696885245901 0.8530436033961721
6481.709016393443 0.8139588429989927
6491.721147540984 0.6523528565261189
6501.733278688525 0.9398474600661967
6511.745409836065 0.7779536623974672
6521.757540983606 1.1053676788027056
6531.769672131148 1.0432004604979135
6541.781803278689 0.8366383652324076
6551.79393442623 0.9997121888041445
6561.80606557377 1.5243632177291697
6571.818196721311 0.6084328680385667
6581.830327868853 0.8881277881709599
6591.842459016394 1.0416462800402937
6601.854590163934 1.3133112678083179
6611.866721311475 1.2969348107641387
6621.878852459016 0.9783853791912507
6631.890983606558 0.8001726867175133
6641.903114754099 0.9396172111095121
6651.915245901639 1.0845301482227658
6661.92737704918 0.771938408404087
6671.939508196721 0.8349114980572745
6681.951639344263 0.8295869909339474
6691.963770491804 1.0496186501654916
6701.975901639344 1.027615484242337
6711.988032786885 1.044639516477191
6722.000163934426 1.2103036408116277
6732.012295081968 0.9438192545690027
6742.024426229508 0.4798676068499065
6752.036557377049 1.0781983019139445
6762.04868852459 0.8136134695639661
6772.060819672131 0.5576629730896532
6782.072950819673 1.1127356454166069
6792.085081967212 0.898719240178443
6802.097213114754 0.810792919844582
6812.109344262295 0.982472298172399
6822.121475409836 0.8538206936249821
6832.133606557378 0.5720247517628436
6842.145737704917 0.997755072672327
6852.157868852459 0.6641243344366097
6862.17 0.8320333860987194
6872.182131147541 0.9502374442365809
6882.194262295083 1.0297884587710462
6892.206393442622 1.3053676788027055
6902.218524590164 1.1007626996690172
6912.230655737705 0.7968052957260038
6922.2427868852465 1.1163332853648007
6932.254918032787 0.6050079148078861
6942.267049180327 0.6261044754640956
6952.279180327869 0.9209238739386963
6962.29131147541 1.1271837674485539
6972.3034426229515 0.9987336307382357
6982.315573770491 0.9455749028637215
6992.327704918032 0.7031227514750323
7002.339836065574 1.0245790761260614
7012.351967213115 0.4268815656929055
7022.3640983606565 0.9407396747733486
7032.376229508196 0.5483378903439344
7042.388360655737 0.8958411282198877
7052.400491803279 0.9145488559504965
7062.41262295082 0.6810764138724996
7072.4247540983615 1.0258454453878256
7082.436885245901 1.335443948769607
7092.449016393442 1.02478054396316
7102.461147540984 0.8160886458483236
7112.473278688525 0.8314289825874228
7122.485409836066 0.6070225931788746
7132.497540983606 0.9246798100446109
7142.509672131147 0.5675924593466686
7152.521803278689 0.8917254281191539
7162.53393442623 0.6223629299179738
7172.54606557377 0.5940710893653763
7182.558196721311 0.9939847460066197
7192.5703278688525 0.7686861418909195
7202.582459016394 0.5731184343070945
7212.594590163935 0.8253273852352857
7222.606721311475 0.8803281047632753
7232.618852459016 0.8880126636926177
7242.6309836065575 0.6318894805007915
7252.643114754099 0.7515038134983452
7262.65524590164 0.6320333860987193
7272.66737704918 1.1534321485105772
7282.679508196721 1.3005324507123328
7292.6916393442625 1.2846452727011082
7302.703770491804 1.1822420492157146
7312.715901639344 0.927615484242337
7322.728032786885 0.8446107353576054
7332.740163934426 1.010476327529141
7342.7522950819675 0.8675348971074975
7352.764426229509 0.8451000143905598
7362.776557377048 1.1661821844869766
7372.78868852459 0.9639660382788892
7382.800819672131 1.263778961001583
7392.812950819673 1.2600374154554614
7402.825081967214 1.0908332134120018
7412.8372131147535 2.6278889048783998
7422.849344262295 0.9171679378327817
7432.861475409836 1.681393006187941
7442.873606557378 0.9403079579795655
7452.885737704919 0.7748453014822277
7462.8978688524585 0.2372600374154555
7472.91 1.0823140020146784
7482.922131147541 0.9285652611886602
7492.934262295083 0.8207224061015974
7502.946393442622 0.9166210965606563
7512.9585245901635 1.1331990214419343
7522.970655737705 1.2208087494603541
7532.982786885246 1.1156425384947475
7542.994918032788 1.1753057993955967
7553.007049180327 0.6200316592315441
7563.0191803278685 1.1967765146064184
7573.03131147541 0.5003309828752338
7583.043442622951 0.8936249820118003
7593.055573770493 0.9561663548712044
7603.067704918032 2.330436033961721
7613.0798360655735 0.7912793207655778
7623.091967213115 0.7424953230680673
7633.104098360656 0.9586703122751475
7643.116229508197 1.238796949201324
7653.128360655737 0.783623542955821
7663.140491803279 0.6335875665563391
7673.15262295082 0.8311123902719817
7683.164754098361 1.0920420204345949
7693.176885245902 0.8599510720967046
7703.189016393442 0.9935530292128365
7713.201147540984 1.7799971218880415
7723.213278688525 1.0033673909915097
7733.225409836066 0.9491149805727443
7743.237540983607 1.1111814649589868
7753.249672131147 0.927557922003166
7763.261803278689 0.41709598503381784
7773.27393442623 0.9251978701971508
7783.28606557377 1.1416031083609153
7793.298196721311 0.554209238739387
7803.310327868852 0.7789322204633761
7813.322459016394 0.8225356166354871
7823.334590163935 0.9698086055547561
7833.346721311475 0.464037991077853
7843.358852459016 0.6541660670600087
7853.370983606557 0.9070225931788747
7863.383114754099 1.1056842711181465
7873.39524590164 1.4514606418189668
7883.4073770491805 0.8930781407396748
7893.419508196721 1.4090948337890346
7903.431639344262 1.3200460497913369
7913.443770491804 0.8596056986616779
7923.455901639345 1.0252122607569436
7933.4680327868855 0.7334292703986185
7943.480163934426 0.7449129371132537
7953.492295081967 1.0893653763131386
7963.504426229509 0.6013814937401065
7973.516557377049 0.9253993380342496
7983.52868852459 0.8814217873075264
7993.540819672131 1.0
8003.552950819672 1.007914807886027
8013.565081967214 0.827687437041301
8023.577213114754 0.6255288530723846
8033.589344262295 0.3038422794646712
8043.601475409836 0.9736940566988056
8053.613606557377 1.16583681105195
8063.625737704919 0.981062023312707
8073.637868852459 0.6304792056410995
8083.65 0.7906173550151101
8093.662131147541 0.7974384803568859
8103.674262295082 1.1127356454166069
8113.686393442624 0.8814505684271118
8123.698524590164 0.770844725859836
8133.710655737705 0.8828608432868039
8143.722786885246 0.6760109368254426
8153.734918032787 0.8138437185206505
8163.747049180328 0.980802993236437
8173.759180327868 0.9572600374154555
8183.77131147541 0.8240034537343504
8193.783442622951 0.8542236292991798
8203.795573770492 0.7930637501798821
8213.807704918032 0.785235285652612
8223.819836065573 1.3681105194992085
8233.831967213115 0.7879119297740682
8243.844098360656 0.920362642106778
8253.856229508197 0.5727730608720679
8263.868360655739 0.8178155130234567
8273.880491803278 0.6252986041157002
8283.89262295082 1.1633040725284214
8293.904754098361 0.71264930205785
8303.916885245902 1.0643833645128795
8313.929016393442 0.4923873938696216
8323.941147540983 0.8838106202331272
8333.953278688525 0.9798819974096993
8343.965409836066 0.4645560512303929
8353.977540983607 0.5128507698949489
8363.989672131147 0.3302057850050367
8374.001803278688 0.7139156713196143
8384.01393442623 1.0268815656929056
8394.026065573771 0.6188516333285364
8404.03819672131 0.8933659519355304
8414.050327868852 0.9054828032810477
8424.062459016393 0.6522089509281912
8434.074590163935 0.927759389840265
8444.086721311476 0.889538063030652
8454.098852459018 0.709828752338466
8464.110983606557 0.9350985753345806
8474.123114754098 0.8273996258454455
8484.13524590164 0.8872355734638078
8494.14737704918 0.7429558209814363
8504.15950819672 0.9784429414304217
8514.171639344262 0.5344366095841129
8524.183770491803 0.7109512160023025
8534.195901639345 0.6914376169232984
8544.208032786886 0.7285364800690748
8554.220163934426 0.6742265074111383
8564.232295081967 0.6258454453878256
8574.244426229508 0.7268671751331127
8584.25655737705 0.6813930061879407
8594.26868852459 0.6506259893509858
8604.28081967213 0.8137573751618938
8614.292950819672 0.8338178155130236
8624.305081967213 0.7576917542092387
8634.317213114755 1.4335012231975826
8644.329344262296 1.337516189379767
8654.341475409836 1.1043315584976257
8664.353606557377 1.1681393006187941
8674.365737704919 1.0802993236436897
8684.377868852458 0.38465966326090084
8694.39 0.5262627716218161
8704.40213114754 0.760368398330695
8714.414262295082 1.0328104763275292
8724.426393442624 0.7317599654626564
8734.438524590165 0.8982875233846597
8744.450655737704 0.5419340912361491
8754.462786885246 0.47468700532450714
8764.474918032787 1.3457188084616492
8774.487049180329 0.9119873363073824
8784.499180327868 0.8619945315872788
8794.51131147541 0.8106490142466543
8804.52344262295 0.6532162901136854
8814.535573770492 0.8420779968340769
8824.547704918034 0.3976111670743992
8834.559836065575 0.6396891639084761
8844.571967213114 0.758958123471003
8854.584098360656 0.5455173406245503
8864.596229508197 0.4463951647719096
8874.608360655737 0.7685278457331991
8884.620491803278 0.7372283781839114
8894.63262295082 0.5129658943732911
8904.64475409836 1.1120448985465534
8914.656885245902 0.4569578356598072
8924.669016393444 0.7873363073823573
8934.681147540983 0.4454453878255864
8944.693278688525 0.879061735501511
8954.705409836066 0.05948481795941862
8964.717540983607 0.3765146064181897
8974.729672131147 0.6866023888329256
8984.741803278688 0.8509138005468414
8994.75393442623 0.5244207799683408
