3507.325928961749 -2.4498340134903684
3517.337786885246 0.8333368574630495
3527.3496448087435 -1.5551772989660202
3537.3615027322403 -4.191952297380162
3547.373360655738 -1.228976804178208
3557.385218579235 -0.9169856004059798
3567.3970765027325 -0.7292199691286236
3577.4089344262293 1.8305246019495485
3587.420792349727 4.680819571606791
3597.432650273224 1.6279364810859958
3607.4445081967215 3.004250100437697
3617.456366120219 0.32892817118812506
3627.468224043716 3.78766413634153
3637.4800819672137 3.486382762776732
3647.4919398907105 2.164168058697905
3657.503797814208 1.0164929270716596
3667.515655737705 -1.7698813777937539
3677.5275136612026 0.5130146110418032
3687.5393715846994 -0.04457742160573446
3697.551229508197 0.21015372253821918
3707.563087431694 0.4798595986721079
3717.5749453551916 -1.4456684921658596
3727.5868032786884 -2.688135664897554
3737.598661202186 1.0410843042310702
3747.610519125683 0.6360349311737467
3757.6223770491806 0.41105449009367134
3767.6342349726774 0.7896464593068743
3777.646092896175 0.7814898610788065
3787.6579508196724 0.38697058761338887
3797.6698087431696 1.6561436153341933
3807.681666666667 2.316410462436301
3817.693524590164 1.041993529697841
3827.705382513662 1.1788848243926162
3837.7172404371586 1.1974710845156789
3847.7290983606563 2.345167360920221
3857.740956284153 1.8595775273296258
3867.7528142076508 1.6370498805320024
3877.7646721311476 1.2223584885712473
3887.7765300546453 1.190154991224917
3897.788387978142 0.7411984860338738
3907.8002459016398 0.5058042416425264
3917.8121038251365 0.6229886029644979
3927.8239617486342 0.2806123527794811
3937.835819672131 -0.6159896813481911
3947.8476775956287 1.7277821242044276
3957.8595355191255 1.0971179667181188
3967.8713934426232 1.1665362738671685
3977.8832513661205 0.1987482291248176
3987.8951092896177 0.04169115936819402
3997.906967213115 0.8399340282917134
4007.918825136612 1.523438986742224
4017.93068306011 1.3982618992239866
4027.9425409836067 1.6936967415896642
4037.9543989071044 1.5605057830968643
4047.966256830601 0.01991288351341636
4057.978114754099 0.7499629966379802
4067.9899726775957 0.5269913094961199
4078.0018306010934 1.4412915230583805
4088.01368852459 1.1153447656101325
4098.025546448088 0.5881842978876366
4108.037404371585 0.2661281796460364
4118.049262295082 1.1525807201911487
4128.061120218579 1.6356966147209946
4138.072978142077 0.8891802169454253
4148.084836065575 1.5417926543040197
4158.096693989071 1.609773116528873
4168.108551912568 0.7561584166790011
4178.120409836066 1.524538515213668
4188.132267759564 1.5834901571057027
4198.14412568306 1.5804664538092317
4208.155983606557 1.8184086439853677
4218.167841530055 1.9351278201848052
4228.1796994535525 1.5111327257733702
4238.191557377049 1.461569365445203
4248.203415300546 1.7415896644323683
4258.215273224044 1.6141712304146492
4268.2271311475415 1.9832321908104793
4278.238989071038 1.3096441333812614
4288.250846994536 1.5011418180280378
4298.262704918033 1.6416382974224515
4308.2745628415305 1.5496796566088005
4318.286420765027 2.097287124944495
4328.298278688525 1.097096821939822
4338.310136612023 2.0201509737170404
4348.3219945355195 1.7381853551265514
4358.333852459016 0.7077368743788721
4368.345710382514 2.230562662550483
4378.357568306012 1.275431882096716
4388.3694262295085 1.7821664939843105
4398.381284153005 1.858456854079885
4408.393142076503 1.6819613896348296
4418.405000000001 1.6574863087560525
4428.416857923497 1.9277694373374494
4438.428715846994 1.9936988560674942
4448.440573770492 2.0202144080519315
4458.45243169399 1.700589939314486
4468.464289617486 2.011566193728459
4478.476147540984 1.516693802465481
4488.488005464481 1.6713890004863299
4498.499863387979 1.5490876028164844
4508.511721311475 1.1795191677415262
4518.523579234973 1.9355507157507452
4528.53543715847 1.670944960142093
4538.547295081968 1.567779586831032
4548.559153005464 1.12290402385131
4558.571010928962 1.9718563000866935
4568.58286885246 0.8486456769500771
4578.594726775957 1.4789292284270399
4588.606584699453 1.3505169898293616
4598.618442622951 0.9515784576998709
4608.630300546449 1.2342207091958641
4618.642158469946 1.6045503562895143
4628.654016393442 0.9580487598587528
4638.66587431694 1.4831793288647368
4648.677732240438 1.092656418497452
4658.689590163935 1.9424862030321612
4668.701448087432 1.417355634026177
4678.713306010929 1.288330196857886
4688.725163934427 1.2163745163131965
4698.7370218579235 1.3485082358911467
4708.748879781421 1.2387668365297189
4718.760737704918 1.3705199500983232
4728.772595628416 0.8608885035840399
4738.7844535519125 1.5711838961368492
4748.79631147541 0.9620451229568857
4758.808169398908 0.9199247245892627
4768.820027322405 1.938447550377434
4778.8318852459015 0.999302222316199
4788.843743169399 1.3651068868542913
4798.855601092897 1.4448649905905737
4808.867459016394 1.5060685513712386
4818.8793169398905 1.3081428541221745
4828.891174863388 1.6735669126509207
4838.903032786886 1.7968409701224282
4848.914890710383 1.8611633857019008
4858.92674863388 1.75567208677817
4868.938606557377 1.907089844162984
4878.950464480875 2.0733089463556973
4888.962322404372 2.0524390501765586
4898.974180327869 2.2631256211278625
4908.986038251366 2.240289260567103
4918.997896174864 1.808089992176432
4929.009754098361 2.2106865709513035
4939.021612021858 1.9998308417736241
4949.033469945356 1.992916499270505
4959.045327868853 1.7501744444209502
4969.05718579235 1.6066013997843231
4979.069043715847 1.0784471274818683
4989.080901639345 1.3429894487556298
4999.092759562842 1.3741145624088131
5009.104617486339 1.7078848878269512
5019.116475409836 1.850590996553401
5029.128333333334 1.6333283995517305
5039.140191256831 1.3253969932125262
5049.1520491803285 1.423318461505931
5059.163907103825 1.534201678895397
5069.175765027323 1.2233522931512062
5079.18762295082 1.0591842344533018
5089.1994808743175 0.762734442729368
5099.211338797814 1.0122851161905566
5109.223196721312 1.3709428456642632
5119.235054644809 1.7500687205294652
5129.2469125683065 1.2568244771953565
5139.258770491804 1.1215824752077472
5149.270628415301 1.4893324593491637
5159.282486338798 1.3030258177743006
5169.294344262295 1.3934197449939736
5179.306202185793 1.3489099866787895
5189.31806010929 1.1502970841350728
5199.329918032787 1.0220117142071765
5209.341775956284 1.6012094813185884
5219.353633879782 1.18907660753177
5229.365491803279 1.4543801408242234
5239.377349726777 1.6349776922588966
5249.389207650273 1.8063349755777809
5259.401065573771 1.3158395534222822
5269.412923497268 1.6721713572833188
5279.424781420766 1.4172287653563953
5289.436639344262 1.3129215740172964
5299.44849726776 1.0134692237751888
5309.460355191257 1.2452582834668977
5319.472213114755 1.1078383693146978
5329.484071038252 1.281733026029222
5339.495928961749 1.1751104814666016
5349.507786885246 1.1515869156111898
5359.519644808744 1.3007844712748184
5369.531502732241 1.0744507643837355
5379.543360655738 1.4303808174571289
5389.555218579235 1.1809993022223162
5399.567076502733 1.293933563106591
5409.57893442623 0.1369251263400503
5419.590792349727 1.2034339119954327
5429.602650273225 1.7538959254012223
5439.6145081967215 1.5589622142811832
5449.626366120219 1.660922335229315
5459.638224043716 1.524834542109826
5469.650081967214 1.7437992937644047
5479.6619398907105 1.0513606664834119
5489.673797814208 1.6329900830989788
5499.685655737705 1.753261582052312
5509.697513661203 1.7147357959951788
5519.7093715847 1.5266952825999618
5529.721229508197 1.5664686105766181
5539.733087431694 1.3588268877000824
5549.744945355192 1.6310447634956546
5559.7568032786885 1.5692808660901192
5569.768661202186 1.6285285348783116
5579.780519125684 1.3650434525194002
5589.792377049181 1.8674856744127037
5599.804234972678 1.2633370689108323
5609.816092896175 0.9675427653141057
5619.827950819673 1.1074154737487578
5629.83980874317 1.6672023343835238
5639.851666666667 1.195018290233227
5649.863524590164 1.2505444780411477
5659.875382513662 1.2520034677436407
5669.887240437159 1.2573742414310787
5679.899098360656 1.5077495612458502
5689.910956284153 1.3111242678620514
5699.922814207651 1.3198570612987122
5709.934672131148 1.5608863891062101
5719.946530054645 1.4943437718055526
5729.958387978142 1.4689594654600044
5739.97024590164 1.346076586386992
5749.982103825137 1.187194722263337
5759.993961748634 1.7766265620704966
5770.005819672131 1.4627746178081322
5780.017677595629 1.4815934704924618
5790.0295355191265 1.3203645359778402
5800.041393442623 1.233205759837608
5810.053251366121 1.3625272239020572
5820.065109289618 1.2475207747446768
5830.0769672131155 1.2499524242488318
5840.088825136612 0.9453830376588501
5850.10068306011 1.1993529697841117
5860.112540983607 1.2843444061489013
5870.1243989071045 1.1924597720592898
5880.136256830601 1.2917979404985938
5890.148114754099 1.1867506819191
5900.159972677596 1.2595521535956695
5910.1718306010935 1.1541877233417206
5920.18368852459 1.2362083183557822
5930.195546448088 1.237582728945087
5940.207404371585 1.143086714735796
5950.219262295082 1.1767914913412134
5960.231120218579 1.2615609075338845
5970.242978142077 1.2369695303744739
5980.254836065575 1.1063793796122048
5990.266693989071 1.0582115746516398
6000.278551912569 1.2489374748905757
6010.290409836066 1.1764954644450554
6020.302267759564 1.1090224768993298
6030.31412568306 1.099486181887383
6040.325983606558 1.1246484680608124
6050.337841530055 1.0398790518681411
6060.349699453553 1.0371725202461253
6070.361557377049 1.2284693294990803
6080.373415300547 1.042649017825048
6090.385273224044 0.7860148436343645
6100.397131147542 1.151206309601844
6110.408989071038 0.9300107838369315
6120.420846994536 1.118971095088068
6130.432704918033 1.0300678747383334
6140.444562841531 1.0649779037066796
6150.456420765027 1.091451166134523
6160.468278688525 1.1278836191402535
6170.480136612023 1.2010234072695747
6180.49199453552 1.1735563402617724
6190.503852459017 1.2270737741314781
6200.515710382514 1.3661429809908443
6210.527568306012 1.3567546994269766
6220.5394262295085 1.3864631129342608
6230.551284153006 1.474763707102531
6240.563142076503 1.3191169940583174
6250.575000000001 1.5042923899942908
6260.5868579234975 1.378343518068213
6270.598715846995 1.2636119510286934
6280.610573770492 1.480663100247394
6290.62243169399 1.3147823145074324
6300.6342896174865 1.1811261708920981
6310.646147540984 1.2669528259996194
6320.658005464481 1.1981054278645888
6330.669863387979 1.4797750195589199
6340.6817213114755 0.8949315966422092
6350.693579234973 1.2726830609181063
6360.705437158471 1.2188061658173512
6370.717295081968 1.1534265113230289
6380.729153005465 1.0535491510371513
6390.741010928962 1.2801048781003532
6400.75286885246 0.996532256359292
6410.764726775957 1.33876049309623
6420.776584699454 1.1623918973209566
6430.788442622951 1.228025289154843
6440.800300546449 1.0754234241853975
6450.812158469946 0.9912249170067451
6460.824016393443 1.1704903474087074
6470.83587431694 0.6499693400714693
6480.847732240438 0.9209819635041127
6490.859590163935 0.8450087750829932
6500.871448087432 0.7577231302729791
6510.883306010929 0.7362823250798215
6520.895163934427 0.567504704713171
6530.907021857924 0.7014991647812573
6540.918879781421 0.620514663903749
6550.930737704918 0.7081174803882182
6560.942595628416 0.7516757236800371
6570.9544535519135 0.71437633476413
6580.96631147541 0.6022455754551413
6590.978169398908 0.7224536400735837
6600.990027322405 0.856469244919967
6611.0018852459025 0.9788129321464064
6621.013743169399 0.8181760514241008
6631.025601092897 1.0866301566828072
6641.037459016394 1.0449326538811239
6651.0493169398915 1.2088046856828705
6661.061174863388 1.1149218700441925
6671.073032786886 1.0842619415135433
6681.084890710383 1.043917704522868
6691.09674863388 1.1661556678578224
6701.108606557377 1.0666483411921424
6711.120464480875 0.9596769077876218
6721.132322404372 1.2474150508531918
6731.144180327869 1.3641765166092232
6741.156038251366 0.9998308417736239
6751.167896174864 0.99809696995327
6761.179754098362 1.284651005434208
6771.191612021858 1.4057894402977187
6781.203469945356 1.2635062271372084
6791.215327868853 1.1269321041168883
6801.227185792351 1.135960924449707
6811.239043715847 0.9911614826718541
6821.250901639345 1.044298310532214
6831.262759562842 1.003827204871757
6841.27461748634 1.1645275199289535
6851.286475409836 0.9196709872496986
6861.298333333334 0.9232021652252975
6871.310191256831 0.948575899181697
6881.322049180329 0.9596557630093248
6891.333907103825 1.2082972110037424
6901.345765027323 1.1596642209206436
6911.35762295082 1.2356374093417628
6921.369480874318 1.1591567462415158
6931.381338797814 0.9257606833992345
6941.393196721312 1.282494238047914
6951.405054644809 0.706616201129131
6961.4169125683065 1.0552301609117627
6971.428770491804 1.087835409045736
6981.440628415301 1.087539382149578
6991.452486338799 0.9941851859683251
7001.4643442622955 1.1867083923625061
7011.476202185793 1.1836001099528473
7021.48806010929 1.0
7031.499918032788 0.8833336857463049
7041.5117759562845 0.9577104434060009
7051.523633879782 0.809274099761064
7061.535491803279 0.6727422662973378
7071.547349726777 1.047406592941873
7081.5592076502735 1.0245702323811134
7091.571065573771 0.8350495845051065
7101.582923497268 0.7546994269765082
7111.594781420766 0.9121434461759668
7121.6066393442625 0.9144482270103398
7131.61849726776 0.8647157084557968
7141.630355191257 0.7033599052713931
7151.642213114755 0.7344850189245765
7161.654071038252 0.7505550504302962
7171.665928961749 0.8420590785105618
7181.677786885247 0.8316029856426954
7191.689644808744 0.5137969678387923
7201.701502732241 0.5131414797115852
7211.713360655738 0.7238703402194827
7221.725218579236 0.5512866597593724
7231.737076502733 0.8011756496733132
7241.74893442623 0.7900534962890914
7251.760792349727 0.8235256803332417
7261.772650273225 0.8045799589791301
7271.784508196722 0.7117543822553021
7281.796366120219 0.6403273211680375
7291.808224043716 0.48907872200959973
7301.820081967214 0.5582644365973822
7311.831939890711 0.6958323641976614
7321.843797814208 0.7259002389359948
7331.855655737705 0.5990527139322944
7341.867513661203 0.6080392447085192
7351.8793715847005 0.8659632503753198
7361.891229508197 0.5828558137567927
7371.903087431695 0.47785084473389294
7381.914945355192 0.5477766265620705
7391.9268032786895 0.621149007252659
7401.938661202186 0.5108578436555092
7411.950519125684 0.6321020024105046
7421.962377049181 0.284672150212505
7431.9742349726785 0.7031696022667202
7441.986092896175 0.573509821749519
7451.997950819673 0.7566236018015351
7462.00980874317 0.6483411921426003
7472.021666666667 0.7079060326052481
7482.033524590164 0.6048463831856723
7492.045382513662 0.6739263738819699
7502.057240437159 0.47584209079567796
7512.069098360656 0.8832385342439685
7522.080956284153 0.7273380838601907
7532.092814207651 0.4444420950246336
7542.104672131149 0.5819677330683187
7552.116530054645 0.7892288499355085
7562.128387978143 0.5617533250163871
7572.14024590164 0.9109381938130379
7582.152103825138 0.48630875605269275
7592.163961748634 0.5294652485568689
7602.175819672132 0.6023724441249234
7612.187677595629 0.6851542511576766
7622.199535519126 0.2520034677436407
7632.211393442623 0.6661239506903769
7642.223251366121 0.5393821495781617
7652.235109289618 0.5950774956124585
7662.246967213116 0.7974964582496352
7672.258825136613 0.615439917112469
7682.27068306011 0.5579895544795213
7692.282540983607 0.4594125980589093
7702.294398907105 0.7653141056816019
7712.306256830602 0.2424037383968029
7722.318114754099 0.6333706891083246
7732.329972677596 0.5764912354893958
7742.3418306010935 0.7457974753134714
7752.353688524591 0.379020150973717
7762.365546448088 0.6051212653035333
7772.377404371585 0.42577125578838304
7782.3892622950825 0.4012856025204576
7792.40112021858 0.5441185799166895
7802.412978142077 0.33573678979975896
7812.424836065574 0.665743344681031
7822.4366939890715 0.40736472628084497
7832.448551912569 0.5626625504831582
7842.460409836066 0.47243778148986104
7852.472267759564 0.22728522191444822
7862.484125683061 0.6546211912968092
7872.495983606558 0.6118664495802761
7882.507841530055 0.6700357346753218
7892.519699453553 0.32271160636880725
7902.53155737705 0.5863235573975006
7912.543415300547 0.8004355824329181
7922.555273224044 0.5634871968367412
7932.567131147542 0.4182437147146512
7942.578989071039 0.36354217326031335
7952.590846994536 0.7364303385279006
7962.602704918033 0.4849977797982788
7972.614562841531 0.4789503732053369
7982.626420765028 0.6092656418497452
7992.638278688525 0.6513226058824774
8002.650136612022 0.3382107288605079
8012.66199453552 0.5440974351383926
8022.673852459017 0.4315649250417609
8032.685710382514 0.4371260017338718
8042.697568306012 0.5593428202905292
8052.7094262295095 0.522994946397987
8062.721284153006 0.5911234220709195
8072.733142076503 0.8067155815871271
8082.745000000001 0.5265789863193284
8092.7568579234985 0.4952952868289176
8102.768715846995 0.6971644852303723
8112.780573770492 0.5920326475376906
8122.79243169399 0.3035121476751316
8132.8042896174875 0.7435561288139894
8142.816147540984 0.5063328610999513
8152.828005464481 0.614382678197619
8162.839863387979 0.4231915928361491
8172.8517213114765 0.5181316473896771
8182.863579234973 0.40631805975514346
8192.87543715847 0.3703296470936502
8202.887295081968 0.6774575518575687
8212.899153005466 0.4878523248683737
8222.911010928961 0.38883132810352483
8232.92286885246 0.49537986594210554
8242.934726775959 0.2609054194066775
8252.946584699454 0.6580466453809232
8262.958442622952 0.7062144503414881
8272.970300546449 0.8024443363711331
8282.982158469946 0.14665172435667012
8292.994016393444 0.1845537394540418
8303.00587431694 0.5430613410018396
8313.017732240438 0.4614847863320153
8323.029590163937 0.6414691391960754
8333.041448087431 0.6040428816103862
8343.05330601093 0.1376736514917641
8353.065163934427 0.29699955595965577
8363.077021857924 0.41997758653500517
8373.088879781422 0.5340113758907238
8383.100737704917 0.5488550102552175
8393.112595628416 0.427335969382361
8403.124453551914 0.6939716237075254
8413.13631147541 0.6408136510688686
8423.148169398908 0.8709745628317087
8433.160027322405 0.3714080307867972
8443.171885245902 0.4672361660287992
8453.1837431694 0.39847334700695664
8463.195601092897 0.5200346774364071
8473.207459016394 0.7030955955426808
8483.219316939892 0.4241642526378111
8493.231174863387 0.32059712853910727
8503.243032786886 0.34867739411752263
8513.254890710385 0.4594125980589093
8523.26674863388 0.5316431607214598
8533.278606557378 0.35747362188907444
8543.290464480875 0.38314338274163195
8553.302322404372 0.6368595775273296
8563.31418032787 0.46858943183980717
8573.326038251365 0.5919903579810966
8583.337896174864 0.7459877783181443
8593.349754098363 0.40198338020425856
8603.361612021858 0.4134332776520838
8613.373469945356 0.48349650053919185
8623.385327868853 0.20668174994185184
8633.39718579235 0.28532763833971203
8643.409043715848 0.4334468103101939
8653.420901639345 0.03886198803205548
8663.432759562842 -0.004050070835007295
8673.44461748634 0.35434419470111855
8683.456475409836 0.3387393483179329
8693.468333333334 0.5531474002495084
8703.480191256833 0.3280189457213541
8713.492049180328 0.30169369674158963
8723.503907103826 0.3535195483475356
8733.515765027323 0.546222485357241
8743.52762295082 0.5300361575708878
8753.539480874319 0.49256761042860464
8763.551338797814 -0.04365762374981498
8773.563196721312 -0.34144587993994885
8783.57505464481 0.4667709809062652
8793.586912568306 0.3517222421922906
8803.598770491804 0.381409510921278
8813.610628415301 0.5119573721269532
8823.622486338798 0.1291840230055188
8833.634344262297 0.30482312392954564
8843.646202185793 0.4904108430423107
8853.65806010929 0.238491954411858
8863.669918032789 0.2619838030998245
8873.681775956284 0.3176368595775273
8883.693633879782 -0.06357811938341826
8893.70549180328 0.42716681115598504
8903.717349726776 0.4566214873237054
8913.729207650274 0.42114054934134015
8923.741065573771 0.30693760175924556
8933.752923497268 0.1847884464931385
8943.764781420767 0.29334150931427483
8953.776639344262 0.41462795762586424
8963.78849726776 0.09263527371915506
8973.800355191259 0.524200198760916
8983.812213114754 0.5091874061700463
8993.824071038252 0.6444505529359524
