3507.325428051002 2.2052032313466063
3517.3362841530056 -1.251765154888366
3527.3471402550094 0.4758412314738248
3537.357996357013 0.7099421156414987
3547.3688524590166 0.9214426563195726
3557.3797085610204 0.4397366579734113
3567.3905646630237 -0.7096876789008332
3577.4014207650275 0.39629158450480245
3587.4122768670313 0.6537115959544558
3597.4231329690347 0.6622352267667451
3607.4339890710385 0.09852426690414096
3617.4448451730423 0.343616818268558
3627.4557012750456 0.9080211182494752
3637.4665573770494 0.4701100438903377
3647.477413479053 0.995865402964188
3657.4882695810566 1.6564467909166083
3667.4991256830604 1.0562941288722092
3677.509981785064 1.4728070733413905
3687.5208378870675 0.7600025443674067
3697.5316939890713 1.1062273392277846
3707.542550091075 0.6355957000190827
3717.5534061930784 0.9994911265186692
3727.5642622950822 1.8676928948540168
3737.575118397086 1.5307550410279243
3747.5859744990894 1.3268239933846449
3757.596830601093 0.9255136441702182
3767.607686703097 1.6119203613001718
3777.6185428051003 0.8868392595890847
3787.629398907104 0.9898225303733859
3797.640255009108 1.2923478150244894
3807.6511111111113 1.7966414350232174
3817.661967213115 1.7683353476241968
3827.672823315119 2.076585458940271
3837.683679417122 2.0556580370205455
3847.694535519126 2.0106227339227782
3857.70539162113 1.9910311048915463
3867.716247723133 1.7432097194834932
3877.7271038251365 1.4142866229883593
3887.7379599271408 1.4496533299408434
3897.748816029144 1.4471725717193562
3907.7596721311475 1.8327714521976972
3917.7705282331517 1.599134915081738
3927.781384335155 1.5065199414795496
3937.7922404371584 1.0554036002798803
3947.8030965391627 1.3843903059601808
3957.813952641166 1.1021563513771389
3967.8248087431693 0.8099357547229821
3977.8356648451736 0.7495706380001271
3987.846520947177 1.2805165065835507
3997.8573770491803 1.2801984606577188
4007.8682331511845 1.0356211436931493
4017.879089253188 1.5404236371732076
4027.8899453551912 1.884294892182431
4037.9008014571955 2.0227720882895492
4047.911657559199 2.3790789389987914
4057.922513661202 2.7308695375612237
4067.9333697632064 2.413523312766363
4077.94422586521 2.5757267349405253
4087.955081967213 2.960180650085872
4097.965938069217 2.59022962915845
4107.976794171221 2.6482412060301503
4117.987650273224 2.9701672921569875
4127.998506375228 2.7252083200814194
4138.009362477232 2.802811525984352
4148.020218579235 2.5525093823548124
4158.031074681239 2.146491953438076
4168.041930783243 2.435023217352586
4178.052786885246 2.2594618662934924
4188.06364298725 1.8867756504039184
4198.074499089254 1.9655874308250112
4208.085355191257 2.0353030977673177
4218.096211293261 2.112715476114751
4228.1070673952645 2.0047706888874752
4238.117923497268 1.9696584186756565
4248.128779599272 2.194516888238662
4258.139635701275 2.229756376820813
4268.150491803279 2.156033331213027
4278.161347905283 1.9498123529037594
4288.172204007286 1.8746262960371476
4298.18306010929 1.8418039564913173
4308.193916211294 2.130462438776159
4318.204772313297 2.058329622797532
4328.215628415301 2.0795432860505056
4338.226484517305 2.0988486737484893
4348.237340619308 2.299599262133452
4358.248196721312 2.344570956046053
4368.259052823316 2.427390115132625
4378.269908925319 2.4670186374912535
4388.280765027323 2.099739202340818
4398.291621129327 2.408180141212391
4408.30247723133 2.398829590992939
4418.3133333333335 2.157178296546021
4428.324189435338 2.197379301571147
4438.335045537341 2.066026334202659
4448.345901639344 2.1843394186120477
4458.356757741349 2.135360346033967
4468.367613843352 2.0435404872463585
4478.378469945355 2.1522167801030467
4488.38932604736 1.859805355893391
4498.400182149363 2.0723872527192926
4508.411038251366 1.8989886139558552
4518.421894353371 1.7189746199351186
4528.432750455374 1.8151517079066217
4538.443606557377 1.7672539914763692
4548.4544626593815 1.3681699637427645
4558.465318761385 1.431333884612938
4568.476174863388 1.4445645951275363
4578.4870309653925 1.2031041282361172
4588.497887067396 1.3462247948603778
4598.508743169399 1.204376311939444
4608.519599271403 1.1845302461675467
4618.530455373407 1.3243432351631574
4628.54131147541 1.12384708351886
4638.552167577414 1.4002926022517652
4648.563023679418 1.6234972330004451
4658.573879781421 1.7906621716175817
4668.584735883425 1.7738693467336684
4678.595591985429 1.7661726353285414
4688.606448087432 1.6741937535780167
4698.617304189436 1.8633674702627057
4708.62816029144 2.026906685325361
4718.639016393443 2.1542522740283694
4728.649872495447 2.2148718274918897
4738.6607285974505 2.408943451434387
4748.671584699454 2.7238725271929263
4758.682440801458 2.6984288531263916
4768.6932969034615 2.8227212009414155
4778.704153005465 2.8595509191527255
4788.715009107469 3.0438903377647732
4798.725865209472 3.001717447999491
4808.736721311476 2.7788308631766423
4818.74757741348 3.043572291838941
4828.758433515483 2.786909229692768
4838.769289617487 2.612556453151835
4848.780145719491 2.642452770180014
4858.791001821494 2.4199478404681636
4868.801857923498 2.2550728325170155
4878.812714025502 2.0421728897652818
4888.823570127505 1.9485401692004325
4898.834426229509 1.823293683607913
4908.845282331513 1.8070097322053305
4918.856138433515 1.657146491953438
4928.86699453552 1.506965205775714
4938.877850637524 1.5143438712550092
4948.888706739526 1.4143502321735257
4958.8995628415305 1.404427199287577
4968.910418943535 1.348896380637364
4978.921275045537 1.2215507919343553
4988.932131147541 1.2319826983016349
4998.942987249546 1.5163793651803321
5008.953843351548 1.3421856116023154
5018.964699453552 1.2678582787354493
5028.975555555557 1.2524648559251956
5038.986411657559 1.2059665415686025
5048.997267759563 1.1897461993511864
5059.008123861568 1.2011958526811273
5069.01897996357 1.2757458176960752
5079.029836065574 1.3655619871509443
5089.0406921675785 1.2669677501431207
5099.051548269581 1.300553399910947
5109.062404371585 1.3420901978245658
5119.0732604735895 1.4770052795623687
5129.084116575592 1.7087971503085044
5139.094972677596 1.7673812098467019
5149.1058287796 1.785096367915527
5159.116684881603 1.665415686025062
5169.127540983607 1.5204503530309776
5179.13839708561 1.450353030977673
5189.149253187614 1.3738947904077348
5199.160109289618 1.231664652375803
5209.170965391621 1.1898734177215189
5219.181821493625 1.3079956745754084
5229.192677595629 1.1510718147700527
5239.203533697632 1.3632720564849565
5249.214389799636 1.2604160040709877
5259.22524590164 1.2549456141466828
5269.236102003643 1.3325488200496152
5279.246958105647 1.2672221868837859
5289.257814207651 1.4020100502512562
5299.268670309654 1.4801221296355194
5309.279526411658 1.4116786463965396
5319.290382513662 1.4536607086063227
5329.301238615665 1.5317091788054193
5339.3120947176685 1.4418930093505502
5349.322950819673 1.6119839704853378
5359.333806921676 1.7059983461611856
5369.3446630236795 1.591501812861777
5379.355519125684 1.6728579606895235
5389.366375227687 1.855670758857579
5399.37723132969 1.8734177215189871
5409.388087431695 1.712232046307487
5419.398943533698 1.610457350041346
5429.409799635701 2.1790598562432413
5439.420655737706 2.1627122956554925
5449.431511839709 2.2625787163666433
5459.442367941712 2.3179823166465234
5469.453224043717 2.2580624642198335
5479.46408014572 2.2580624642198335
5489.474936247723 2.2096558743082504
5499.4857923497275 2.1622034221741617
5509.496648451731 2.0099230328859488
5519.507504553734 1.8648304815215317
5529.518360655738 1.8934546148463838
5539.529216757742 1.9402709751288085
5549.540072859745 1.8653393550028625
5559.550928961749 2.035970994211564
5569.561785063753 2.016601997328414
5579.572641165756 1.9000699701036827
5589.58349726776 1.7788944723618092
5599.594353369764 1.7530691431842755
5609.605209471767 1.87615291648114
5619.616065573771 1.7865275745817697
5629.626921675775 1.8444755422683037
5639.637777777778 1.7382482030405189
5649.648633879782 1.7860187011004387
5659.659489981786 1.6570192735831053
5669.670346083789 1.7491253737039627
5679.681202185793 1.5463392913936773
5689.6920582877965 1.6018065008587241
5699.7029143898 1.4780548311176132
5709.713770491804 1.5303097767317602
5719.724626593807 1.4701990967495706
5729.735482695811 1.42834425291012
5739.746338797815 1.375421410851727
5749.757194899818 1.4266904140957954
5759.768051001822 1.5072832517015458
5769.778907103826 1.3579288849309838
5779.789763205829 1.3994020736594366
5789.800619307833 1.197379301571147
5799.811475409837 1.303161376502767
5809.82233151184 1.1708542713567838
5819.833187613844 1.2473761211118886
5829.844043715848 1.3922778449208066
5839.854899817851 1.2048851854207747
5849.865755919855 1.160167928248839
5859.876612021859 1.1959798994974875
5869.887468123862 1.0809744927167482
5879.8983242258655 1.1144965332994083
5889.90918032787 1.1319254500349851
5899.920036429873 1.0119585268112714
5909.930892531876 0.9851154506710769
5919.941748633881 0.9995547357038356
5929.952604735884 0.9475860314229374
5939.963460837887 1.0129126645887665
5949.974316939892 0.9270402646142103
5959.985173041895 0.9223331849119012
5969.996029143898 0.923414541059729
5980.006885245903 0.9541059729024871
5990.017741347906 0.9631702817886902
6000.028597449909 0.9989822530373386
6010.0394535519135 1.1632211691368233
6020.050309653917 1.1165320272247312
6030.06116575592 1.127600025443674
6040.0720218579245 1.2333184911901278
6050.082877959928 1.3341390496787735
6060.093734061931 1.4295528274282805
6070.104590163935 1.4834934164493352
6080.115446265939 1.533299408434578
6090.126302367942 1.4410660899433876
6100.137158469946 1.6135105909293301
6110.14801457195 1.6426754023280958
6120.158870673953 1.7528147064436104
6130.169726775957 1.6548565612874497
6140.180582877961 1.6246421983334394
6150.191438979964 1.617263532854144
6160.202295081968 1.591056548565613
6170.213151183972 1.586540296418803
6180.224007285975 1.5032758730360665
6190.234863387979 1.481012658227848
6200.245719489983 1.522549456141467
6210.256575591986 1.407798486101393
6220.26743169399 1.4413841358692194
6230.2782877959935 1.3880796386998282
6240.289143897997 1.2964188028751351
6250.300000000001 1.294701354875644
6260.310856102004 1.2843330576935308
6270.321712204008 1.2973093314674637
6280.332568306012 1.228675020672985
6290.343424408015 1.1583868710641816
6300.354280510019 1.0281152598435215
6310.365136612023 1.1926086126836715
6320.375992714026 1.0781756885694294
6330.38684881603 1.176897143947586
6340.397704918034 0.9627886266776923
6350.408561020037 0.8398956809363272
6360.419417122041 0.719038229120285
6370.430273224045 0.572450861904459
6380.441129326048 0.5621652566630622
6390.451985428052 0.6001113160740411
6400.462841530056 0.5023090134215381
6410.473697632059 0.5262896762292475
6420.4845537340625 0.5098467018637491
6430.495409836067 0.5401055912473761
6440.50626593807 0.5386425799885504
6450.517122040073 0.4941924813943134
6460.527978142078 0.624960244259271
6470.538834244081 0.6898416131289358
6480.549690346084 0.7742510018446663
6490.560546448089 0.8696647795941733
6500.571402550092 0.919279944023917
6510.582258652095 1.0
6520.5931147541 0.896698683289867
6530.603970856103 1.0445264296164365
6540.614826958106 0.9893772660772214
6550.6256830601105 0.9767190382291203
6560.636539162114 1.0992303288594873
6570.647395264117 1.0716875516824629
6580.6582513661215 1.0375294192481395
6590.669107468125 0.967622924750334
6600.679963570128 1.0082055848864575
6610.690819672132 1.129699128554163
6620.701675774136 1.0937599389351822
6630.712531876139 1.0080147573309586
6640.723387978143 1.0599198524266904
6650.734244080147 1.151326251510718
6660.74510018215 0.9877870364480632
6670.755956284154 1.0416640162839512
6680.766812386158 1.0115768717002735
6690.777668488161 1.0342853508046561
6700.788524590165 0.9842249220787481
6710.799380692169 1.0116404808854398
6720.810236794172 1.0207365943642261
6730.821092896176 1.0277972139176896
6740.8319489981795 1.0277972139176896
6750.842805100183 1.0108135614782774
6760.853661202187 0.9833343934864195
6770.8645173041905 0.9998727816296673
6780.875373406194 1.0392468672476305
6790.886229508198 1.053113669613892
6800.897085610201 1.0110043890337763
6810.907941712205 1.0375930284333057
6820.918797814209 0.9820622097830927
6830.929653916212 0.9893136568920551
6840.940510018216 0.9044590038801602
6850.951366120219 0.9279944023917054
6860.962222222223 0.9082119458049742
6870.973078324227 0.8391323707143311
6880.98393442623 0.8271738439030596
6890.994790528234 0.8359519114560142
6901.005646630238 0.7530691431842758
6911.016502732241 0.8523630812289295
6921.027358834245 0.720183194453279
6931.038214936249 0.7384390305960181
6941.049071038252 0.7153807009732205
6951.059927140256 0.6310985306278226
6961.0707832422595 0.6955664397939062
6971.081639344263 0.6851981426117931
6981.092495446267 0.6177151580688252
6991.10335154827 0.6597544685452579
7001.114207650274 0.5411360600470708
7011.125063752278 0.5570192735831053
7021.135919854281 0.5318109535016856
7031.146775956285 0.6259143820367661
7041.157632058289 0.5746835443037974
7051.168488160292 0.5061764518796514
7061.179344262296 0.5332230774123784
7071.1902003643 0.5263342026588639
7081.201056466303 0.6116595636409897
7091.211912568307 0.5237262260670441
7101.222768670311 0.4979263405635774
7111.233624772314 0.5295146619171809
7121.244480874318 0.4908211945804974
7131.255336976322 0.46306214617390745
7141.266193078325 0.5340499968195407
7151.2770491803285 0.5246930856815724
7161.287905282333 0.5850136759748107
7171.298761384336 0.48582151262642326
7181.309617486339 0.5275300553399911
7191.320473588344 0.4260988486737485
7201.331329690347 0.49323198269830165
7211.34218579235 0.45642134724254185
7221.353041894355 0.47570765218497546
7231.363897996358 0.4622352267667451
7241.374754098361 0.4985369887411742
7251.385610200366 0.42776540932510654
7261.396466302369 0.42368806055594427
7271.407322404372 0.4407480440175561
7281.4181785063765 0.4030277972139177
7291.42903460838 0.3979772279117104
7301.439890710383 0.4733795560078875
7311.4507468123875 0.4216970930602379
7321.461602914391 0.3892309649513389
7331.472459016394 0.48245658673112396
7341.483315118398 0.4464219833343935
7351.494171220402 0.4462375166974111
7361.505027322405 0.46056866611538705
7371.5158834244085 0.5136950575663125
7381.526739526413 0.38400228993066593
7391.537595628416 0.5389097385662489
7401.548451730419 0.49826346924495896
7411.559307832424 0.4710196552382164
7421.570163934427 0.45105273201450286
7431.58102003643 0.4356211436931493
7441.591876138435 0.37210737230456076
7451.602732240438 0.4654220469435786
7461.613588342441 0.443807645824057
7471.6244444444455 0.4056866611538706
7481.635300546449 0.5814770052795624
7491.646156648452 0.3890624006106482
7501.6570127504565 0.4332357992494116
7511.66786885246 -0.0034278353794287898
7521.678724954463 0.2631511990331404
7531.689581056467 0.11753069143184275
7541.700437158471 0.3590865721010114
7551.711293260474 0.4117358946631894
7561.722149362478 0.4355193689968831
7571.733005464482 0.4194262451497996
7581.743861566485 0.39275491380955413
7591.754717668489 0.4227593664525157
7601.765573770493 0.45305642134724255
7611.776429872497 0.5241842122002417
7621.7872859745 0.38138159150181283
7631.798142076504 0.4006933401183131
7641.808998178508 0.36919407162394247
7651.819854280511 0.36472870682526554
7661.830710382515 0.3469372177342408
7671.841566484519 0.4127027542777177
7681.852422586522 0.3506392723109217
7691.8632786885255 0.36750206729851786
7701.87413479053 0.3390433178550983
7711.884990892533 0.3027161122066026
7721.895846994536 0.3207429552827428
7731.906703096541 0.35214044908084724
7741.917559198544 0.3150372113733223
7751.928415300547 0.28278735449398895
7761.939271402552 0.28716684689269134
7771.950127504555 0.23609185166338018
7781.960983606558 0.25949367088607594
7791.971839708563 0.29022326823993383
7801.982695810566 0.2182749188982889
7811.993551912569 0.29599898225303733
7822.0044080145735 0.3254055085554354
7832.015264116577 0.23987023726226064
7842.02612021858 0.2757585395331086
7852.0369763205845 0.25020036893327396
7862.047832422588 0.28307359582723746
7872.058688524591 0.2583041791234654
7882.069544626595 0.2862095286559379
7892.080400728599 0.26429616436613446
7902.091256830602 0.21967114051269004
7912.102112932606 0.185096367915527
7922.11296903461 0.23433623815278926
7932.123825136613 0.25201323071051457
7942.134681238617 0.3286813815915018
7952.145537340621 0.21369505756631257
7962.156393442624 0.28639399529292026
7972.167249544628 0.2623433623815279
7982.178105646632 0.1962216144011195
7992.188961748635 0.3567012276572737
8002.199817850639 0.2985815151707906
8012.2106739526425 0.23521404490808473
8022.221530054646 0.32439412251129063
8032.23238615665 0.24829527383754213
8042.2432422586535 0.276063863621907
8052.254098360657 0.3259016601997328
8062.264954462661 0.2223586285859678
8072.275810564664 0.23289230964951338
8082.286666666668 0.3450289421792507
8092.297522768672 0.3158132434323516
8102.308378870675 0.3259716303034158
8112.319234972679 0.36388906558106987
8122.330091074682 0.2971057820749316
8132.340947176685 0.298575154252274
8142.35180327869 0.28854398575154255
8152.362659380693 0.220704789771643
8162.373515482696 0.3945423319127282
8172.384371584701 0.3277463265695566
8182.395227686704 0.3082183067234909
8192.406083788708 0.27377393295591884
8202.41693989071 0.3511290630367025
8212.427795992715 0.3848228484193117
8222.43865209472 0.3231728261560969
8232.449508196722 0.3968831499268495
8242.460364298726 0.298505184148591
8252.47122040073 0.3296609630430634
8262.482076502733 0.2833661980790026
8272.492932604737 0.3126073404999682
8282.503788706741 0.2745054385853317
8292.514644808743 0.39440875262387887
8302.525500910748 0.298835951911456
8312.536357012752 0.3203263151199033
8322.547213114754 0.2719674320971948
8332.558069216759 0.2660835824693086
8342.568925318763 0.17893899879142547
8352.579781420765 0.298575154252274
8362.59063752277 0.27432733286686595
8372.601493624774 0.27807391387316327
8382.612349726776 0.28481012658227844
8392.62320582878 0.32819159086572103
8402.634061930785 0.2941606768017302
8412.644918032787 0.31221932447045353
8422.655774134791 0.28405317727879903
8432.666630236796 0.202448953628904
8442.677486338798 0.21623306405444948
8452.688342440802 0.2160358755804338
8462.699198542807 0.289091024743973
8472.71005464481 0.21923541759430062
8482.720910746813 0.15125628140703518
8492.731766848818 0.18613955855225495
8502.74262295082 0.11643661344698174
8512.753479052824 0.14967877361490997
8522.764335154829 0.10915972266395269
8532.775191256831 0.11531073086953755
8542.786047358835 0.1137777495070288
8552.79690346084 0.15121175497741873
8562.807759562842 0.07130589657146492
8572.818615664846 0.14698174416385726
8582.82947176685 0.1239011513262515
8592.840327868853 0.050609375993893514
8602.851183970857 0.11524712168437122
8612.862040072861 0.08562432415240762
8622.872896174864 0.15350804656192352
8632.883752276868 0.11526620443992112
8642.894608378872 0.2370141848482921
8652.905464480875 0.10648177596844983
8662.916320582879 0.18175688569429424
8672.927176684883 0.18497551046371097
8682.938032786886 0.1338528083455251
8692.94888888889 0.21419120921061
8702.959744990894 0.22206602633420264
8712.970601092897 0.1317282615609694
8722.981457194901 0.21776922587621653
8732.992313296905 0.15850136759748107
8743.003169398908 0.19169264041727627
8753.014025500912 0.18939634883277146
8763.024881602916 0.20290693976210164
8773.035737704919 0.09191527256535843
8783.046593806923 0.2534444373767572
8793.057449908927 0.2356656701227657
8803.06830601093 0.29371541250556576
8813.079162112934 0.2722091470008269
8823.090018214938 0.2556834806946123
8833.10087431694 0.32984542968004577
8843.111730418945 0.3673176006615355
8853.122586520949 0.31628395140258253
8863.133442622951 0.33100311685007316
8873.144298724956 0.3716493861713631
8883.15515482696 0.30785573436804275
8893.166010928962 0.3915717829654602
8903.176867030967 0.44064626932129
8913.18772313297 0.44529610075694925
8923.198579234973 0.35340627186565743
8933.209435336978 0.42733922778449207
8943.220291438982 0.3639463138477196
8953.231147540984 0.43938680745499653
8963.242003642988 0.4687806119203613
8973.252859744993 0.5077539596717765
8983.263715846995 0.4216652884676547
8993.274571949 0.4656128744990777
