3507.3262021857927 -0.47036453169946857
3517.3386065573773 -1.315271976727178
3527.351010928962 2.0301961612845556
3537.363415300547 1.5741171116997936
3547.375819672131 -2.8834246152345973
3557.388224043716 0.8284116949180087
3567.400628415301 -1.168516682647771
3577.413032786885 -1.8351725146674034
3587.4254371584702 -1.448001820220702
3597.437841530055 1.6399863483447366
3607.4502459016394 -0.2857909021468853
3617.4626502732244 -0.4622710503648567
3627.4750546448086 0.4551120573369521
3637.4874590163936 0.7630950252718142
3647.4998633879786 1.0107263005639433
3657.5122677595627 0.8216021192569598
3667.524672131148 -0.2043522777136728
3677.5370765027324 0.10829825616355983
3687.549480874317 1.0613674408021974
3697.561885245902 1.2817929173912335
3707.5742896174866 -0.3750792283564382
3717.586693989071 0.06854106060359819
3727.599098360656 0.7692707740813572
3737.6115027322403 1.0259706489411842
3747.6239071038253 0.9818628008646048
3757.6363114754104 0.22554159691862638
3767.6487158469945 0.147504509921828
3777.6611202185795 0.30176658919894034
3787.673524590164 0.6183549755407843
3797.6859289617487 0.9038695941882954
3807.6983333333337 1.1858087793144918
3817.710737704918 0.9833579821553363
3827.723142076503 1.2833856105052737
3837.735546448088 0.39869334156766506
3847.747950819672 1.0372332645333247
3857.760355191257 0.8612244234613446
3867.7727595628417 0.8866912613154344
3877.7851639344262 0.5655198192780874
3887.7975683060113 0.11246444881441874
3897.809972677596 0.5953584372105117
3907.8223770491804 0.6694024150428239
3917.8347814207655 1.0659830004388031
3927.8471857923496 1.14451252214331
3937.8595901639346 0.8875038598430058
3947.871994535519 1.2392452584875917
3957.884398907104 1.3051795030147406
3967.896803278689 1.144106222879524
3977.9092076502734 1.3716338105995352
3987.921612021858 1.0212738294518209
3997.934016393443 1.0122539857957777
4007.946420765027 0.9283613138092993
4017.958825136612 0.9884448489379337
4027.9712295081968 0.9387788269327655
4037.9836338797813 0.2548796541580667
4047.9960382513664 0.33994246802424793
4058.008442622951 0.8769238270140255
4068.0208469945355 1.1041101233524564
4078.0332513661206 0.5864848612894313
4088.045655737705 0.22500853228453951
4098.05806010929 1.0064357803383661
4108.070464480874 0.2616404739074613
4118.08286885246 0.6009491150802034
4128.095273224044 0.5073702686450732
4138.107677595628 0.8541141863450943
4148.120081967214 1.0522988412344996
4158.132486338798 1.3258682615267101
4168.144890710382 1.0551266841104483
4178.157295081967 1.3286473484910044
4188.169699453552 1.1387268206270011
4198.182103825136 1.4375192992150299
4208.1945081967215 1.4186995173164745
4218.2069125683065 1.1385317969803839
4228.219316939891 1.2287789894524712
4238.231721311475 1.4934748338236012
4248.244125683061 1.4930685345598151
4258.256530054645 1.3472721067429425
4268.268934426229 1.0532170775706553
4278.281338797815 1.3962067900732962
4288.293743169399 0.785799028132161
4298.306147540983 1.0337065869236646
4308.318551912569 1.2769010742552536
4318.330956284153 1.0775056475597666
4328.343360655737 1.1685816905299768
4338.355765027323 1.469584437113
4348.368169398907 1.2295590840389397
4358.3805737704915 1.2942094228925256
4368.392978142077 1.0805935219645382
4378.405382513662 1.5361687604622059
4388.417786885246 1.4721359964895742
4398.430191256831 1.383717150704523
4408.442595628416 1.2158424208935334
4418.455 1.4917196210040466
4428.467404371584 1.5061351188831646
4438.47980874317 1.6104565178527896
4448.492213114754 1.5987225951146575
4458.504617486338 1.5089629617591134
4468.517021857924 1.4279793925013409
4478.529426229508 1.6471372153873656
4488.541830601092 1.547870179259235
4498.554234972678 1.5155450098324421
4508.5666393442625 1.5842908452649884
4518.579043715847 1.3448993190424339
4528.591448087433 1.4011636410914825
4538.603852459017 1.1561326810875818
4548.616256830601 1.4143927451203457
4558.628661202186 1.2418293218052687
4568.641065573771 1.1392793876257497
4578.653469945355 1.3797760478458012
4588.66587431694 1.558092668736084
4598.678278688525 1.159399327168419
4608.690683060109 0.9357884643513026
4618.703087431693 0.9878922819391851
4628.715491803279 1.1681266353545368
4638.727896174863 1.170938226259934
4648.7403005464475 1.1416846792673612
4658.7527049180335 1.0389722253823275
4668.765109289618 0.9324893143293624
4678.777513661202 1.0533877232614455
4688.789918032788 1.2671498919243958
4698.802322404372 0.8626545968698704
4708.814726775956 1.104435162763485
4718.827131147542 0.805480164469942
4728.839535519126 1.038224634736962
4738.85193989071 1.3927938762574963
4748.864344262295 1.0703872844582405
4758.87674863388 1.1586679884936049
4768.889153005464 1.406039232256911
4778.901557377048 1.073905836082625
4788.913961748634 1.080252230582958
4798.9263661202185 1.5850709398514569
4808.938770491803 1.220181697030765
4818.951174863389 1.6936178511644535
4828.963579234973 1.4390307324763127
4838.975983606557 1.5199167899107766
4848.988387978143 1.4246802424794005
4859.000792349727 1.7379857307698559
4869.013196721311 1.6978433635078252
4879.025601092897 1.4604508296630967
4889.038005464481 1.8850660642602914
4899.050409836065 1.6469746956818514
4909.062814207651 1.3712356373210248
4919.075218579235 1.6620890282946807
4929.087622950819 1.5834944987079682
4939.1000273224045 1.70255643496774
4949.1124316939895 1.3586809900700458
4959.124836065574 1.8393980270107748
4969.137240437158 1.6008353512863434
4979.149644808744 1.7709772309892575
4989.162049180328 1.3681233849604264
4999.174453551912 1.3153694885504867
5009.186857923498 1.5641709057223188
5019.199262295082 1.5965773350018688
5029.211666666666 1.5147161593343192
5039.224071038252 1.2193447205473662
5049.236475409836 1.2299328793616224
5059.24887978142 1.0367944613284361
5069.261284153006 1.5078090718499617
5079.27368852459 1.3257382457622988
5089.2860928961745 1.3280297736100501
5099.2984972677605 1.3393573970843964
5109.310901639345 1.1972014106710438
5119.323306010929 1.1215484877541402
5129.335710382514 0.967674830573207
5139.348114754099 1.4370154881279356
5149.360519125683 1.3803123628739984
5159.372923497267 1.2183696023142807
5169.385327868853 1.1317059693487834
5179.397732240437 1.2514342364011635
5189.410136612021 1.1268628821244575
5199.422540983607 1.2318181079455883
5209.434945355191 0.9493913637028489
5219.447349726775 0.9936129755732883
5229.459754098361 0.9818953048057076
5239.4721584699455 1.3631665339422405
5249.48456284153 1.3271196632591702
5259.496967213116 1.2288277453641252
5269.5093715847 1.2236271147876678
5279.521775956284 1.1874014724285318
5289.53418032787 1.411191106921714
5299.546584699454 1.0107750564755977
5309.558989071038 1.209585412231233
5319.571393442623 1.2563098275665925
5329.583797814208 1.2110480895808615
5339.596202185792 1.1152102192390827
5349.608606557376 1.2016544506021356
5359.621010928962 1.1640798946872308
5369.633415300546 1.149436869220393
5379.6458196721305 0.9497976629666346
5389.6582240437165 1.172872210755554
5399.670628415301 1.218784027563342
5409.683032786885 0.8657262193040907
5419.695437158471 0.8701061253677007
5429.707841530055 1.1701581316734653
5439.720245901639 1.2597714972940468
5449.732650273225 1.0164144902569436
5459.745054644809 1.2026620727763242
5469.757459016393 0.9944418260714111
5479.769863387979 1.1939835205018607
5489.782267759563 1.234759714615397
5499.794672131147 1.2832555947408624
5509.807076502732 1.23513350993808
5519.819480874317 1.0824462466074012
5529.8318852459015 1.151175830069396
5539.844289617486 1.155385090442216
5549.856693989072 1.0411743673920462
5559.869098360656 1.1352976548406493
5569.88150273224 1.1642749183338479
5579.893907103826 1.1512733418927044
5589.90631147541 1.457850514374868
5599.918715846994 1.292974273130617
5609.93112021858 1.3708862199541694
5619.943524590164 1.41284880791796
5629.955928961748 1.4694869252896914
5639.968333333334 1.4294420698509696
5649.980737704918 1.2530106775446523
5659.993142076502 1.1469828216671272
5670.005546448088 1.394679104841462
5680.0179508196725 1.2444865189904275
5690.030355191257 1.045196730103525
5700.042759562842 1.0
5710.055163934427 0.9480424501470803
5720.067568306011 1.0947977442264873
5730.079972677595 1.1898880239229006
5740.092377049181 1.3878045212982075
5750.104781420765 1.1204921096682972
5760.117185792349 1.0272057987030927
5770.129590163935 1.1458289317579755
5780.141994535519 1.0921161690855015
5790.154398907103 1.167086509239245
5800.166803278689 1.296565958622483
5810.179207650273 1.3092749995937008
5820.1916120218575 1.149323105426533
5830.204016393443 1.1193707237002486
5840.216420765028 1.0423688872275763
5850.228825136612 1.1307958589979035
5860.241229508198 1.2755034047878304
5870.253633879782 1.2268125010157482
5880.266038251366 1.1116185337472169
5890.278442622951 1.0329589962782988
5900.290846994536 1.1013472883587134
5910.30325136612 1.1030537452666136
5920.315655737704 1.1241975589540232
5930.32806010929 1.2019632380426126
5940.340464480874 1.1643236742455023
5950.352868852458 1.1722383839040484
5960.365273224044 1.1912206855081178
5970.3776775956285 1.3206351270091496
5980.390081967213 1.359022281451626
5990.402486338799 1.2370512424631486
6000.414890710383 1.1275454648876175
6010.427295081967 1.2489639368773462
6020.439699453553 1.2141197120150817
6030.452103825137 1.298418683265346
6040.464508196721 1.270026490711999
6050.476912568306 1.2810778306869708
6060.489316939891 1.0129121906031107
6070.501721311475 1.0134891355576865
6080.51412568306 1.2573824576229866
6090.526530054645 1.1704506671433912
6100.538934426229 1.1725146674034226
6110.5513387978135 1.3430303424290195
6120.5637431693995 1.2653784271342898
6130.576147540984 1.1497944125725243
6140.588551912568 1.1019811152102192
6150.600956284154 1.1002421543612162
6160.613360655738 1.0694771741073603
6170.625765027322 1.0848840421901156
6180.638169398908 1.1310721424972778
6190.650573770492 1.181965188279079
6200.662978142076 0.9122881149339358
6210.675382513662 1.1472266012253987
6220.687786885246 1.0157969153759894
6230.70019125683 1.235442297378557
6240.712595628415 1.1326160796996636
6250.725 1.1784628886252457
6260.7374043715845 1.213030829988136
6270.749808743169 1.2078301994116787
6280.762213114755 1.3270058994653102
6290.774617486339 1.0136516552632007
6300.787021857923 1.2894800994620599
6310.799426229509 1.1489411841185742
6320.811830601093 1.141863450943427
6330.824234972677 1.1053615250849165
6340.836639344263 1.0272870585558498
6350.849043715847 1.218556499975622
6360.861448087431 1.2544896068648324
6370.873852459017 1.1871901968113634
6380.886256830601 1.2659147421624872
6390.898661202185 1.1875639921340462
6400.911065573771 1.211779428255676
6410.9234699453555 1.008857323950529
6420.93587431694 1.149095577838813
6430.948278688525 1.2447384245339748
6440.96068306011 1.073393899010255
6450.973087431694 1.1417821910906698
6460.985491803278 1.1457801758463213
6470.997896174864 1.112041084981554
6481.010300546448 1.145503892346947
6491.022704918032 1.1812094716484371
6501.035109289618 1.0485121320960167
6511.047513661202 1.0095236547431377
6521.059918032786 1.055532983374234
6531.072322404372 0.9243633290536478
6541.084726775956 0.9908826445206481
6551.0971311475405 0.7217500121889778
6561.109535519126 0.8299231281792917
6571.121939890711 0.9128813118590628
6581.134344262295 0.9730704847962816
6591.146748633881 0.7855552485738895
6601.159153005465 0.7330776356633242
6611.171557377049 0.7611610407761942
6621.183961748634 0.858624108173116
6631.196366120219 0.9786936666070761
6641.208770491803 0.8408444523898523
6651.221174863387 0.8941996717101949
6661.233579234973 0.9816515252474362
6671.245983606557 0.9434593944515772
6681.258387978141 0.9762883749654645
6691.270792349727 0.9249321480229478
6701.2831967213115 1.0616437243015715
6711.295601092896 1.1632022882774535
6721.3080054644815 1.0104987729762234
6731.320409836066 1.0154718759649608
6741.33281420765 1.0263281922933156
6751.345218579236 1.1411971201508182
6761.35762295082 1.182444621410346
6771.370027322404 1.0795046399375923
6781.38243169399 1.1570752953795647
6791.394836065574 1.169995611967951
6801.407240437158 1.06037607059856
6811.419644808743 1.063171409533406
6821.432049180328 1.176033219027807
6831.444453551912 1.2378313370496172
6841.4568579234965 1.133542442021095
6851.469262295082 1.0708910955453348
6861.481666666667 1.093530090523476
6871.494071038251 1.0273520664380555
6881.506475409837 1.1393281435374039
6891.518879781421 1.1182005818205456
6901.531284153005 0.946173473533666
6911.543688524591 0.996863369683574
6921.556092896175 1.0251905543547155
6931.568497267759 0.9323918025060538
6941.580901639345 0.9382750158456712
6951.593306010929 0.9559165298792478
6961.605710382513 0.9956282199216654
6971.618114754099 1.0787082933805725
6981.630519125683 1.201751962425444
6991.6429234972675 1.0143342380263607
7001.6553278688525 1.1054590369082251
7011.6677322404375 1.099819603126879
7021.680136612022 1.1022086427979392
7031.692540983606 0.8979051209959207
7041.704945355192 0.9978872438283142
7051.717349726776 0.8659374949212592
7061.72975409836 0.97191659488713
7071.742158469946 0.9726154296208416
7081.75456284153 1.0810973330516325
7091.766967213114 0.9575823568607693
7101.7793715847 0.9291901643074222
7111.791775956284 0.8979376249370236
7121.804180327868 0.8874225999902488
7131.816584699454 0.7821423347580894
7141.828989071038 0.9095090279696413
7151.841393442623 1.0774731436186638
7161.8537978142085 0.8159464335050625
7171.866202185793 0.8847572768198143
7181.878606557377 1.0191448213095837
7191.891010928962 0.8988477352879037
7201.903415300547 0.8412182477125351
7211.915819672131 0.8283710649916303
7221.928224043715 0.8060977393508962
7231.940628415301 0.7714972940469031
7241.953032786885 0.8739009604914596
7251.965437158469 0.7908371390031042
7261.977841530055 0.8830995758235686
7271.990245901639 0.9437844338626058
7282.0026502732235 0.7955014545513643
7292.015054644809 0.8615332109018218
7302.027459016394 0.9448245599778973
7312.039863387978 0.8810680795046398
7322.052267759564 0.9436544180981944
7332.064672131148 1.0030228665225658
7342.077076502732 0.828289805138873
7352.089480874317 0.8916156083925176
7362.101885245902 0.9419967171019485
7372.114289617486 0.9166923989533731
7382.126693989071 0.8608506281386618
7392.139098360656 0.8066990622612992
7402.15150273224 0.8902829468073004
7412.163907103824 0.8527571468040499
7422.17631147541 0.9652695389315954
7432.1887158469945 0.8430709723553981
7442.201120218579 0.8784840161869627
7452.2135245901645 1.0392810128228047
7462.225928961749 0.8581934309535031
7472.238333333333 0.8017747151842161
7482.250737704919 0.7362955258325071
7492.263142076503 0.8608831320797647
7502.275546448087 0.7899595325933269
7512.287950819673 0.3973119240707936
7522.300355191257 1.2737644439388276
7532.312759562841 0.800978368627196
7542.325163934426 0.8470689571110498
7552.337568306011 0.9655295704604182
7562.349972677595 0.7583819538118998
7572.36237704918 0.7416099202028246
7582.374781420765 0.8220571744323999
7592.38718579235 0.684809283125579
7602.399590163935 0.5974549414116461
7612.41199453552 0.7125839007979717
7622.424398907104 0.6444881441874827
7632.436803278689 0.575043474021225
7642.449207650274 0.7474281256602363
7652.461612021858 0.5927093660106287
7662.474016393442 0.7029952381726283
7672.486420765027 0.6373860330565081
7682.498825136612 0.8054151565877362
7692.511229508196 0.8881864426061659
7702.523633879781 0.8097056768133135
7712.536038251366 0.845606279761421
7722.5484426229505 0.8261039150997058
7732.5608469945355 0.7938925094667728
7742.5732513661205 0.8576327379694787
7752.585655737705 0.8223497099023256
7762.59806010929 0.7425362825242561
7772.610464480875 0.7945913442004843
7782.622868852459 0.7645902065625457
7792.635273224044 0.8436235393541467
7802.647677595629 0.859761746111716
7812.660081967213 0.8064390307324764
7822.672486338798 0.9215517381482504
7832.684890710383 0.7589832767223025
7842.697295081967 0.8647023451593505
7852.709699453551 0.8459069412166225
7862.722103825136 0.8135898977751052
7872.734508196721 0.6989159935642197
7882.746912568306 0.6355495603841965
7892.759316939891 0.7122263574458402
7902.771721311476 0.8757374331637711
7912.78412568306 0.7410248492629731
7922.796530054645 0.7414311485267588
7932.80893442623 0.6490874518535372
7942.821338797814 0.8052038809705677
7952.833743169399 0.7260405324145551
7962.846147540984 0.7795420194698607
7972.858551912568 0.748777039216005
7982.870956284153 0.7035315532008256
7992.883360655738 0.7658091043539029
8002.895765027322 0.8531796980383871
8012.908169398907 0.7479156847767792
8022.920573770492 0.667435926606101
8032.9329781420765 0.7861240675431896
8042.945382513661 0.7968178641660301
8052.957786885246 0.8092506216378735
8062.970191256831 0.6993385447985567
8072.982595628415 0.8488566738717068
8082.995 0.8038712193853504
8093.007404371585 0.7364742975085729
8103.019808743169 0.8568038874713559
8113.032213114754 0.760819749394614
8123.044617486339 0.6981846548894054
8133.057021857923 0.8297931124148803
8143.069426229508 0.7856527603971981
8153.081830601093 0.8259901513058457
8163.094234972677 0.6956818514244851
8173.1066393442625 0.6695811867188897
8183.1190437158475 0.828232923241943
8193.131448087432 0.8432822479725666
8203.143852459016 0.8420145942695552
8213.156256830602 0.7488908030098649
8223.168661202186 0.7941850449366986
8233.18106557377 0.7242203117127951
8243.193469945356 0.7883668394792869
8253.20587431694 0.7599258910142855
8263.218278688524 0.7820285709642293
8273.230683060108 0.8142399765971624
8283.243087431694 0.7908858949147584
8293.255491803278 0.8950447741788692
8303.267896174864 0.7444215111082219
8313.280300546448 0.7435764086395475
8323.292704918033 0.7529050397360679
8333.305109289617 0.7632087890656742
8343.317513661203 0.7889356584485868
8353.329918032787 0.8217321350213712
8363.342322404373 0.7708878451512244
8373.354726775957 0.7502072126245307
8383.367131147541 0.777770554679755
8393.379535519125 0.70699322292828
8403.39193989071 0.6869382912678161
8413.404344262295 0.749800913360745
8423.41674863388 0.7857177682794039
8433.429153005465 0.8409744681542637
8443.44155737705 0.7395621719133445
8453.453961748633 0.8431522322081552
8463.466366120218 0.6454957663616713
8473.478770491804 0.8020997545952445
8483.491174863388 0.6978352375225496
8493.503579234974 0.6914563390811136
8503.515983606558 0.7930474069980984
8513.528387978142 0.7343127854252328
8523.540792349726 0.5773024979278737
8533.553196721312 0.8062927629975134
8543.565601092896 0.8359363572833206
8553.578005464482 0.8281029074775316
8563.590409836066 0.7079520891908143
8573.60281420765 0.9090539727942012
8583.615218579234 0.7907721311208984
8593.627622950818 0.8221871901968114
8603.640027322404 0.7580081584892169
8613.652431693989 0.7530106775446522
8623.664836065574 0.703174009848694
8633.677240437159 0.7291771627309811
8643.689644808743 0.8492304691943897
8653.702049180327 0.7876355008044725
8663.714453551913 0.8996278298743722
8673.726857923497 0.8529521704506672
8683.739262295083 0.7946563520826899
8693.751666666667 0.7059205928718858
8703.764071038251 0.6566283661894005
8713.776475409835 0.7348816043945328
8723.788879781421 0.6630966504688693
8733.801284153005 0.8059677235864848
8743.813688524591 0.8205863710974955
8753.826092896175 0.6790885894914758
8763.83849726776 0.6735629195039898
8773.850901639344 0.6939916464871365
8783.863306010928 0.7389608490029416
8793.875710382514 0.6844517397734475
8803.888114754098 0.6822089678373503
8813.900519125684 0.723911524272318
8823.912923497268 0.6327542214493508
8833.925327868852 0.6573597048642148
8843.937732240436 0.6255545984950674
8853.950136612022 0.5957322325331946
8863.962540983606 0.5540784320098812
8873.974945355192 0.7419187076433016
8883.987349726776 0.6453494986267084
8893.99975409836 0.6592936893598349
8904.012158469945 0.5142611041588793
8914.02456284153 0.6541418146950319
8924.036967213115 0.9141733435179015
8934.0493715847 0.7256179811802181
8944.061775956285 0.6559620353967919
8954.074180327869 0.8387642001592692
8964.086584699453 0.7074970340153743
8974.098989071037 0.6458370577432514
8984.111393442623 0.6268872600802847
8994.123797814207 0.533974744437763
