3507.3265938069217 -3.2879546212879545
3517.3397814207656 -0.7741074407741074
3527.3529690346086 -8.926926926926928
3537.3661566484516 -2.7930597263930594
3547.3793442622955 -6.146746746746747
3557.3925318761385 -3.564230897564231
3567.405719489982 -0.98324991658325
3577.4189071038254 -9.643643643643644
3587.4320947176684 -0.913646980313647
3597.4452823315123 -4.976242909576243
3607.4584699453553 -3.869336002669336
3617.4716575591983 -1.5865865865865867
3627.4848451730422 2.2527193860527195
3637.4980327868852 -4.111711711711712
3647.511220400729 -2.554954954954955
3657.524408014572 -1.1880547213880548
3667.537595628415 0.9144477811144479
3677.550783242259 -0.13773773773773773
3687.563970856102 -0.9713046379713047
3697.5771584699455 -0.48274274274274276
3707.590346083789 -3.16996996996997
3717.603533697632 0.038661995328662
3727.616721311476 -0.39835835835835837
3737.629908925319 -0.2510043376710044
3747.6430965391623 -2.5607607607607608
3757.656284153006 1.6899566232899568
3767.669471766849 3.2164164164164166
3777.6826593806923 0.9781114447781115
3787.6958469945357 2.972272272272272
3797.7090346083787 0.30452452452452455
3807.7222222222226 -2.0940273606940276
3817.7354098360656 2.098431765098432
3827.748597449909 1.253853853853854
3837.7617850637525 1.0082082082082082
3847.7749726775955 0.6770770770770771
3857.7881602914395 0.3363296629963297
3867.8013479052825 -0.5483016349683016
3877.814535519126 2.1191858525191862
3887.8277231329694 1.4445779112445778
3897.8409107468124 0.8114114114114114
3907.854098360656 1.2992992992992993
3917.8672859744993 2.222022022022022
3927.8804735883423 2.13677010343677
3937.893661202186 0.5026893560226894
3947.906848816029 2.4391057724391056
3957.9200364298727 1.5127127127127127
3967.933224043716 1.8392392392392394
3977.946411657559 0.6941608274941609
3987.959599271403 -0.13534200867534202
3997.972786885246 0.15877877877877877
4007.9859744990895 1.2856189522856192
4017.999162112933 1.5446112779446113
4028.012349726776 1.2715382048715382
4038.0255373406194 1.4727394060727395
4048.038724954463 0.482696029362696
4058.051912568306 0.2854521187854521
4068.0651001821498 0.5482982982982983
4078.0782877959928 0.7100433767100435
4088.091475409836 -0.11603603603603604
4098.10466302368 0.851317984651318
4108.117850637524 1.3110443777110443
4118.131038251366 1.285085085085085
4128.14422586521 1.3604938271604938
4138.1574134790535 2.3322655989322656
4148.170601092896 1.3309976643309978
4158.1837887067395 1.107907907907908
4168.196976320583 2.741274607941275
4178.210163934426 2.411011011011011
4188.223351548269 2.4918251584918254
4198.236539162113 2.715915915915916
4208.249726775956 2.5702702702702704
4218.262914389799 2.352018685352019
4228.276102003643 3.065532198865532
4238.289289617487 2.0264931598264933
4248.302477231329 2.291825158491825
4258.315664845173 2.6386386386386387
4268.328852459017 1.641041041041041
4278.342040072859 2.1775775775775776
4288.355227686703 2.414814814814815
4298.368415300547 1.522188855522189
4308.38160291439 2.6124791458124794
4318.394790528233 2.487087087087087
4328.407978142077 2.771438104771438
4338.42116575592 2.8609275942609274
4348.434353369763 2.6905238571905237
4358.447540983607 2.0865532198865533
4368.460728597451 2.4870203536870203
4378.473916211293 1.318918918918919
4388.487103825137 2.4847514180847514
4398.500291438981 2.627560894227561
4408.513479052823 2.473606940273607
4418.526666666667 2.1003670337003673
4428.539854280511 1.7113113113113114
4438.553041894354 1.9987320653987322
4448.566229508197 2.08355021688355
4458.5794171220405 2.578912245578912
4468.592604735884 2.3633633633633635
4478.6057923497265 1.828561895228562
4488.61897996357 2.2478812145478813
4498.632167577414 1.984517851184518
4508.645355191256 2.470403737070404
4518.6585428051 2.6102102102102105
4528.671730418944 2.2594594594594595
4538.684918032786 2.4507841174507843
4548.69810564663 1.6746746746746748
4558.711293260474 0.857857857857858
4568.724480874317 1.6565899232565902
4578.73766848816 1.6204204204204204
4588.750856102004 1.584517851184518
4598.764043715848 1.8763430096763432
4608.77723132969 1.1427427427427428
4618.790418943534 0.9151818485151818
4628.803606557378 1.1150483817150485
4638.81679417122 1.078345011678345
4648.829981785064 1.3460126793460128
4658.843169398908 1.0649315982649317
4668.85635701275 1.9805805805805807
4678.869544626594 1.61675008341675
4688.882732240438 1.2159492826159493
4698.895919854281 1.5588254921588256
4708.909107468124 1.5625625625625625
4718.922295081968 1.622555889222556
4728.9354826958115 1.475342008675342
4738.948670309654 1.493893893893894
4748.9618579234975 1.6845512178845514
4758.975045537341 1.7232565899232566
4768.9882331511835 2.075575575575576
4779.001420765027 2.321588254921588
4789.014608378871 1.8587921254587922
4799.027795992713 1.647781114447781
4809.040983606557 1.9415415415415418
4819.054171220401 2.002936269602936
4829.067358834244 2.0724724724724726
4839.080546448087 2.274607941274608
4849.093734061931 2.064064064064064
4859.106921675775 2.3047047047047045
4869.120109289617 1.8830830830830831
4879.133296903461 1.8486486486486486
4889.146484517305 1.9567567567567568
4899.159672131147 1.9486820153486821
4909.172859744991 1.8420754087420754
4919.186047358835 1.4963630296963633
4929.199234972677 2.0997664330997665
4939.212422586521 2.724124124124124
4949.225610200365 2.1582916249582915
4959.238797814208 1.9008341675008342
4969.251985428051 2.147947947947948
4979.265173041895 1.8475141808475142
4989.278360655739 1.7988655321988658
4999.291548269581 1.5681014347681015
5009.304735883425 1.8592592592592592
5019.317923497269 1.7364698031364698
5029.331111111111 2.1781114447781116
5039.344298724955 1.7336002669336004
5049.3574863387985 1.517283950617284
5059.370673952641 1.553953953953954
5069.3838615664845 1.4547213880547214
5079.397049180328 1.4186186186186187
5089.410236794171 1.47987987987988
5099.423424408014 1.0695362028695363
5109.436612021858 1.2226226226226227
5119.449799635702 1.321388054721388
5129.462987249544 1.4720053386720053
5139.476174863388 1.5001001001001002
5149.489362477232 1.1555555555555557
5159.502550091074 1.2252252252252254
5169.515737704918 1.3224557891224558
5179.528925318762 1.5023690357023691
5189.542112932604 1.0451451451451452
5199.555300546448 0.7115115115115116
5209.568488160292 0.9400734067400734
5219.581675774135 1.3308641975308642
5229.594863387978 1.32645979312646
5239.608051001822 1.5841174507841176
5249.621238615666 1.3038371705038372
5259.634426229508 1.0015348682015348
5269.647613843352 1.698365031698365
5279.660801457196 1.2807474140807475
5289.673989071038 1.6915582248915584
5299.687176684882 1.482882882882883
5309.700364298726 1.0266266266266266
5319.713551912568 1.2143476810143479
5329.726739526412 1.2256589923256591
5339.7399271402555 1.1430764097430766
5349.7531147540985 0.623656990323657
5359.7663023679415 0.8429095762429095
5369.779489981785 0.9103770437103771
5379.792677595629 1.1899232565899232
5389.805865209471 1.2277610944277613
5399.819052823315 1.1956623289956625
5409.832240437159 0.6812812812812813
5419.845428051001 1.1102435769102437
5429.858615664845 1.2659325992659327
5439.871803278689 1.5240573907240573
5449.884990892531 1.6349683016349685
5459.898178506375 1.5101101101101102
5469.911366120219 1.2401735068401736
5479.924553734062 1.728661995328662
5489.937741347905 1.783717050383717
5499.950928961749 1.975508842175509
5509.964116575593 2.1472806139472804
5519.977304189435 1.7686353019686354
5529.990491803279 1.608475141808475
5540.003679417123 2.013146479813147
5550.016867030965 1.667067067067067
5560.030054644809 1.8482482482482483
5570.043242258653 1.7904571237904572
5580.056429872495 0.9182515849182515
5590.069617486339 1.6231564898231567
5600.082805100183 1.5430764097430765
5610.095992714026 1.532465799132466
5620.109180327869 1.5853520186853522
5630.122367941713 1.7887220553887222
5640.1355555555565 1.8201534868201537
5650.148743169399 1.6018685352018684
5660.1619307832425 1.4246246246246246
5670.175118397086 1.2776109442776111
5680.1883060109285 1.5052385719052386
5690.201493624772 1.3460126793460128
5700.214681238616 1.4055388722055389
5710.227868852458 1.7655655655655658
5720.241056466302 1.480814147480814
5730.254244080146 1.7370036703370038
5740.267431693989 1.5909242575909242
5750.280619307832 1.5552886219552886
5760.293806921676 1.7911911911911913
5770.30699453552 1.6061394728061396
5780.320182149362 1.6334334334334337
5790.333369763206 2.199265932599266
5800.34655737705 1.630563897230564
5810.359744990892 1.9703703703703703
5820.372932604736 1.5632298965632299
5830.38612021858 1.6103436770103436
5840.399307832422 1.6933600266933602
5850.412495446266 1.3382048715382049
5860.42568306011 1.6797464130797466
5870.438870673953 1.2417083750417084
5880.452058287796 1.3551551551551553
5890.46524590164 1.62002002002002
5900.478433515484 1.2032032032032032
5910.491621129326 1.848848848848849
5920.50480874317 1.713646980313647
5930.5179963570135 1.5781781781781783
5940.531183970856 1.900166833500167
5950.5443715847 1.7895895895895897
5960.5575591985435 1.8580580580580581
5970.570746812386 1.6471805138471807
5980.5839344262295 1.7617617617617618
5990.597122040073 1.5785785785785786
6000.610309653916 1.4684684684684686
6010.623497267759 1.7810477143810477
6020.636684881603 1.625825825825826
6030.649872495447 1.6612612612612612
6040.663060109289 1.654320987654321
6050.676247723133 1.89315982649316
6060.689435336977 1.5030363697030364
6070.702622950819 1.7307974641307975
6080.715810564663 1.2147480814147482
6090.728998178507 1.904170837504171
6100.742185792349 1.3769102435769103
6110.755373406193 1.434034034034034
6120.768561020037 1.5694361027694361
6130.78174863388 1.5919919919919923
6140.794936247723 1.5079079079079079
6150.808123861567 1.64310977644311
6160.821311475411 1.663797130463797
6170.834499089253 1.4847514180847514
6180.847686703097 1.4220553887220553
6190.860874316941 1.258324991658325
6200.874061930783 1.4731398064731398
6210.887249544627 1.6453787120453787
6220.900437158471 1.7440106773440107
6230.913624772313 1.3936603269936605
6240.926812386157 1.6279612946279611
6250.9400000000005 1.618818818818819
6260.9531876138435 1.8472472472472474
6270.9663752276865 1.5558892225558894
6280.97956284153 1.7650316983650316
6290.992750455374 1.662328995662329
6301.005938069216 1.4006673340006675
6311.01912568306 1.9921921921921923
6321.032313296904 1.4144144144144144
6331.045500910746 1.9378712045378714
6341.05868852459 1.4298965632298966
6351.071876138434 1.5313313313313315
6361.085063752276 1.3941274607941276
6371.09825136612 1.4655321988655323
6381.111438979964 1.5533533533533534
6391.124626593807 1.5368702035368702
6401.13781420765 1.5751084417751084
6411.151001821494 1.4880213546880214
6421.164189435338 1.4163496830163496
6431.17737704918 1.3525525525525528
6441.190564663024 1.5015015015015016
6451.203752276868 1.364764764764765
6461.21693989071 1.5400066733400068
6471.230127504554 1.3935935935935935
6481.243315118398 1.6389723056389724
6491.25650273224 1.2128795462128794
6501.269690346084 1.3550884217550887
6511.282877959928 1.2921588254921588
6521.296065573771 1.005271938605272
6531.309253187614 0.7491491491491492
6541.322440801458 0.7247914581247915
6551.3356284153015 0.9921254587921254
6561.348816029144 0.34958291624958293
6571.3620036429875 0.9621621621621622
6581.375191256831 0.7136469803136469
6591.3883788706735 0.4844844844844845
6601.401566484517 0.29210543877210543
6611.414754098361 0.560960960960961
6621.427941712203 0.5618752085418752
6631.441129326047 0.8637971304637971
6641.454316939891 0.6131398064731398
6651.467504553734 0.7694361027694362
6661.480692167577 0.846046046046046
6671.493879781421 1.0689356022689356
6681.507067395265 1.115115115115115
6691.520255009107 0.8306306306306306
6701.533442622951 0.8859526192859526
6711.546630236795 1.1385385385385385
6721.559817850637 1.048048048048048
6731.573005464481 1.1313313313313313
6741.586193078325 0.9783783783783784
6751.599380692167 1.045045045045045
6761.612568306011 1.0760093426760093
6771.625755919855 0.9079746413079747
6781.638943533698 1.0
6791.652131147541 0.9963963963963965
6801.665318761385 1.0164164164164164
6811.678506375229 1.2083416750083418
6821.691693989071 0.844044044044044
6831.704881602915 1.1042375709042376
6841.7180692167585 0.7488154821488155
6851.731256830601 0.8853520186853521
6861.7444444444445 1.072872872872873
6871.757632058288 0.8003336670003337
6881.7708196721305 1.0085418752085418
6891.784007285974 0.8244244244244245
6901.797194899818 0.9892559225892559
6911.810382513661 0.9466800133466801
6921.823570127504 0.7129129129129129
6931.836757741348 0.9847847847847848
6941.849945355192 0.9782449115782449
6951.863132969034 0.991991991991992
6961.876320582878 0.9106439773106441
6971.889508196722 1.020820820820821
6981.902695810564 1.0365031698365033
6991.915883424408 0.8653319986653321
7001.929071038252 0.9107774441107774
7011.942258652094 0.6876876876876877
7021.955446265938 0.7347013680347014
7031.968633879782 0.915915915915916
7041.981821493625 0.5795729062395729
7051.995009107468 0.7646312979646313
7062.008196721312 0.8206873540206874
7072.021384335156 0.8119452786119452
7082.034571948998 0.7887220553887221
7092.047759562842 1.084818151484818
7102.060947176686 0.581941941941942
7112.074134790528 0.938405071738405
7122.087322404372 0.5949616282949616
7132.100510018216 0.47879879879879883
7142.113697632058 0.7738405071738406
7152.126885245902 0.6620553887220554
7162.1400728597455 0.5674641307974642
7172.1532604735885 0.6222155488822156
7182.1664480874315 1.008008008008008
7192.179635701275 0.7417417417417417
7202.192823315119 0.6199332665999333
7212.206010928961 0.6741408074741408
7222.219198542805 0.7005672339005673
7232.232386156649 0.647374040707374
7242.245573770491 0.16571905238571905
7252.258761384335 0.5085085085085085
7262.271948998179 0.7175842509175843
7272.285136612021 0.44998331664998337
7282.298324225865 0.6819486152819486
7292.311511839709 0.21296629963296632
7302.324699453552 0.6942275608942275
7312.337887067395 0.6083583583583584
7322.351074681239 0.5596196196196196
7332.364262295083 0.5849783116449783
7342.377449908925 0.6366232899566233
7352.390637522769 0.563963963963964
7362.403825136613 0.8217550884217552
7372.417012750455 0.42840173506840173
7382.430200364299 0.4747347347347347
7392.443387978143 0.718651985318652
7402.456575591985 0.5945879212545879
7412.469763205829 0.5828561895228562
7422.482950819673 0.3997397397397398
7432.496138433516 0.5476676676676676
7442.509326047359 0.8149482816149484
7452.5225136612025 0.48235902569235906
7462.535701275046 0.1245578912245579
7472.5488888888885 0.49608274941608277
7482.562076502732 0.46481815148481814
7492.575264116576 0.5326326326326327
7502.5884517304185 0.5781181181181182
7512.601639344262 1.1623623623623625
7522.614826958106 2.5468134801468136
7532.628014571948 1.2316983650316984
7542.641202185792 0.46551885218551886
7552.654389799636 0.516262929596263
7562.667577413479 0.4564698031364698
7572.680765027322 0.5307574240907574
7582.693952641166 0.4917851184517852
7592.70714025501 0.5754454454454455
7602.720327868852 1.3340674007340676
7612.733515482696 1.0448448448448449
7622.74670309654 0.37977310643977313
7632.759890710383 0.05195528862195529
7642.773078324226 0.7715715715715715
7652.78626593807 1.4432432432432434
7662.799453551913 0.4419352686019353
7672.812641165756 0.5029162495829163
7682.8258287796 0.6096229562896229
7692.839016393443 0.49926593259926594
7702.852204007286 0.32696029362696033
7712.86539162113 0.3070537203870537
7722.878579234973 0.26629963296629966
7732.891766848816 0.4040407073740408
7742.90495446266 0.49863863863863866
7752.9181420765035 0.46937604270937605
7762.9313296903465 0.6834167500834167
7772.9445173041895 0.6912245578912246
7782.957704918033 0.37729729729729733
7792.970892531876 0.5412145478812146
7802.984080145719 0.519693026359693
7812.997267759563 0.3793593593593594
7823.010455373406 0.44479813146479813
7833.023642987249 0.40324991658324993
7843.036830601093 0.6104971638304972
7853.050018214936 0.18729396062729398
7863.063205828779 0.4021554888221555
7873.076393442623 0.6492592592592593
7883.089581056467 0.3889089089089089
7893.10276867031 0.5940874207540875
7903.115956284153 0.38613947280613947
7913.129143897997 0.29293960627293963
7923.14233151184 0.3508041374708042
7933.155519125683 0.4860326993660327
7943.168706739527 0.6866866866866866
7953.18189435337 0.06408408408408409
7963.195081967213 0.4408541875208542
7973.208269581057 0.33500166833500167
7983.2214571949 0.28245578912245584
7993.234644808743 0.2821154487821155
8003.247832422587 0.08355021688355023
8013.261020036431 0.2564397731064398
8023.274207650274 0.38702035368702037
8033.287395264117 0.39492158825492163
8043.300582877961 0.19658992325658994
8053.313770491804 0.3637637637637638
8063.326958105647 0.13608274941608275
8073.3401457194905 0.13466132799466132
8083.3533333333335 0.4034367701034368
8093.3665209471765 0.10926926926926928
8103.37970856102 -0.07495495495495497
8113.392896174863 0.1292425759092426
8123.406083788706 0.2401534868201535
8133.41927140255 0.4633033033033033
8143.432459016394 0.20455121788455125
8153.445646630237 0.5384351017684351
8163.45883424408 0.20849516182849517
8173.472021857924 0.14982982982982984
8183.485209471767 0.23861861861861863
8193.49839708561 -0.15265932599265933
8203.511584699454 0.021568902235568906
8213.524772313296 0.25910577243910576
8223.53795992714 0.1683817150483817
8233.551147540984 0.06321721721721722
8243.564335154828 0.5193860527193861
8253.57752276867 0.3152285618952286
8263.590710382514 -0.0037563563563563565
8273.603897996358 0.125331998665332
8283.6170856102 0.5450183516850184
8293.630273224044 0.6353386720053387
8303.643460837888 0.3843043043043043
8313.656648451732 0.3584851518184851
8323.669836065574 0.41270603937270606
8333.683023679418 0.1936403069736403
8343.69621129326 -0.35578244911578244
8353.709398907104 -0.046664664664664665
8363.722586520948 0.3038838838838839
8373.735774134791 0.28216216216216217
8383.748961748634 0.23197864531197865
8393.762149362477 0.408968968968969
8403.775336976321 0.36790123456790125
8413.788524590163 0.15817817817817817
8423.801712204007 0.4398398398398399
8433.814899817851 0.398365031698365
8443.828087431695 0.43969302635969304
8453.841275045537 0.24852852852852853
8463.854462659381 0.6609476142809476
8473.867650273223 0.4443843843843844
8483.880837887067 0.39333333333333337
8493.894025500911 0.4836036036036036
8503.907213114755 0.3522389055722389
8513.920400728597 0.29578244911578244
8523.933588342441 0.32298965632298965
8533.946775956285 0.31777777777777777
8543.959963570127 0.273973973973974
8553.973151183971 0.15025692359025694
8563.986338797815 0.6402535869202537
8573.999526411659 0.6661661661661662
8584.0127140255 0.2671805138471805
8594.025901639345 0.2736936936936937
8604.039089253187 0.2377711044377711
8614.05227686703 0.36257590924257593
8624.065464480875 0.18345679012345678
8634.078652094719 0.15596262929596263
8644.09183970856 0.5416683350016683
8654.105027322405 -0.030965632298965633
8664.118214936248 0.23352018685352022
8674.13140255009 0.3437971304637971
8684.144590163934 0.174627961294628
8694.157777777778 0.35814481147814486
8704.170965391622 0.26179512846179515
8714.184153005464 0.19269936603269938
8724.197340619308 0.3658391725058392
8734.21052823315 0.26432432432432434
8744.223715846994 0.421961961961962
8754.236903460838 0.14103436770103436
8764.250091074682 0.5742142142142143
8774.263278688524 0.37406740073406747
8784.276466302368 0.20457791124457791
8794.289653916212 0.31075075075075076
8804.302841530054 0.06708708708708709
8814.316029143898 0.18499833166499835
8824.329216757742 0.7111778445111779
8834.342404371586 0.10609275942609277
8844.355591985428 0.20263596930263597
8854.368779599272 0.3118365031698365
8864.381967213114 0.2263063063063063
8874.395154826958 0.22847514180847517
8884.408342440802 0.31494828161494826
8894.421530054646 0.05534668001334668
8904.434717668488 0.14347013680347012
8914.447905282332 0.10454454454454454
8924.461092896176 0.10692692692692694
8934.474280510018 0.29733733733733736
8944.487468123862 0.5350617283950617
8954.500655737706 0.11484217550884218
8964.51384335155 0.5075675675675676
8974.527030965392 0.20378378378378378
8984.540218579235 0.2088888888888889
8994.553406193078 0.47746413079746414
