3507.325919854281 0.14664982004747684
3517.3377595628417 -1.246190366796845
3527.3495992714024 0.26057891109579595
3537.361438979964 -0.6484493452791178
3547.373278688525 -0.10859943334099088
3557.3851183970855 2.1347729535186457
3567.396958105647 0.9146948464660386
3577.408797814208 0.07128110881384486
3587.4206375227686 0.05734589172218393
3597.43247723133 -0.8406462975725554
3607.444316939891 0.4985756949230415
3617.4561566484517 3.0464813538555786
3627.467996357013 1.0804808944023279
3637.479836065574 1.124243816525002
3647.491675774135 0.9457079408836818
3657.503515482696 1.857110039053526
3667.515355191257 -0.04326594685657401
3677.527194899818 0.27836740944942184
3687.5390346083786 1.3242974194042423
3697.5508743169403 1.9699823876253924
3707.562714025501 1.44115169614825
3717.5745537340617 3.2906807565663523
3727.5863934426234 0.8846006585496592
3737.598233151184 2.2997932460372157
3747.610072859745 1.4565433800444136
3757.6219125683065 0.3165862623478061
3767.633752276867 0.8124282104295888
3777.645591985428 1.6032621180794855
3787.6574316939896 0.3501569798606325
3797.6692714025503 1.4919978558848301
3807.681111111111 1.8944023278964697
3817.6929508196727 2.415422314112872
3827.7047905282334 2.798759476223294
3837.716630236794 0.9990810934987364
3847.7284699453553 1.1218316869591853
3857.7403096539165 0.04590167700436481
3867.752149362477 0.3258595604563902
3877.7639890710384 1.7469178344436784
3887.7758287795996 1.4379355233938278
3897.7876684881603 0.9354468182862393
3907.7995081967215 0.7264530209051229
3917.8113479052827 1.0487020445669653
3927.8231876138434 0.061898307680526836
3937.835027322404 0.053896929320774944
3947.8468670309658 0.9766444597595528
3957.8587067395265 0.41905965234704035
3967.870546448087 1.0460219006049467
3977.882386156649 0.6064400030630217
3987.8942258652096 0.6230568956275365
3997.9060655737703 1.793169461673941
4007.917905282332 1.512673252163259
4017.9297449908927 1.3602113484952905
4027.9415846994534 2.260509993108201
4037.953424408015 1.679033616662838
4047.965264116576 1.6431579753426755
4057.9771038251365 0.6188452408300789
4067.988943533698 0.7446818286239375
4078.000783242259 2.012711539934145
4088.0126229508196 2.5680373688643847
4098.024462659381 1.4729305459836128
4108.036302367942 2.0601118002909873
4118.048142076503 2.488705107588636
4128.059981785063 2.0124052377670574
4138.071821493625 1.1900604946779998
4148.083661202186 1.8502948158358221
4158.095500910747 2.286851979477755
4168.107340619308 2.6212956581667815
4178.119180327869 1.5776858871276511
4188.13102003643 1.6798376598514435
4198.142859744991 1.7587870434183321
4208.154699453552 2.3928325292901444
4218.166539162114 2.0332337851290294
4228.178378870674 2.0643234550884446
4238.190218579235 2.2640324680297113
4248.202058287796 1.7782372310284096
4258.2138979963565 2.1886055593843325
4268.225737704918 1.950608775557087
4278.23757741348 1.9541312504785968
4288.2494171220405 1.3658013630446435
4298.261256830601 1.8641549888965465
4308.273096539162 1.970441840876024
4318.284936247723 1.4028639252622712
4328.296775956284 1.7978405697220305
4338.308615664845 1.7596293743778235
4348.320455373407 2.0447201163948234
4358.3322950819675 1.6572478750287158
4368.344134790528 1.8274753043877783
4378.355974499089 2.1997855884830386
4388.367814207651 1.9112489470863003
4398.379653916211 2.2582893023968142
4408.391493624773 2.2468795466727927
4418.403333333334 1.8166781529979323
4428.415173041894 2.238609388161421
4438.427012750455 2.0206753962784285
4448.438852459017 1.6855808254843403
4458.4506921675775 1.9140056665900909
4468.462531876139 1.7322919059652346
4478.4743715847 2.3818822268167548
4488.486211293261 1.9503790489317712
4498.498051001821 1.1627996018071827
4508.509890710382 1.9924955969063478
4518.521730418944 1.3725400107205759
4528.533570127505 1.2412129565816679
4538.545409836066 1.2292671720652422
4548.557249544627 1.3716976797610843
4558.5690892531875 1.0554406922428976
4568.580928961748 1.1176966077034995
4578.59276867031 1.344666513515583
4588.6046083788715 1.6322076728692854
4598.616448087432 0.9737345891722184
4608.628287795993 1.702121142507083
4618.640127504554 1.5680373688643845
4628.651967213114 1.8031242821042957
4638.663806921676 0.8424075350333103
4648.675646630237 1.613063787426296
4658.687486338798 1.6176583199326133
4668.699326047359 1.5295964468948617
4678.71116575592 1.1343900758097862
4688.723005464481 1.509380503867065
4698.734845173041 1.4917681292595144
4708.746684881603 1.4920744314266023
4718.758524590165 1.7999846848916456
4728.770364298725 1.4144268320698368
4738.782204007286 1.4808944023278963
4748.794043715847 1.8441687724940654
4758.8058834244075 1.1847002067539627
4768.817723132969 1.5438394976644458
4778.829562841531 1.5097633815759246
4788.8414025500915 1.6525001914388542
4798.853242258652 1.3746841258901905
4808.865081967213 1.6623018607856648
4818.876921675774 1.715598437858948
4828.888761384335 1.3945171912091276
4838.900601092897 1.271919748832223
4848.912440801458 1.4130484723179415
4858.924280510018 1.3585266865763075
4868.936120218579 0.9859101003139598
4878.94795992714 1.4174898537407152
4888.9597996357015 1.3979630905888658
4898.971639344262 1.332184700206754
4908.983479052824 1.914082242131863
4918.995318761385 0.9504556244735431
4929.007158469945 1.377440845393981
4939.018998178506 1.5413890803277432
4949.030837887067 1.9049697526609999
4959.042677595628 1.3495673481889883
4969.05451730419 0.9767976108430967
4979.066357012751 1.1157822191592006
4989.0781967213115 1.501340071981009
4999.090036429872 1.795696454552416
5009.101876138433 1.4420706026495136
5019.113715846995 1.5274523317252469
5029.125555555556 1.5941496286086223
5039.137395264117 1.1666283788957807
5049.149234972678 0.9576537254001071
5059.1610746812385 1.2425147407917911
5069.172914389799 1.2092809556627613
5079.184754098361 1.200168466191898
5089.1965938069225 1.129489241136381
5099.208433515483 1.2163259055057813
5109.220273224044 1.1142124205528754
5119.232112932605 1.437858947852056
5129.243952641165 1.185925415422314
5139.255792349727 1.207749444827322
5149.267632058288 1.4211654797457691
5159.279471766849 1.1402098169844552
5169.29131147541 0.741457998315338
5179.303151183971 1.0398192817214182
5189.314990892532 1.208362049161498
5199.326830601093 0.7942415192587486
5209.338670309654 1.2137223370855348
5219.350510018216 0.8672945861091967
5229.362349726776 1.3565357224902366
5239.374189435337 1.202389156903285
5249.386029143898 1.1674707098552721
5259.3978688524585 0.8526686576307526
5269.40970856102 1.0723638869745005
5279.421548269582 1.0189141588176736
5289.4333879781425 1.109426449192128
5299.445227686703 1.5952216861934299
5309.457067395264 1.6397120759629376
5319.468907103825 1.0055134390075808
5329.480746812386 1.5587717283099778
5339.492586520948 1.2526227123056894
5349.504426229509 1.0944176430048242
5359.516265938069 1.3297342828700511
5369.52810564663 1.3282793475763839
5379.539945355191 1.3841412052990274
5389.5517850637525 1.4040891339306225
5399.563624772313 1.2113484952906042
5409.575464480875 0.6551343900758098
5419.587304189436 1.2814151160119458
5429.599143897996 1.1545294432958113
5439.610983606557 0.9782525461367639
5449.622823315119 0.9928018990734359
5459.634663023679 1.378053449728157
5469.646502732241 1.0148556551037597
5479.658342440802 1.293590627153687
5489.6701821493625 1.3366260816295275
5499.682021857923 1.177272379202083
5509.693861566484 1.1919748832222987
5519.705701275046 0.8819205145876406
5529.717540983607 1.3543916073206217
5539.729380692168 1.0319320009189064
5549.741220400729 1.4203997243280495
5559.753060109289 1.2996400949536717
5569.76489981785 1.1673175587717282
5579.776739526412 0.8275518799295505
5589.788579234973 1.3778237231028407
5599.800418943534 1.4787502871582816
5609.812258652095 0.8944023278964698
5619.824098360656 0.8913393062255914
5629.835938069216 1.4201699977027338
5639.847777777777 1.2451183092120375
5649.85961748634 1.164292824871736
5659.8714571949 1.4481200704494983
5669.883296903461 1.3431350026801439
5679.895136612022 1.333869362125737
5689.9069763205825 1.2070602649513744
5699.918816029143 1.260816295275289
5709.930655737706 1.1670878321464124
5719.942495446267 0.8865916226357301
5729.954335154827 1.3066084692549198
5739.966174863388 1.308139980090359
5749.978014571949 1.224289761850065
5759.9898542805095 1.3473466574776016
5770.001693989071 1.001837813002527
5780.013533697633 1.041963396891033
5790.0253734061935 1.399647752507849
5800.037213114754 1.2599739643157974
5810.049052823315 1.051075886361896
5820.060892531876 1.0845393981162414
5830.072732240437 0.8442453480358374
5840.084571948999 0.8298491461827093
5850.09641165756 1.264568496822115
5860.10825136612 1.2046098476146718
5870.120091074681 1.0173826479822343
5880.131930783242 1.0388237996783827
5890.143770491803 0.9601807182785818
5900.155610200365 1.0503101309441762
5910.167449908926 1.054828087908722
5920.179289617487 1.0883681752048395
5930.191129326047 1.1193046940807105
5940.202969034608 1.2594379355233938
5950.214808743169 0.9697526610000765
5960.226648451731 1.3193200091890651
5970.238488160292 1.2837889578068764
5980.250327868853 1.224136610766521
5990.2621675774135 1.1350026801439619
6000.274007285974 1.1941189983919134
6010.285846994535 1.4503407611608852
6020.297686703097 1.2228348265563977
6030.309526411658 1.1384485795237
6040.321366120219 1.3050003828777088
6050.33320582878 1.3058427138372002
6060.34504553734 1.2743701661689255
6070.356885245901 1.1896010414273681
6080.368724954463 1.3832605865686498
6090.380564663024 1.332337851290298
6100.392404371585 1.2566812160196033
6110.404244080146 1.2766674324220844
6120.416083788707 1.218776322842484
6130.427923497267 1.1826326671261198
6140.439763205828 1.0326211807948542
6150.451602914391 1.098246420093422
6160.463442622951 1.301018454705567
6170.475282331512 1.133318018224979
6180.487122040073 1.2120376751665518
6190.4989617486335 1.20062791944253
6200.510801457194 1.2363121219082625
6210.522641165757 1.1173137299946396
6220.5344808743175 1.2540010720575847
6230.546320582878 1.1010031395972126
6240.558160291439 0.9502258978482272
6250.57 1.2593613599816218
6260.58183970856 1.238839114786737
6270.593679417122 1.0977103913010184
6280.605519125684 1.2415192587487556
6290.617358834244 0.9813155678076423
6300.629198542805 0.8169844551650203
6310.641038251366 1.1886055593843325
6320.652877959927 0.9590703729228884
6330.664717668488 0.749705184164178
6340.67655737705 0.9996171222911401
6350.688397085611 1.0463282027720346
6360.700236794171 1.1115705643617428
6370.712076502732 0.9697526610000765
6380.723916211293 1.0202925185695688
6390.735755919854 1.0351481736733286
6400.747595628416 0.9097940117926333
6410.759435336977 0.7761696914005667
6420.771275045538 1.1941955739336856
6430.783114754098 1.1300252699287847
6440.794954462659 1.0333869362125736
6450.80679417122 1.051075886361896
6460.818633879782 0.8339076498966229
6470.830473588343 0.9128570334635117
6480.842313296904 0.8864384715521861
6490.8541530054645 0.9871353089823109
6500.865992714025 0.9985450647063328
6510.877832422586 0.8728846006585496
6520.889672131148 1.0831610383643464
6530.901511839709 1.100160808637721
6540.91335154827 0.8565740102611226
6550.925191256831 1.0666207213416035
6560.937030965391 0.9957117696607704
6570.948870673952 0.6795390152385328
6580.960710382514 0.987020445669653
6590.972550091075 0.9528294662684738
6600.984389799636 1.0398958572631902
6610.996229508197 1.0953365495060876
6621.008069216758 1.0281797993720805
6631.019908925318 0.9656941572861628
6641.03174863388 1.067616203384639
6651.043588342442 1.1361513132705414
6661.055428051002 1.1960333869362125
6671.067267759563 0.8893483421395206
6681.079107468124 1.1364576154376291
6691.0909471766845 0.8582586721801057
6701.102786885245 1.0297878857492917
6711.114626593808 1.071138678306149
6721.1264663023685 0.9995788345202542
6731.138306010929 0.9211271919748832
6741.15014571949 1.1345432268933302
6751.161985428051 0.8846006585496592
6761.173825136611 1.0980932690098781
6771.185664845173 1.0149322306455317
6781.197504553735 1.0561298721188452
6791.209344262295 1.2414426832069836
6801.221183970856 1.038364346427751
6811.233023679417 1.085841182326365
6821.244863387978 1.0247338999923425
6831.256703096539 1.02190060494678
6841.268542805101 0.9875947622329428
6851.280382513662 1.078336779232713
6861.292222222222 0.8903438241825561
6871.304061930783 1.0114863312657936
6881.315901639344 0.9479286315950685
6891.327741347905 1.082012405237767
6901.339581056467 1.0964086070908952
6911.351420765028 0.9947162876177348
6921.3632604735885 1.032697756336626
6931.375100182149 0.9218929473926027
6941.38693989071 1.016693468106287
6951.398779599271 0.8789340684585343
6961.410619307833 0.9571176966077035
6971.422459016394 1.0245807489087986
6981.434298724955 0.9170686882609694
6991.446138433515 0.9325752354697908
7001.457978142076 0.9093345585420016
7011.469817850637 1.0578911095796002
7021.481657559199 0.8637721111876865
7031.49349726776 1.6683513285856497
7041.505336976321 1.1226740179186767
7051.517176684882 1.2907573321081245
7061.529016393442 1.0771881461061337
7071.540856102003 0.8892717665977486
7081.552695810565 0.8449345279117849
7091.564535519126 0.8329121678535875
7101.576375227687 0.9522168619342982
7111.588214936248 1.0114863312657936
7121.600054644809 0.9307757102381499
7131.611894353369 1.0717512826403246
7141.623734061931 0.8852898384256067
7151.635573770493 0.9509150777241748
7161.647413479053 0.8323761390611838
7171.659253187614 0.9012175511141741
7181.671092896175 0.8003675626005053
7191.6829326047355 0.9967072517038058
7201.694772313296 0.9771804885519565
7211.706612021859 1.0194501876100772
7221.7184517304195 0.9956351941189984
7231.73029143898 0.7760165403170227
7241.742131147541 1.0408147637644536
7251.753970856102 0.6950532200015315
7261.765810564662 0.6644383184011027
7271.777650273225 0.7945478214258366
7281.789489981786 0.8221150164637415
7291.801329690346 0.874033233785129
7301.813169398907 0.8021288000612604
7311.825009107468 0.8280879087219541
7321.836848816029 0.7413354774485029
7331.84868852459 0.8495290604181024
7341.860528233152 0.768129259514511
7351.872367941713 0.7237920208285473
7361.884207650273 1.0
7371.896047358834 0.9534420706026495
7381.907887067395 0.8035837353549277
7391.919726775956 0.7334788268627
7401.931566484518 0.7973811164713989
7411.943406193079 0.9738111647139903
7421.9552459016395 0.9320009189065013
7431.9670856102 0.7011792633432881
7441.978925318761 0.9008346734053142
7451.990765027322 1.0288689792480281
7462.002604735884 1.0409679148479976
7472.014444444445 0.8534344130484723
7482.026284153006 0.8160655486637568
7492.038123861566 0.7828317635347269
7502.049963570127 0.8237996783827246
7512.061803278688 0.11691553717742553
7522.07364298725 0.7796768512137223
7532.085482695811 0.9470863006355769
7542.097322404372 0.8571100390535262
7552.109162112933 0.9637031932000918
7562.121001821493 0.7855119074967455
7572.132841530054 0.7614288996094647
7582.144681238616 0.6951068228807719
7592.156520947177 0.7920208285473619
7602.168360655738 0.6509916532659469
7612.180200364299 0.8116241672409833
7622.1920400728595 0.8421012328662224
7632.20387978142 0.5707021977180489
7642.215719489982 0.877555708706639
7652.2275591985435 0.8673711616509687
7662.239398907104 0.7569875181866912
7672.251238615665 0.63926793782066
7682.263078324226 0.6581974117466881
7692.274918032786 0.8770196799142354
7702.286757741348 0.8319166858105521
7712.29859744991 0.7313729994639712
7722.31043715847 0.7169691400566658
7732.322276867031 0.8036603108966996
7742.334116575592 0.7955433034688719
7752.345956284153 0.7685887127651428
7762.357795992713 0.7505168849069607
7772.369635701275 0.7482655639788651
7782.381475409837 0.8354391607320621
7792.393315118397 0.8225744697143731
7802.405154826958 0.7613829542844015
7812.416994535519 0.9280189907343593
7822.42883424408 0.7262271230568956
7832.440673952641 0.7790029864461291
7842.452513661203 0.8491461827092426
7852.464353369764 0.7904127421701508
7862.476193078324 0.7410444903897695
7872.488032786885 0.7747913316486714
7882.499872495446 0.6131250478597136
7892.511712204007 0.6721954207826021
7902.523551912569 0.8507542690864537
7912.53539162113 0.7031013094417643
7922.5472313296905 0.8672562983383106
7932.559071038251 1.007580978635424
7942.570910746812 0.8152232177042652
7952.582750455374 0.6836281491691554
7962.594590163935 0.7854353319549736
7972.606429872496 0.8396508155295198
7982.618269581057 0.8821502412129565
7992.630109289617 0.8083314189447891
8002.641948998178 0.7767822957347422
8012.653788706739 0.8453939811624167
8022.6656284153005 0.8211195344207061
8032.677468123862 0.7895704112106592
8042.689307832423 0.7093192434336473
8052.701147540984 0.6664369400413507
8062.712987249544 0.7540240447201163
8072.724826958105 0.8254843403017077
8082.736666666667 0.603913010184547
8092.748506375228 0.7999846848916455
8102.760346083789 0.892258212726855
8112.77218579235 0.7954667279271
8122.7840255009105 0.8587947009725093
8132.795865209471 0.5530438777854353
8142.807704918033 0.7288689792480281
8152.8195446265945 0.7530132475687266
8162.831384335155 0.7705031013094417
8172.843224043716 0.892181637185083
8182.855063752277 0.8243357071751283
8192.866903460837 0.8097097786966841
8202.8787431694 0.7660617198866682
8212.89058287796 0.714671873803507
8222.902422586521 0.7814534037828317
8232.914262295082 0.7026495137453097
8242.926102003643 0.7350256528064936
8252.937941712204 0.7090052837123823
8262.949781420764 0.684945248487633
8272.961621129325 0.6878704341833218
8282.973460837888 0.7536564821196109
8292.985300546448 0.4369936442300329
8302.997140255009 0.7339459376675089
8313.00897996357 0.8117007427827552
8323.02081967213 0.8581055210965618
8333.032659380693 0.7980702963473466
8343.044499089254 0.7193276667432422
8353.056338797815 0.6088904203997243
8363.068178506375 0.7250861474844934
8373.080018214936 0.8829925721724481
8383.091857923497 0.6474155754651963
8393.103697632057 0.6615131327054139
8403.11553734062 0.7803047706562523
8413.12737704918 0.721234397733364
8423.139216757741 0.6124205528754116
8433.151056466302 0.6344819664599127
8443.162896174863 0.6311662455011868
8453.174735883425 0.47455394746917834
8463.186575591986 0.5524427597825254
8473.198415300547 0.6352094341067464
8483.210255009108 0.42543839497664443
8493.222094717668 0.7254383949766444
8503.23393442623 0.566054062332491
8513.24577413479 0.5967378819205146
8523.25761384335 0.6861474844934528
8533.269453551913 0.600941879163795
8543.281293260474 0.5451412818745692
8553.293132969035 0.5076192664063098
8563.304972677595 0.8458534344130485
8573.316812386156 0.62460372157133
8583.328652094719 0.5408147637644536
8593.34049180328 0.6956543380044413
8603.35233151184 0.696324373994946
8613.3641712204 0.5889348342139521
8623.376010928961 0.7847461520790259
8633.387850637522 0.8257906424687954
8643.399690346083 0.6579906577839038
8653.411530054645 0.8968527452331725
8663.423369763206 0.8791637950838501
8673.435209471767 0.6707328279347576
8683.447049180328 0.7000842330959491
8693.458888888888 0.801056742476453
8703.470728597451 0.6998621640248105
8713.482568306012 0.6623707787732598
8723.494408014572 0.629251856956888
8733.506247723133 0.5501263496439237
8743.518087431694 0.641457998315338
8753.529927140255 0.8078719656941572
8763.541766848815 0.48480741251244347
8773.553606557376 0.5754192510912014
8783.565446265939 0.696753197028869
8793.5772859745 0.6625698751818668
8803.58912568306 0.5930086530362202
8813.60096539162 0.7878091737499042
8823.612805100182 0.5464047783138065
8833.624644808744 0.7493682517803814
8843.636484517305 0.6403706256221763
8853.648324225866 0.6661153227659086
8863.660163934426 0.6370395895550961
8873.672003642987 0.5726319013707022
8883.683843351548 0.5448273221533042
8893.695683060108 0.8669117084003369
8903.707522768671 0.8071827858182097
8913.719362477232 0.6124818133088291
8923.731202185792 0.5175434566199556
8933.743041894353 0.6263496439237307
8943.754881602914 0.7930928861321694
8953.766721311476 0.5896699594149628
8963.778561020037 0.6802817979937207
8973.790400728598 0.5960027567195038
8983.802240437159 0.753036220231258
8993.81408014572 0.8350562830232023
