3508.105264116575 3.0066877541798465
3518.1157923497267 1.494532309082693
3528.126320582878 1.2596776622985388
3538.1368488160288 0.9804187377617112
3548.1473770491802 1.4636240397650249
3558.1579052823317 0.837897273685796
3568.1684335154823 1.877963548727218
3578.178961748634 1.770055731284832
3588.1894899817853 1.5905708691067932
3598.200018214936 1.5007079379424613
3608.2105464480874 0.8220515137821961
3618.221074681239 1.698056936285585
3628.2316029143894 1.3512577195360747
3638.242131147541 1.3074107546317217
3648.2526593806924 2.024461515288447
3658.263187613843 1.3625244765777977
3668.2737158469945 1.0720590450369032
3678.284244080146 0.7848471155294472
3688.2947723132966 1.3658382286488928
3698.305300546448 1.2767284229552645
3708.3158287795995 1.383250489531556
3718.32635701275 1.164572977858111
3728.3368852459016 0.8004518752824221
3738.3474134790526 1.274469046543154
3748.3579417122037 1.473354420846513
3758.368469945355 1.1599939749962345
3768.378998178506 2.148335592709745
3778.3895264116572 1.6551890344931466
3788.4000546448087 1.8115378822111763
3798.4105828779598 1.0693176683235428
3808.421111111111 1.4920018075011297
3818.4316393442623 1.5335442084651303
3828.4421675774133 1.0816388010242506
3838.4526958105644 1.162313601446001
3848.463224043716 1.5576442235276398
3858.473752276867 1.6709745443590902
3868.484280510018 1.0243711402319626
3878.4948087431694 1.3640608525380329
3888.5053369763205 0.8301551438469649
3898.5158652094715 0.9699352312095196
3908.526393442623 1.1747552342220215
3918.536921675774 1.368263292664558
3928.547449908925 0.7552643470402169
3938.5579781420765 1.109504443440277
3948.5685063752276 1.5172766982979364
3958.5790346083786 1.6025305015815634
3968.58956284153 1.2637746648591655
3978.6000910746807 1.4346738966711854
3988.610619307832 1.5496610935381836
3998.6211475409837 1.3658683536677212
4008.6316757741342 1.1954812471757794
4018.6422040072857 1.1043831902394938
4028.652732240437 1.379063111914445
4038.663260473588 1.3311944569965357
4048.6737887067393 1.38859768037355
4058.684316939891 1.143184214490134
4068.6948451730414 1.4090073806296128
4078.705373406193 1.6966109353818346
4088.7159016393443 1.1643922277451424
4098.726429872495 1.3733996083747553
4108.736958105646 1.0992619370387107
4118.747486338798 1.4397650248531404
4128.7580145719485 1.1457749661093537
4138.7685428051 1.7478837174273234
4148.7790710382515 1.5272782045488777
4158.789599271402 1.1512275945172468
4168.8001275045535 1.4237686398554
4178.810655737705 1.6419641512275946
4188.821183970856 1.737460460912788
4198.831712204007 1.0888688055430036
4208.842240437159 1.1519807199879502
4218.852768670309 1.7071848169905106
4228.863296903461 1.692513932821208
4238.873825136612 1.6556107847567405
4248.884353369763 1.561891851182407
4258.894881602914 1.4945925591203495
4268.905409836066 1.8421147763217351
4278.915938069216 1.5122458201536375
4288.926466302368 1.3551739719837324
4298.936994535519 1.5696942310588944
4308.94752276867 1.573610483506552
4318.958051001821 1.1818948636842896
4328.968579234973 1.6692423557764724
4338.979107468123 1.3710197318873325
4348.989635701275 1.4499774062358788
4359.000163934426 1.4172917608073503
4369.010692167577 1.3349299593312247
4379.021220400728 1.5473113420695888
4389.031748633879 1.5301099563187228
4399.0422768670305 1.4382587739117338
4409.052805100182 1.4527187829492394
4419.0633333333335 1.367163729477331
4429.073861566484 1.0279560174725109
4439.084389799636 1.298267811417382
4449.094918032786 1.3926494954059345
4459.105446265938 1.3865642416026511
4469.115974499089 1.2238288898930563
4479.126502732241 0.9926494954059346
4489.137030965391 1.113209820756138
4499.147559198543 1.2314203946377467
4509.158087431693 1.1950594969121857
4519.168615664845 1.0616960385600243
4529.179143897996 1.1576140985088115
4539.189672131148 1.272661545413466
4549.200200364298 1.1679168549480343
4559.21072859745 1.2083446302153937
4569.2212568306 1.4294321433950896
4579.231785063752 1.314083446302154
4589.242313296903 1.2802530501581562
4599.252841530055 1.3036451272782046
4609.263369763205 1.357282723301702
4619.273897996357 1.4408194005121253
4629.2844262295075 1.3338153336345837
4639.294954462659 1.1959331224582015
4649.3054826958105 1.2436511522819702
4659.316010928962 1.2075613797258624
4669.326539162113 1.1911733694833557
4679.337067395264 1.521373700858563
4689.347595628415 1.122699201687001
4699.358123861566 1.3126073203795754
4709.368652094718 1.3710498569061607
4719.379180327868 1.4034342521464076
4729.38970856102 1.469167043229402
4739.400236794171 1.4723151076969423
4749.410765027322 1.3584575990359995
4759.421293260473 1.402199126374454
4769.431821493625 1.296912185570116
4779.442349726775 1.4406989004368127
4789.452877959927 1.3804488627805391
4799.463406193078 1.2855851784907364
4809.473934426229 1.6335893959933725
4819.48446265938 1.3986142491339058
4829.494990892532 1.3776472360295227
4839.505519125682 1.3575839734899833
4849.516047358834 1.312516945323091
4859.526575591985 1.382165988853743
4869.537103825136 1.445187528242205
4879.5476320582875 1.414776321735201
4889.558160291439 1.22910076818798
4899.56868852459 1.4147913842446151
4909.579216757741 1.3017020635637897
4919.5897449908925 1.1027564392227747
4929.600273224043 1.2166892604307877
4939.610801457195 1.2106040066275041
4949.621329690346 1.2475372797107998
4959.631857923497 1.3001656876035548
4969.642386156648 1.1385148365717728
4979.6529143898 1.1649646031028769
4989.66344262295 1.211206507004067
4999.673970856102 1.2349751468594667
5009.684499089253 1.2355927097454438
5019.695027322404 1.2913390570869108
5029.705555555555 1.2380177737611084
5039.716083788707 1.2976351860219912
5049.726612021857 1.2256966410604007
5059.737140255009 1.2847115529447206
5069.74766848816 1.2609127880704927
5079.758196721311 1.3171260732037957
5089.768724954462 1.1014008133755084
5099.779253187614 1.1716523572827233
5109.7897814207645 1.211929507455942
5119.800309653916 1.0558517849073656
5129.8108378870675 1.0454285283928304
5139.821366120218 0.8338303961439976
5149.8318943533695 0.96871516794698
5159.842422586521 0.9369182105738816
5169.852950819672 1.0077421298388312
5179.863479052823 1.0597680373550233
5189.874007285975 1.1007681879801174
5199.884535519125 1.0540141587588492
5209.895063752277 0.8585931616207261
5219.905591985428 0.8020183762614852
5229.916120218579 0.8731435457147161
5239.92664845173 1.004428377767736
5249.937176684882 0.9962042476276548
5259.947704918032 0.9500828438017773
5269.958233151184 0.9195059496912186
5279.968761384334 1.0405784003615002
5289.979289617486 1.0688055430034644
5299.989817850637 1.151528844705528
5310.000346083789 0.9175478234673896
5320.010874316939 1.0655219159511973
5330.021402550091 1.0604910378068988
5340.0319307832415 1.020906763066727
5350.042459016393 1.0641361650851031
5360.0529872495445 1.1515890947431842
5370.063515482696 1.068745292965808
5380.0740437158465 1.1986142491339056
5390.084571948998 1.167615604759753
5400.095100182149 1.1307425817141135
5410.1056284153 0.9947883717427323
5420.116156648452 1.0708841693026059
5430.126684881602 1.0990058743786715
5440.137213114754 1.0130441331525832
5450.147741347905 1.0406085253803283
5460.158269581056 1.161018225636391
5470.168797814207 0.9232715770447356
5480.179326047359 1.0451875282422052
5490.189854280509 0.9957523723452327
5500.200382513661 1.011447507154692
5510.210910746812 1.0371140231962646
5520.221438979963 0.9716523572827233
5530.231967213114 0.9443289652056033
5540.242495446266 1.0635035396897121
5550.253023679416 1.0660340412712759
5560.263551912568 1.0333182708239192
5570.274080145719 0.9568609730381082
5580.28460837887 0.9889742431089019
5590.295136612021 1.0533815333634584
5600.305664845173 1.0673294170808856
5610.3161930783235 1.1214038258773913
5620.326721311475 1.1541497213435759
5630.3372495446265 1.1656574785359242
5640.347777777777 1.1087814429884018
5650.358306010929 1.1107094441934025
5660.36883424408 1.1571622232263894
5670.379362477231 1.1823166139478838
5680.389890710382 1.1990661244163276
5690.400418943534 1.266757041723151
5700.410947176684 1.272721795451122
5710.421475409836 1.249555655972285
5720.432003642987 1.089682181051363
5730.442531876138 1.2469950293718932
5740.453060109289 1.0492242807651755
5750.463588342441 1.187437867148667
5760.474116575591 1.2324747702967314
5770.484644808743 1.1314053321283326
5780.495173041894 1.199758999849375
5790.505701275045 1.2150625094140686
5800.516229508196 1.1944569965356229
5810.526757741348 1.1827684892303059
5820.537285974498 1.2271125169453232
5830.54781420765 1.2390420244012652
5840.558342440801 1.2008133755083599
5850.568870673952 1.113390570869107
5860.5793989071035 1.1918963699352312
5870.589927140255 1.1703268564542852
5880.600455373406 1.234402771501732
5890.610983606557 1.2392528995330623
5900.621511839708 1.128362705226691
5910.632040072859 1.2735351709594818
5920.642568306011 1.1404729627956016
5930.653096539162 1.2036752522970329
5940.663624772313 1.2552492845308028
5950.674153005464 1.1483657177285735
5960.684681238615 1.1116131947582466
5970.695209471766 1.176020485012803
5980.705737704918 1.167871667419792
5990.716265938069 1.1430938394336496
6000.72679417122 1.1485163428227143
6010.737322404371 1.1574333483958428
6020.747850637522 1.1582467239042025
6030.758378870673 1.138575086609429
6040.768907103825 1.119626449766531
6050.779435336976 1.0306070191293868
6060.789963570127 1.1858111161319476
6070.800491803278 1.1718933574333485
6080.811020036429 1.1512275945172468
6090.8215482695805 1.1151378219611388
6100.832076502732 1.1777074860671788
6110.8426047358835 1.096053622533514
6120.853132969034 1.1139026961891851
6130.8636612021855 1.1356228347642718
6140.874189435336 1.1545112215695135
6150.884717668488 1.1073354420846513
6160.895245901639 1.0648591655369783
6170.905774134791 1.0736857960536226
6180.916302367941 1.1635186021991264
6190.926830601093 1.1415574634734147
6200.937358834243 1.1181201988251241
6210.947887067395 1.0694080433800273
6220.958415300546 1.1675553547220967
6230.968943533698 1.0397348998343126
6240.979471766848 1.0758849224280764
6250.99 1.1852989908118694
6261.00052823315 1.1379123361952102
6271.011056466302 1.0807651754782346
6281.021584699453 1.100195812622383
6291.032112932604 1.0437114023196266
6301.042641165755 1.2106642566651604
6311.053169398907 1.0547672842295526
6321.0636976320575 1.1137219460762162
6331.074225865209 1.0888386805241752
6341.0847540983605 1.0591354119596326
6351.095282331511 1.0983883114926947
6361.1058105646625 1.083506552191595
6371.116338797814 1.0755836722397951
6381.126867030965 1.0710046693779183
6391.137395264116 1.126193703871065
6401.147923497268 1.0620876638047898
6411.158451730418 1.016990510619069
6421.16897996357 1.0783250489531557
6431.179508196721 1.0225937641211025
6441.190036429872 1.0460912788070493
6451.200564663023 1.0782647989154992
6461.211092896175 1.04494652809158
6471.221621129325 0.9880704925440578
6481.232149362477 0.9769844856153034
6491.242677595628 1.0
6501.253205828779 0.9424009640006026
6511.26373406193 0.9780388612742883
6521.274262295082 0.8529597830998644
6531.284790528232 1.0128633830396143
6541.295318761384 0.9620726012953758
6551.305846994535 0.9676758547974093
6561.316375227686 0.9652959783099864
6571.3269034608375 0.9809609881006176
6581.337431693989 0.9164030727519206
6591.3479599271395 0.9682482301551438
6601.358488160291 0.9837927398704623
6611.3690163934425 0.9206808254255159
6621.379544626593 0.9544509715318572
6631.390072859745 0.9295677059798162
6641.400601092896 0.9364362102726315
6651.411129326047 0.9690314806446755
6661.421657559198 0.9514836571772858
6671.432185792349 0.9827383642114776
6681.4427140255 0.9609881006175628
6691.453242258652 0.9503238439524024
6701.463770491803 0.9674649796656123
6711.474298724954 0.9415574634734146
6721.484826958105 0.9865341165838227
6731.495355191256 0.9400813375508359
6741.505883424407 0.9866847416779635
6751.516411657559 0.965205603253502
6761.52693989071 0.9570417231510769
6771.537468123861 0.9095345684591053
6781.547996357012 0.9688206055128783
6791.558524590163 0.9772254857659286
6801.569052823314 0.9696942310588944
6811.579581056466 0.9347190841994276
6821.590109289617 0.9323090826931767
6831.600637522768 0.9623738514836572
6841.6111657559195 1.044735652959783
6851.62169398907 0.959029974393734
6861.632222222222 0.9285735803584878
6871.642750455373 0.863895164934478
6881.653278688525 0.852206657629161
6891.663806921675 0.8941105588190993
6901.674335154827 0.9122759451724658
6911.684863387977 0.9114023196264498
6921.695391621129 0.8470854044283778
6931.70591985428 0.9994276246422654
6941.716448087432 0.8811266757041722
6951.726976320582 0.9531857207410754
6961.737504553734 0.8939298087061304
6971.748032786884 1.1584575990359993
6981.758561020036 0.8855249284530803
6991.769089253187 0.9224883265552041
7001.779617486338 0.9151076969423105
7011.790145719489 0.8894713059195661
7021.800673952641 0.8919415574634735
7031.811202185791 0.9397499623437264
7041.821730418943 0.9645127278204549
7051.832258652094 0.8811568007230004
7061.842786885245 0.8889591805994879
7071.8533151183965 0.9165838228648894
7081.863843351548 0.9649344780840488
7091.874371584699 0.8577496610935381
7101.88489981785 0.8692875433047146
7111.8954280510015 1.0106341316463323
7121.905956284152 0.8796806748004218
7131.916484517304 0.8704322940201837
7141.927012750455 0.9001355625847266
7151.937540983606 0.7979213737008585
7161.948069216757 0.8898328061455039
7171.958597449909 0.8231661394788371
7181.969125683059 0.7939147461967163
7191.979653916211 0.830185268865793
7201.990182149362 0.8107245067028167
7212.000710382513 0.8420545262840788
7222.011238615664 0.8096400060250037
7232.021766848816 0.8105437565898478
7242.032295081966 0.8838379273987046
7252.042823315118 0.8094893809308631
7262.053351548269 0.809941256213285
7272.06387978142 0.8397348998343124
7282.074408014571 0.8326555204097003
7292.084936247723 0.8480795300497063
7302.0954644808735 0.8498569061605663
7312.105992714025 0.8622684139177588
7322.1165209471765 0.7203795752372345
7332.127049180327 0.7605663503539689
7342.1375774134785 0.8214188883868052
7352.14810564663 0.8629612893508058
7362.158633879781 0.8163578852236782
7372.169162112932 0.8085253803283626
7382.179690346083 0.8685344178340111
7392.190218579234 0.8386805241753276
7402.200746812386 0.784365115228197
7412.211275045537 0.8353968971230608
7422.221803278688 0.8029522518451574
7432.232331511839 0.8564241602651002
7442.24285974499 0.7985238740774213
7452.253387978141 0.8870010543756589
7462.263916211293 0.7918662449164031
7472.274444444444 0.8091881307425818
7482.284972677595 0.7548425967766229
7492.295500910746 0.7793492995933122
7502.306029143897 0.7615906009941256
7512.316557377048 0.7836119897574936
7522.3270856102 0.8246422654014158
7532.337613843351 0.7562283476427173
7542.348142076502 0.7968067480042175
7552.3586703096535 0.7010694381683988
7562.369198542804 0.8082542551589094
7572.3797267759555 0.7651152281970176
7582.390255009107 0.8249435155896973
7592.4007832422585 0.7436963398102124
7602.411311475409 0.8594065371290857
7612.42183970856 0.7628257267660792
7622.432367941711 0.683039614399759
7632.442896174863 0.7875884922428076
7642.453424408014 0.8774212983883115
7652.463952641166 0.8386202741376714
7662.474480874316 0.673143545714716
7672.485009107467 0.7824371140231963
7682.495537340618 0.7494200933875583
7692.50606557377 0.757704473565296
7702.516593806921 0.7734899834312395
7712.527122040073 0.7908118692574183
7722.537650273223 0.7855399909624944
7732.548178506374 0.8281367675854797
7742.558706739525 0.740533212833258
7752.569234972677 0.74228046392529
7762.579763205828 0.8118090073806297
7772.59029143898 0.8491037806898629
7782.6008196721305 0.7590902244313903
7792.611347905281 0.7705076065672541
7802.6218761384325 0.7678566049103781
7812.632404371584 0.8166892604307877
7822.6429326047355 0.7674951046844404
7832.653460837887 0.7986142491339058
7842.663989071038 0.779093236933273
7852.674517304188 0.8374152733845458
7862.68504553734 0.7262539539087212
7872.695573770491 0.7393282120801326
7882.706102003643 0.7652056032535021
7892.716630236794 0.8393733996083748
7902.727158469945 0.7359240849525531
7912.737686703095 0.8583521614701008
7922.748214936247 0.8338605211628257
7932.758743169398 0.7344780840488025
7942.76927140255 0.7937038710649195
7952.779799635701 0.8094291308932068
7962.790327868852 0.8320228950143094
7972.800856102002 0.725982828739268
7982.811384335154 0.8120198825124265
7992.821912568305 0.793402620876638
8002.832440801457 0.7748154842596776
8012.842969034608 0.8037053773158608
8022.853497267759 0.7621629763518603
8032.8640255009095 0.736993523120952
8042.874553734061 0.6590751619219762
8052.8850819672125 0.7832806145503841
8062.895610200364 0.7667118541949088
8072.9061384335155 0.7749359843349902
8082.916666666666 0.7710498569061606
8092.927194899817 0.737460460912788
8102.937723132968 0.7330019581262238
8112.94825136612 0.7457147160716976
8122.958779599271 0.7591805994878746
8132.969307832423 0.6803735502334689
8142.979836065573 0.7225787016116885
8152.990364298724 0.7250790781744239
8163.000892531875 0.6951950594969122
8173.011420765027 0.7014761259225787
8183.021948998178 0.7294773309233318
8193.032477231329 0.7396294622684139
8203.04300546448 0.703087814429884
8213.053533697632 0.6856153035095647
8223.064061930781 0.7849073655671035
8233.074590163935 0.7699352312095195
8243.085118397084 0.8024401265250791
8253.095646630238 0.7888537430335893
8263.106174863387 0.7702063563789727
8273.116703096537 0.77445398403374
8283.12723132969 0.7793944871215545
8293.13775956284 0.9028166892604308
8303.148287795993 0.7987949992468745
8313.158816029143 0.7646181653863533
8323.169344262293 0.7433649646031029
8333.179872495446 0.7265853291158307
8343.190400728596 0.8087965054978159
8353.200928961749 0.6633227895767434
8363.211457194899 0.6682934176833861
8373.22198542805 0.7358337098960687
8383.232513661202 0.7286940804338002
8393.243041894351 0.731706582316614
8403.253570127505 0.6750414219008887
8413.264098360654 0.7694532309082693
8423.274626593808 0.6986594366621479
8433.285154826957 0.6432595270372045
8443.295683060107 0.7146859466787167
8453.30621129326 0.7165988853743034
8463.31673952641 0.8032535020334388
8473.327267759563 0.7459255912034944
8483.337795992713 0.7596324747702967
8493.348324225864 0.7836119897574936
8503.358852459016 0.7478535924084952
8513.369380692166 0.7124868203042627
8523.379908925319 0.7431239644524777
8533.390437158469 0.7128784455490285
8543.400965391622 0.6821810513631571
8553.411493624772 0.725320078325049
8563.422021857921 0.7197168248230155
8573.432550091075 0.6914595571622232
8583.443078324224 0.7418135261334539
8593.453606557377 0.6688657930411206
8603.464134790527 0.7264045790028618
8613.474663023679 0.7618014761259225
8623.48519125683 0.6748004217502636
8633.49571948998 0.6375357734598585
8643.506247723133 0.7748757342973339
8653.516775956283 0.7093236933273083
8663.527304189436 0.6052417532760959
8673.537832422586 0.6835668022292514
8683.548360655735 0.7371893357433348
8693.558888888889 0.6761861726163579
8703.569417122038 0.6970628106642567
8713.579945355192 0.6667570417231511
8723.590473588341 0.7140834463021539
8733.601001821493 0.7515288447055279
8743.611530054644 0.659918662449164
8753.622058287794 0.7134809459255912
8763.632586520947 0.7199879499924687
8773.643114754097 0.7819852387407742
8783.65364298725 0.722910076818798
8793.6641712204 0.6725711703569814
8803.67469945355 0.6268413917758698
8813.685227686703 0.6344630215393885
8823.695755919853 0.6899533062208163
8833.706284153006 0.5437264648290405
8843.716812386156 0.6757041723151077
8853.727340619307 0.6265702666064166
8863.737868852459 0.6833258020786263
8873.748397085608 0.7075161921976202
8883.758925318762 0.7364663352914596
8893.769453551911 0.7087211929507455
8903.779981785065 0.6633830396143998
8913.790510018214 0.723572827233017
8923.801038251364 0.6794999246874529
8933.811566484517 0.6065371290857057
8943.822094717667 0.5788823618014761
8953.83262295082 0.7169453230908269
8963.84315118397 0.5922277451423407
8973.853679417121 0.6040668775417984
8983.864207650273 0.6215695134809459
8993.874735883423 0.4779635487272179
