3507.3262659380694 -3.117432190875884
3517.3387978142077 3.212559260122795
3527.351329690346 -2.3419600528483717
3537.3638615664845 -1.9948705992072746
3547.3763934426233 -3.4855055568508586
3557.3889253187617 -4.521022771430792
3567.4014571949 3.6306831429237585
3577.4139890710385 -1.3508665578611954
3587.426520947177 -2.699152871687262
3597.4390528233153 1.1934716717183491
3607.4515846994536 -0.6206108650034974
3617.464116575592 -0.5367373902230512
3627.4766484517304 0.4755576280407243
3637.489180327869 1.490386259423331
3647.5017122040076 3.6160721224838737
3657.514244080146 -1.0158855988186835
3667.5267759562844 -2.051915753477889
3677.5393078324228 -0.005237584518535789
3687.551839708561 0.09367684775005829
3697.5643715846995 -1.210927178052382
3707.576903460838 0.2307919483951193
3717.5894353369767 0.2209994559726432
3727.601967213115 -0.41596331701251266
3737.6144990892535 1.170420455428616
3747.627030965392 1.7685552187767155
3757.6395628415303 0.9187844874485117
3767.6520947176687 0.565601927411207
3777.664626593807 -0.39874096525996733
3787.6771584699454 -0.4073669075930676
3797.689690346084 0.4052692935416181
3807.702222222222 0.38719204165695187
3817.714754098361 0.24170358280873552
3827.7272859744994 0.5103598352374291
3837.739817850638 0.3349343281262144
3847.752349726776 -0.5620424341338308
3857.7648816029146 0.6136939457527008
3867.777413479053 -0.2235330690914743
3877.789945355192 0.518846662003575
3887.80247723133 -0.10204243413383073
3897.8150091074685 0.47880624854278386
3907.827540983607 -0.0423470894536411
3917.8400728597453 1.34248853656641
3927.8526047358837 1.001227947462501
3937.865136612022 1.118862205642341
3947.8776684881605 -0.12558793813631772
3957.890200364299 -1.826222118597964
3967.902732240437 0.5535556073676848
3977.9152641165756 -0.12306520556462268
3987.9277959927144 -0.44560503613896013
3997.940327868853 1.5489702339317635
4007.952859744991 1.692080516048807
4017.9653916211296 0.8080516048807026
4027.977923497268 0.7888085800885989
4037.9904553734063 1.414797544105075
4048.002987249545 1.2771119919173077
4058.0155191256836 1.1306287401880781
4068.028051001822 0.42426362011346863
4078.0405828779603 2.404445480687029
4088.0531147540987 1.3106862516515116
4098.065646630237 1.3641252817284526
4108.0781785063755 1.193689282661071
4118.090710382514 1.9168415326027826
4128.103242258652 1.4537499028522578
4138.115774134791 0.7515038470505946
4148.128306010929 1.3126758374135385
4158.140837887067 0.2702261599440429
4168.153369763206 0.35582497862749674
4178.165901639344 1.0121084945985857
4188.1784335154825 0.4558482940856454
4198.190965391621 1.2808424652211083
4208.20349726776 1.0847750058288645
4218.216029143899 1.0925157379342505
4228.228561020037 1.593868034506878
4238.241092896175 1.0630449988342272
4248.253624772314 0.838548224139271
4258.266156648452 0.3745395197015622
4268.2786885245905 1.2280096370560347
4278.291220400729 1.8105230434444706
4288.303752276867 1.20735214113624
4298.316284153006 0.8507499805704516
4308.328816029144 0.7947617937359137
4318.341347905282 1.1318566876505791
4328.353879781421 1.0816351907981658
4338.366411657559 0.8991062407709645
4348.3789435336985 1.4749980570451544
4358.391475409837 0.9685085878604182
4368.404007285975 0.8122717028056269
4378.416539162114 1.6378332167560428
4388.429071038252 0.9619491723012358
4398.44160291439 1.1366907593067537
4408.454134790529 1.0553819849226704
4418.466666666667 1.3614051449444315
4428.4791985428055 0.35260744540296884
4438.491730418944 1.5124893137483486
4448.504262295082 0.7723789539131111
4458.516794171221 1.1799020750757754
4468.529326047359 1.1512862361078728
4478.541857923497 0.2713142146576514
4488.554389799636 0.9682909769176965
4498.566921675774 1.5876272635423954
4508.579453551913 1.0354239527473381
4518.591985428051 0.5676459159089143
4528.604517304189 1.2244656874174245
4538.617049180328 1.5251262920649724
4548.629581056466 1.1993005362555373
4558.642112932605 1.491147897722857
4568.654644808744 0.9323696277298517
4578.667176684882 0.5035050905416958
4588.679708561021 0.8915831196083003
4598.692240437159 0.6327659905183803
4608.704772313297 0.5341105152716251
4618.717304189436 1.1990829253128157
4628.729836065574 1.2460402580244037
4638.7423679417125 1.1319965803994716
4648.754899817851 1.2867490479521255
4658.767431693989 0.476630139115567
4668.779963570128 0.9549700784953759
4678.792495446267 0.7967824667754722
4688.805027322405 0.8593300691691924
4698.817559198544 1.204989508043833
4708.830091074682 1.028180617082459
4718.84262295082 1.1509131887774928
4728.855154826959 1.324318022849149
4738.867686703097 1.4005440273568042
4748.880218579236 0.7545504002486982
4758.892750455374 1.3624776560192742
4768.905282331512 1.6277298515582497
4778.917814207651 1.5307686329369707
4788.930346083789 1.6437397994870602
4798.9428779599275 1.1863215978860653
4808.955409836066 1.4980803606124196
4818.967941712204 1.3695344680189634
4828.980473588343 1.5384316468485273
4838.993005464481 1.2809357270537034
4849.005537340619 1.5852957177275202
4859.018069216758 1.3512706924691071
4869.030601092896 1.5876272635423954
4879.043132969035 0.8295173700163209
4889.055664845173 0.9385715395974198
4899.068196721312 1.49632392943188
4909.080728597451 1.1669386803450688
4919.093260473589 1.182000466309163
4929.105792349727 0.8310406466153726
4939.118324225866 0.9207740732105386
4949.130856102004 0.7534312582575582
4959.1433879781425 1.1098158078806248
4969.155919854281 0.8667132975829642
4979.168451730419 1.2301080282894226
4989.180983606558 0.7432812621434678
4999.193515482696 1.1535711510064506
5009.206047358834 0.9801507732960287
5019.218579234974 1.0906505012823502
5029.231111111112 0.9259034740032642
5039.2436429872505 0.7768710655164375
5049.256174863389 0.8009326183259501
5059.268706739527 0.9247377010958265
5069.281238615666 0.9002564700396364
5079.293770491804 1.1732960286002954
5089.306302367942 1.211875340017098
5099.318834244081 0.9565555296494909
5109.331366120219 1.1131576902152793
5119.343897996358 0.6583819072044766
5129.356429872496 1.2202222740343516
5139.368961748634 1.042418590191964
5149.381493624773 0.9008471283127379
5159.394025500911 1.0023004585373436
5169.4065573770495 1.2208906505012824
5179.419089253188 1.2357659128001866
5189.431621129326 0.9910779513484107
5199.444153005465 1.2926400870443773
5209.456684881603 1.2216522888008083
5219.469216757741 0.7400015543638766
5229.48174863388 0.9491723012357194
5239.494280510019 0.9870987798243569
5249.506812386157 0.7512862361078728
5259.519344262296 0.7449133442138804
5269.531876138434 0.6594388746405534
5279.544408014573 1.1518613507422089
5289.556939890711 1.0727442294241083
5299.569471766849 0.8986554752467554
5309.582003642988 0.8586616927022617
5319.594535519126 0.7243024792103832
5329.6070673952645 0.9792336986088445
5339.619599271403 0.8784021139348721
5349.632131147541 1.0695266961995804
5359.644663023681 0.9099557006295175
5369.657194899819 0.9267894614129167
5379.669726775957 0.7869744307142302
5389.682258652096 0.8949716328592523
5399.694790528234 0.5186756819771509
5409.7073224043725 0.6366208129323074
5419.719854280511 0.88361700474081
5429.732386156649 0.6647392554597031
5439.744918032788 0.48934483562602005
5449.757449908926 1.192756664335121
5459.769981785064 0.9901142457449288
5469.782513661203 0.5103909225149608
5479.795045537341 1.106800341960053
5489.8075774134795 0.7753633325561514
5499.820109289618 1.1054014144711277
5509.832641165756 0.8770342737234786
5519.845173041895 1.2287868189943267
5529.857704918033 1.2209372814175798
5539.870236794171 1.0759928499261677
5549.88276867031 1.6017719748193051
5559.895300546448 1.2951426128856767
5569.907832422587 0.9339084479676693
5579.920364298725 1.2801585451154116
5589.932896174863 1.4979249242247612
5599.945428051002 1.4969456749825134
5609.957959927141 1.386632470661382
5619.970491803279 0.7977461723789538
5629.983023679418 1.2866868733970624
5639.995555555556 1.5873163907670789
5650.008087431695 1.4375534312582576
5660.020619307833 1.4158078806248544
5670.033151183971 1.4259967358358594
5680.045683060111 1.035439496386104
5690.058214936249 1.6361234164918008
5700.070746812387 1.5154892360301548
5710.083278688526 1.551457216134297
5720.095810564664 1.6886609155203234
5730.1083424408025 1.3677469495608923
5740.120874316941 1.4578067925701408
5750.133406193079 1.2675681977150852
5760.145938069218 1.8423875029144323
5770.158469945356 1.5977306287401882
5780.171001821494 2.0383927877516124
5790.183533697633 1.712442682832051
5800.196065573771 1.8517136861739334
5810.20859744991 1.9872542162120153
5820.221129326048 1.9793269604414396
5830.233661202186 1.8001088054713608
5840.246193078325 1.941400481852802
5850.258724954463 1.8257558094349888
5860.2712568306015 2.097458615061786
5870.28378870674 1.7111991917307843
5880.296320582878 1.7425973420377712
5890.308852459017 1.7450843242403047
5900.321384335155 1.6457604725266184
5910.333916211293 1.305199347167172
5920.346448087432 1.5933784098857542
5930.35897996357 1.7006295173700166
5940.371511839709 1.2803295251418356
5950.384043715848 1.2910857231677937
5960.396575591986 1.1305277065361001
5970.409107468125 1.2996968990440663
5980.421639344263 1.3632237506800342
5990.434171220401 1.7006295173700166
6000.44670309654 1.43071423020129
6010.459234972678 1.4354239527473382
6020.471766848817 1.1845340794279942
6030.484298724956 1.343825289500272
6040.496830601094 1.5298360146110204
6050.509362477233 1.3738555995958655
6060.521894353371 1.4213414160254916
6070.534426229509 1.164094194450921
6080.546958105648 1.711043755343126
6090.559489981786 1.3911245822647083
6100.5720218579245 1.3151939068936038
6110.584553734063 1.4218854433822958
6120.597085610201 1.4889562446568743
6130.60961748634 1.3376078339939381
6140.622149362478 1.3878915054014145
6150.634681238616 1.5283438252895003
6160.647213114755 1.3647781145566178
6170.659744990893 1.4652677391777416
6180.6722768670315 1.3273179451309551
6190.68480874317 1.2321442449677469
6200.697340619308 1.3042045542861584
6210.709872495447 1.3230900753866481
6220.722404371585 1.3507888396673662
6230.734936247723 1.260324862050206
6240.747468123862 1.437522343980726
6250.76 1.1821636745162043
6260.772531876139 1.1603948084246523
6270.785063752277 1.1907981658506257
6280.797595628415 1.1085412295018264
6290.810127504555 1.3866946452164453
6300.822659380693 1.3400481852801742
6310.835191256831 1.0384083313903785
6320.84772313297 1.0716872619880315
6330.860255009108 0.9721768866091551
6340.872786885247 0.8965881712908992
6350.885318761385 1.0907748503924768
6360.897850637524 1.0821481308774386
6370.910382513663 1.160969923058988
6380.922914389801 1.0969145877049817
6390.935446265939 1.2346001398927489
6400.947978142078 0.9415559182404601
6410.960510018216 0.8846040258024404
6420.9730418943545 0.8545270847905495
6430.985573770493 0.6771275355560737
6440.998105646631 0.9753788761949173
6451.01063752277 0.6636045698297971
6461.023169398908 0.7272868578534235
6471.035701275046 1.0230978472060308
6481.048233151185 0.9252506411750991
6491.060765027323 1.1230123571928188
6501.073296903462 0.7370793502758997
6511.0858287796 0.8725266184813865
6521.098360655738 1.2175021372503303
6531.110892531877 0.9127846428848994
6541.123424408015 0.9196937903163132
6551.1359562841535 1.0859874096525997
6561.148488160292 0.7606279630061398
6571.16102003643 1.0046320043522188
6581.173551912569 0.9038315069557784
6591.186083788707 0.8543094738478278
6601.198615664845 0.870039636278853
6611.211147540984 0.9474780446102433
6621.223679417122 0.9772441128468174
6631.2362112932615 0.9197326494132276
6641.2487431694 0.8902774539519702
6651.261275045538 1.0234553508976452
6661.273806921677 0.8939923836170048
6671.286338797815 1.191621978705215
6681.298870673953 1.0794202222740343
6691.311402550092 1.2113468562990597
6701.323934426231 1.0829564000932619
6711.336466302369 1.049755187689438
6721.348998178508 1.1964871376389212
6731.361530054646 1.2239993782544494
6741.374061930785 1.3770731328203931
6751.386593806923 1.1383694722934639
6761.399125683061 1.294256625476024
6771.4116575592 1.4548535012046322
6781.424189435338 1.4749047952125591
6791.4367213114765 1.3130644283826844
6801.449253187615 1.2830185746483251
6811.461785063753 1.2890184192119376
6821.474316939892 1.4781689593533847
6831.48684881603 1.7441517059143548
6841.499380692168 1.5677314059221263
6851.511912568307 1.4077873630216833
6861.524444444445 1.3900676148286315
6871.536976320584 1.2701018108339162
6881.549508196722 1.5814098080360615
6891.56204007286 1.457029610631849
6901.574571948999 1.6090774850392475
6911.587103825137 1.3260744540296885
6921.5996357012755 1.5115566954223985
6931.612167577414 1.3803528405999845
6941.624699453552 1.4704748581642964
6951.637231329691 1.2663557938913501
6961.649763205829 1.2284604025802441
6971.662295081968 1.5350198181394263
6981.674826958107 1.367591513173234
6991.687358834245 1.199611409030854
7001.699890710383 1.2846662003575036
7011.712422586522 1.3076086111758765
7021.72495446266 1.0779358047718972
7031.737486338799 1.175316701639854
7041.750018214937 1.206885831973265
7051.762550091076 1.1121007227792028
7061.775081967215 1.3699541462656408
7071.787613843353 1.1818761171990364
7081.800145719491 0.902354861273024
7091.81267759563 0.9085567731405924
7101.825209471768 1.0308696665889485
7111.837741347907 0.8424030465531981
7121.850273224045 1.0369550011657729
7131.862805100183 0.9060542472992928
7141.875336976322 0.8895158156524442
7151.88786885246 0.9297116655008939
7161.9004007285985 0.8759462190098704
7171.912932604737 0.9934250408020519
7181.925464480875 0.9062096836869512
7191.937996357014 0.8816196471594
7201.950528233152 0.9360223828398229
7211.96306010929 1.1714929665034586
7221.975591985429 1.031662392166006
7231.988123861567 1.0355016709411673
7242.0006557377055 0.971259811921971
7252.013187613844 1.0283360534701174
7262.025719489982 0.9878215590269683
7272.038251366121 0.7191264475013601
7282.050783242259 0.9571461879225927
7292.063315118397 1.0913033341105154
7302.075846994536 0.9093494987176499
7312.088378870675 0.8719825911245823
7322.1009107468135 1.1711199191730786
7332.113442622952 0.7994870599207274
7342.12597449909 0.7562446568741743
7352.138506375229 0.9210849459858553
7362.151038251367 1.0048496152949407
7372.163570127505 0.9669697676226005
7382.176102003644 0.8249164529416337
7392.188633879783 0.7832750446879615
7402.2011657559215 0.8163363643428928
7412.21369763206 0.801803062096837
7422.226229508198 0.7502137250330303
7432.238761384337 0.9577057589181628
7442.251293260475 0.7467941245045465
7452.263825136613 0.6085490013212094
7462.276357012752 0.8682676614595477
7472.28888888889 0.8467086344913345
7482.3014207650285 0.9361622755887155
7492.313952641167 0.8388590969145878
7502.326484517305 0.7775705292609
7512.339016393444 0.9461723789539132
7522.351548269582 0.7316546203466232
7532.36408014572 0.8580710344291599
7542.376612021859 1.042698375689749
7552.389143897997 0.8970855677314059
7562.401675774136 0.749576435843631
7572.414207650274 0.7876117199036294
7582.426739526412 0.9324162586461491
7592.439271402551 0.6681122250718894
7602.451803278689 0.7422398383461568
7612.4643351548275 0.9037537887619492
7622.476867030966 0.8497396440506724
7632.489398907104 0.6424341338307298
7642.501930783243 0.9575036916142068
7652.514462659381 1.1289966581176654
7662.526994535519 0.9791093494987176
7672.539526411658 1.0033263386958888
7682.552058287796 0.9069091474314137
7692.5645901639355 0.8768943809745863
7702.577122040075 0.8102588015854512
7712.589653916213 0.7550322530504392
7722.6021857923515 0.9890572783088522
7732.61471766849 1.0289111681044534
7742.627249544628 0.9907359912955623
7752.639781420767 1.0187767156291287
7762.652313296905 1.0666511230279008
7772.664845173043 1.0009170746871843
7782.677377049182 1.0
7792.68990892532 1.216600606201912
7802.702440801459 0.9567731405922126
7812.714972677597 0.8579000544027358
7822.727504553735 0.8597342037771042
7832.740036429874 1.2053314680966813
7842.752568306012 1.0380430558793814
7852.7651001821505 1.1974042123261055
7862.777632058289 0.8692158234242636
7872.790163934427 0.9941400481852802
7882.802695810566 1.0495375767467165
7892.815227686704 0.9604569829797155
7902.827759562842 1.130069169192508
7912.840291438981 1.0442682832050985
7922.852823315119 0.9647159400015545
7932.865355191258 1.1702961063184891
7942.877887067396 0.8624387969223595
7952.890418943534 0.8694334343669854
7962.902950819673 1.1881868345379654
7972.915482695811 1.0435688194606358
7982.9280145719495 1.0290588326727288
7992.940546448088 1.0754332789305978
8002.953078324226 0.8810445325250641
8012.965610200365 0.9044066215901142
8022.978142076503 1.142224294707391
8032.990673952642 0.895655552964949
8043.003205828782 0.8720292220408797
8053.01573770492 0.7724100411906427
8063.028269581058 0.8401647625709179
8073.040801457197 1.1335198569985234
8083.053333333335 1.1254682521178208
8093.0658652094735 0.9340327970777961
8103.078397085612 1.056827543327893
8113.09092896175 1.0923603015465921
8123.103460837889 1.1161886997746173
8133.115992714027 1.0930986243879692
8143.128524590165 1.2036216678324396
8153.141056466304 1.1406543871920418
8163.153588342442 1.0919872542162121
8173.1661202185805 1.3844252739566332
8183.178652094719 1.1022460558016633
8193.191183970857 1.0202378176731173
8203.203715846996 1.1577057589181627
8213.216247723134 1.1702961063184891
8223.228779599272 1.0281028988886298
8233.24131147541 1.153058210927178
8243.25384335155 1.1525297272091397
8253.266375227688 0.9252661848138649
8263.278907103826 0.8487759384471905
8273.291438979964 0.9139426439729541
8283.303970856103 1.19925390533924
8293.316502732241 1.2181705137172614
8303.32903460838 0.8519157534778892
8313.341566484518 0.9451154115178364
8323.354098360656 0.988419989119453
8333.366630236795 0.9272246832983602
8343.379162112933 1.1352762881790628
8353.391693989071 0.7349809590425118
8363.40422586521 0.8196471594000155
8373.41675774135 0.8125281728452631
8383.429289617488 0.6869822025336131
8393.441821493627 0.6825056345690526
8403.454353369765 0.8418123882800963
8413.466885245904 0.78510919406233
8423.479417122042 0.6268050050516827
8433.49194899818 0.7970777959120231
8443.504480874319 0.6445636123416492
8453.517012750457 0.7112302790083158
8463.529544626595 0.7852024558949251
8473.542076502734 0.8029377477267429
8483.554608378872 0.6235175254527084
8493.56714025501 0.6839978238905728
8503.579672131149 0.44658428538120776
8513.592204007287 0.553073754565944
8523.604735883426 0.47094116732727137
8533.617267759564 0.331763425817984
8543.629799635703 0.36965881712908993
8553.64233151184 0.7221263697831662
8563.65486338798 0.42005906582731023
8573.667395264118 0.37099557006295175
8583.679927140256 0.4521644516981425
8593.692459016394 0.5274112069635501
8603.704990892533 0.5259501049195617
8613.717522768671 0.5432812621434678
8623.73005464481 0.42213414160254914
8633.742586520948 0.32462889562446573
8643.755118397086 0.6438486049584208
8653.767650273225 0.44128390456205796
8663.780182149363 0.38490712675837413
8673.792714025501 0.5137949794046787
8683.80524590164 0.47916375223439805
8693.817777777778 0.5564156369005985
8703.830309653917 0.49520478744073987
8713.842841530055 0.5438330613196549
8723.855373406195 0.530908525685863
8733.867905282334 0.5351985699852336
8743.880437158472 0.5681355405300381
8753.89296903461 0.49153648869200284
8763.905500910749 0.23733582031553585
8773.918032786887 0.4878681899432657
8783.930564663026 0.549389912178441
8793.943096539164 0.5608766612263931
8803.955628415302 0.5679334732260822
8813.96816029144 0.59283438252895
8823.980692167579 0.6680034196005284
8833.993224043717 0.39210383150695577
8844.005755919856 0.4407554208440196
8854.018287795994 0.7322841377166394
8864.030819672133 0.6405999844563612
8874.043351548271 0.6340871998134764
8884.05588342441 0.6384860495842077
8894.068415300548 0.6696355016709412
8904.080947176686 0.8049273334887698
8914.093479052824 0.7599751301779747
8924.106010928963 1.0552110048962462
8934.118542805101 0.800575114634336
8944.13107468124 0.7342504080205177
8954.143606557378 0.8130566565633015
8964.156138433516 1.0621434677858086
8974.168670309655 0.922048651589337
8984.181202185793 1.165617471049973
8994.193734061932 0.8909924613351985
