3507.326666666667 1.1532526803824978
3517.34 0.3858301941466241
3527.3533333333335 0.3085518690234714
3537.366666666667 -0.26711460446247465
3547.38 0.3264090118806143
3557.3933333333334 0.42560127499275574
3567.4066666666668 0.30655969284265433
3577.42 0.4690126050420168
3587.4333333333334 0.5367284844972472
3597.4466666666667 0.40912054476963194
3607.46 0.6334033613445378
3617.4733333333334 0.3753803245436106
3627.4866666666667 0.6474029266879165
3637.5 0.5656512605042018
3647.5133333333333 0.3969139379889887
3657.5266666666666 0.40616850188351206
3667.54 0.6251992176180817
3677.5533333333333 0.5103955375253549
3687.566666666667 0.25315126050420167
3697.5800000000004 0.34461025789626193
3707.5933333333337 0.2920530281077948
3717.606666666667 0.3080628803245436
3727.6200000000003 0.48257751376412633
3737.6333333333337 0.280860620110113
3747.646666666667 0.44657345696899453
3757.6600000000003 0.2469574036511156
3767.6733333333336 0.3452079107505071
3777.686666666667 0.39729426253259925
3787.7000000000003 0.425709939148073
3797.7133333333336 0.6281512605042017
3807.726666666667 0.5623732251521297
3817.7400000000002 0.44362141408287453
3827.7533333333336 0.43900318748188927
3837.766666666667 0.5850659229208925
3847.78 0.4516263401912489
3857.7933333333335 0.4541075050709939
3867.806666666667 0.6995979426253259
3877.82 0.4920131845841785
3887.8333333333335 0.44722544190089825
3897.846666666667 0.45299369747899154
3907.86 0.6531259055346276
3917.8733333333334 0.4180491161982034
3927.8866666666668 0.43420385395537525
3937.9 0.3430165169516082
3947.9133333333334 0.4593958272964358
3957.9266666666667 0.44523326572008115
3967.94 0.3625579542161692
3977.9533333333334 0.31519849319037957
3987.9666666666667 0.3016879165459287
3997.98 0.4740835989568241
4007.9933333333333 0.5037489133584467
4018.0066666666667 0.3253042596348884
4028.02 0.38900862068965514
4038.0333333333333 0.45684221964647925
4048.0466666666666 0.5982323964068386
4058.06 0.5526477832512314
4068.0733333333333 0.6167053028107794
4078.0866666666666 0.3755976528542451
4088.1 0.4767820921472037
4098.113333333333 0.6081570559258186
4108.126666666667 0.5454216169226311
4118.139999999999 0.36152564474065485
4128.153333333334 0.7618443929295856
4138.166666666666 0.6876629962329759
4148.18 0.7296979136482178
4158.193333333333 0.7798645320197044
4168.206666666667 0.755270211532889
4178.219999999999 0.7262568820631702
4188.233333333334 0.7324145175311504
4198.246666666667 0.6906874818893074
4208.26 0.6022891915386844
4218.2733333333335 0.6109642132715155
4228.286666666667 0.5965843233845262
4238.3 0.6320269487105186
4248.3133333333335 0.7133258475804114
4258.326666666667 0.6713814836279339
4268.34 0.7065886699507389
4278.3533333333335 0.6488698927847001
4288.366666666667 0.6864676905244856
4298.380000000001 0.6717255867864387
4308.393333333333 0.5760286873370037
4318.406666666668 0.650898290350623
4328.42 0.6439800057954216
4338.433333333334 0.5520320197044334
4348.446666666667 0.6227904955085483
4358.460000000001 0.4714937699217618
4368.473333333333 0.7313459866705302
4378.486666666668 0.6605694001738627
4388.5 0.6176289481309765
4398.513333333334 0.6855983772819473
4408.526666666667 0.7274159663865546
4418.540000000001 0.6798391770501304
4428.553333333333 0.618643146913938
4438.5666666666675 0.6408649666763258
4448.58 0.6659663865546218
4458.593333333334 0.5026984931903796
4468.606666666667 0.502173283106346
4478.620000000001 0.6845660678064329
4488.633333333333 0.6860149232106636
4498.646666666667 0.6934584178498986
4508.66 0.6575449145175312
4518.673333333334 0.7616813966966097
4528.6866666666665 0.7669516082294986
4538.700000000001 0.6540495508548246
4548.713333333333 0.657092147203709
4558.726666666667 0.6909410315850478
4568.74 0.7047957113880035
4578.753333333334 0.7348413503332367
4588.766666666666 0.7956027238481599
4598.780000000001 0.7732541292379019
4608.793333333333 0.7406186612576066
4618.806666666667 0.7692697768762677
4628.82 0.77185960591133
4638.833333333334 0.8002028397565922
4648.846666666666 0.8721203998840915
4658.860000000001 0.7766951608229498
4668.873333333333 0.8509308895972182
4678.886666666667 0.8901495943204868
4688.9 0.8499710228919154
4698.913333333334 0.8213017965807012
4708.926666666666 0.866614749348015
4718.9400000000005 0.8812481889307446
4728.953333333333 0.9848956824108954
4738.966666666667 0.9290423065778035
4748.98 0.951137351492321
4758.993333333334 0.9051724137931034
4769.006666666666 0.925854824688496
4779.02 0.9450702694871052
4789.033333333333 0.9785931614024921
4799.046666666667 0.9807483338162851
4809.0599999999995 0.9429150970733121
4819.073333333334 0.9567154447986091
4829.086666666666 0.9647022602144305
4839.1 0.9298210663575774
4849.113333333333 0.9027274702984641
4859.126666666667 0.906331498116488
4869.139999999999 0.847707186322805
4879.153333333334 0.8638619240799768
4889.166666666667 0.8820088380179657
4899.18 0.9547051579252389
4909.193333333334 0.8612539843523616
4919.206666666667 0.8768291799478412
4929.22 0.9304730512894812
4939.233333333334 0.9006628513474356
4949.246666666667 0.9223775717183424
4959.26 0.9447080556360475
4969.2733333333335 0.8994494349463923
4979.286666666667 0.950050709939148
4989.3 0.9691574905824398
4999.3133333333335 0.9488010721529991
5009.326666666667 0.897946247464503
5019.34 0.9301289481309765
5029.3533333333335 0.9251303969863808
5039.366666666667 0.8703636627064618
5049.38 0.8803788756882064
5059.393333333333 0.8872247174731962
5069.406666666668 0.8804965951898
5079.42 0.9455230368009272
5089.433333333334 0.9944400173862648
5099.446666666667 0.8701282237032744
5109.460000000001 0.8879129237902057
5119.473333333333 0.8857939727615184
5129.486666666668 0.9521515502752824
5139.5 0.9870870762097943
5149.513333333334 0.9309258186033034
5159.526666666667 0.9314691393798898
5169.540000000001 0.8825340481019994
5179.553333333333 0.881356853086062
5189.5666666666675 0.9154592871631411
5199.58 0.8876865401332947
5209.593333333334 0.8917161692263113
5219.606666666667 0.9166545928716313
5229.620000000001 0.8608374384236452
5239.633333333333 0.9131048971312663
5249.646666666667 0.912833236742973
5259.66 0.8734968125181107
5269.673333333334 0.839158939437844
5279.6866666666665 0.9064039408866995
5289.700000000001 0.8861018545349173
5299.713333333333 0.8746196754563894
5309.726666666667 0.9448891625615763
5319.74 0.8720117357287742
5329.753333333334 0.8612992610837438
5339.766666666666 0.891734279918864
5349.780000000001 0.9373551144595769
5359.793333333333 0.753730802665894
5369.806666666667 0.7802086351782092
5379.82 0.8164300202839756
5389.833333333334 0.9092110982323963
5399.846666666666 0.8896515502752825
5409.860000000001 0.9837003767024052
5419.873333333333 0.937047232686178
5429.886666666667 0.9621305418719212
5439.9 0.993480150680962
5449.913333333334 0.9887713706172123
5459.926666666666 0.9938966966096783
5469.9400000000005 0.9351637206606781
5479.953333333333 1.0760105766444508
5489.966666666667 1.0799949290060853
5499.98 1.055853375833092
5509.993333333334 1.0935417270356418
5520.006666666666 0.9863083164300201
5530.02 0.9900391190959141
5540.033333333333 1.0007063170095625
5550.046666666667 1.0405860620110112
5560.06 1.0999710228919153
5570.073333333334 1.057700666473486
5580.086666666667 1.0317661547377572
5590.1 1.0906440162271804
5600.113333333334 1.0132208055636047
5610.126666666667 1.018762677484787
5620.14 1.0907889017676036
5630.153333333334 1.074724717473196
5640.166666666667 1.0709939148073022
5650.18 1.1047341350333235
5660.193333333334 1.030679513184584
5670.206666666667 1.042016806722689
5680.22 1.0408939437844102
5690.233333333334 1.0621196754563895
5700.246666666667 1.0586424224862359
5710.26 1.0535714285714286
5720.2733333333335 0.9825231816864676
5730.286666666667 1.0502662271805274
5740.3 1.015647638365691
5750.3133333333335 1.006809620399884
5760.326666666667 1.0966748768472905
5770.34 1.0746884960880905
5780.3533333333335 1.0314220515792523
5790.366666666667 1.0698348304839176
5800.38 1.0488445378151259
5810.393333333333 1.0918393219356708
5820.406666666667 1.096928426543031
5830.42 1.0729317589104606
5840.433333333333 1.0847761518400463
5850.446666666667 1.0791437264560995
5860.46 1.1065814256737176
5870.473333333333 1.0977796290930164
5880.486666666667 1.076481454650826
5890.5 1.0782744132135613
5900.513333333334 1.0425239061141698
5910.526666666667 1.0835084033613445
5920.540000000001 1.0308968414952187
5930.553333333333 1.0754853665604172
5940.5666666666675 1.1083200521587946
5950.58 1.1170856273543899
5960.593333333334 1.1078129527673137
5970.606666666667 1.1070885250651985
5980.620000000001 1.0839611706751666
5990.633333333333 1.10031512605042
6000.646666666667 1.0192516661837148
6010.66 1.0807555780933062
6020.673333333334 1.095081135902637
6030.6866666666665 1.076282237032744
6040.700000000001 1.0921472037090698
6050.713333333333 1.088072297884671
6060.726666666667 1.104842799188641
6070.74 1.0654882642712258
6080.753333333334 1.0583707620979426
6090.766666666666 1.0775499855114459
6100.780000000001 1.0487902057374674
6110.793333333333 0.8070667922341349
6120.806666666667 0.9025101419878295
6130.82 1.0766806722689075
6140.833333333334 1.0537344248044045
6150.846666666666 1.075068820631701
6160.860000000001 1.0691285134743551
6170.873333333333 1.047124022022602
6180.886666666667 1.0517422486235872
6190.9 1.0682410895392638
6200.913333333334 1.0518509127789046
6210.926666666666 1.0411293827875978
6220.9400000000005 1.0726963199072732
6230.953333333333 1.0454035062300782
6240.966666666667 1.0373985801217038
6250.9800000000005 1.0691737902057372
6260.993333333334 1.0724971022891914
6271.006666666667 1.071627789046653
6281.02 1.066502463054187
6291.033333333334 1.06451028687337
6301.046666666667 1.05753767024051
6311.06 1.0402238481599535
6321.073333333334 1.0357142857142856
6331.086666666667 1.0371812518110692
6341.1 1.0398254129237903
6351.113333333334 1.02292813677195
6361.126666666667 0.9976818313532309
6371.14 1.0147602144305998
6381.153333333334 0.9870508548246885
6391.166666666667 0.9465734569689945
6401.18 0.9146080846131555
6411.193333333334 0.9704071283685888
6421.206666666667 0.957802086351782
6431.22 0.9488372935381048
6441.233333333334 0.9555201390901187
6451.246666666667 0.9253296146044625
6461.26 0.9272855694001738
6471.2733333333335 0.9318856853086062
6481.286666666667 0.947098667053028
6491.3 0.9194798609098811
6501.3133333333335 1.0022638365691103
6511.326666666667 0.9914336424224861
6521.34 0.9850949000289771
6531.3533333333335 0.9975731671979137
6541.366666666667 0.9938604752245725
6551.38 0.9994023471457548
6561.393333333333 1.02776369168357
6571.406666666667 1.0565778035352071
6581.42 1.0333598956824108
6591.433333333333 0.9907454361054767
6601.446666666667 1.0091821211243117
6611.46 1.035822949869603
6621.473333333333 1.0791980585337582
6631.486666666668 1.0495508548246886
6641.5 1.0554549405969285
6651.513333333334 1.0713923500434657
6661.526666666667 1.061087365980875
6671.540000000001 1.0587873080266588
6681.553333333333 1.0535895392639814
6691.5666666666675 1.0485909881193858
6701.58 1.0563966966096783
6711.593333333334 1.085736018545349
6721.606666666667 1.0785822949869601
6731.620000000001 1.0239242248623586
6741.633333333333 0.9869421906693711
6751.646666666667 1.0625543320776587
6761.66 1.0499855114459578
6771.673333333334 1.0578455520139087
6781.6866666666665 1.085754129237902
6791.700000000001 1.1042089249492901
6801.713333333333 1.0699616053317877
6811.726666666667 1.0766806722689075
6821.74 1.0676796580701244
6831.753333333334 1.1537235583888727
6841.766666666666 1.0499855114459578
6851.780000000001 1.0445885250651985
6861.793333333333 1.0653252680382497
6871.806666666667 1.1997790495508547
6881.82 1.0376883512025499
6891.833333333334 1.0977977397855694
6901.846666666666 1.0601093885830195
6911.860000000001 1.0095986670530281
6921.873333333333 1.011301072152999
6931.886666666667 1.0223485946102577
6941.9 1.0305889597218196
6951.913333333334 0.9914336424224862
6961.926666666666 1.0774956534337872
6971.9400000000005 1.0460917125470877
6981.953333333334 1.0732215299913068
6991.966666666667 0.9980078238191828
7001.9800000000005 0.9991125760649087
7011.993333333334 1.0125507099391482
7022.006666666667 0.9997283396117067
7032.02 1.0216151115618661
7042.033333333334 0.9949652274702985
7052.046666666667 1.0097797739785568
7062.06 1.0178752535496958
7072.073333333334 1.0052158794552302
7082.086666666667 1.0030063749637785
7092.1 1.0228556940017386
7102.113333333334 1.0276912489133585
7112.126666666667 0.9974282816574904
7122.14 0.981382208055636
7132.153333333334 1.0153940886699506
7142.166666666667 0.9993117936829904
7152.18 1.023417125470878
7162.193333333334 1.0236706751666185
7172.206666666667 1.0616125760649087
7182.22 1.0488083164300201
7192.233333333334 1.0835446247464502
7202.246666666667 1.0360946102578963
7212.26 1.0262423935091278
7222.2733333333335 1.0009598667053028
7232.286666666667 1.0281077948420747
7242.3 1.031458272964358
7252.3133333333335 1.0686576354679802
7262.326666666667 1.050546942915097
7272.34 1.020012315270936
7282.3533333333335 1.0201028687337004
7292.366666666667 1.0683135323094755
7302.38 1.0507823819182844
7312.393333333333 1.0427050130396984
7322.406666666667 1.014868878585917
7332.42 0.9755505650536075
7342.433333333333 1.00496232975949
7352.446666666667 0.9791727035641843
7362.460000000001 0.9421182266009852
7372.473333333333 0.9695740365111561
7382.486666666668 0.9609533468559838
7392.5 0.9392748478701826
7402.513333333334 0.9116198203419298
7412.526666666667 0.9432048681541582
7422.540000000001 0.9349463923500434
7432.553333333333 0.9479498696030135
7442.5666666666675 0.9563170095624457
7452.58 0.950213706172124
7462.593333333334 0.9361416980585336
7472.606666666667 0.9577658649666763
7482.620000000001 0.9566067806432917
7492.633333333333 0.9660786728484496
7502.646666666667 1.003096928426543
7512.66 0.9807483338162851
7522.673333333334 1.0017929585627354
7532.6866666666665 1.0204288611996524
7542.700000000001 1.0039662416690813
7552.713333333333 0.9975731671979137
7562.726666666667 0.9893328020863517
7572.74 1.0010141987829613
7582.753333333334 1.0197949869603011
7592.766666666666 1.0266227180527383
7602.780000000001 2.1624166908142564
7612.793333333334 1.9874674007534048
7622.806666666667 1.256791509707331
7632.820000000001 1.445396261953057
7642.833333333334 1.3525970733120833
7652.846666666667 1.1623080266589394
7662.860000000001 1.0506737177629673
7672.873333333334 1.0498225152129819
7682.886666666667 1.0569400173862649
7692.900000000001 1.0275101419878294
7702.913333333334 1.0451680672268906
7712.926666666667 1.0755396986380759
7722.9400000000005 1.0674079976818311
7732.953333333334 1.0752318168646768
7742.966666666667 1.0793067226890756
7752.9800000000005 1.0713923500434657
7762.993333333334 1.065922920892495
7773.006666666667 1.0648543900318748
7783.02 1.067444219066937
7793.033333333334 1.0750325992465952
7803.046666666667 1.0824579831932772
7813.06 1.0870399884091568
7823.073333333334 1.0694454505940307
7833.086666666667 1.0990654882642712
7843.1 1.0881990727325412
7853.113333333334 1.102941176470588
7863.126666666667 1.0732939727615185
7873.14 1.0368009272674588
7883.153333333334 1.0376521298174441
7893.166666666667 1.0616125760649087
7903.18 1.060471602434077
7913.193333333334 1.0383765575195596
7923.206666666667 1.0600731671979136
7933.22 1.0436286583598957
7943.233333333334 1.0239785569400173
7953.246666666667 0.981382208055636
7963.26 1.0123696030136191
7973.2733333333335 1.0289771080846133
7983.286666666667 1.0247573167197912
7993.3 1.0218233845262243
8003.3133333333335 0.9938604752245725
8013.326666666667 1.0393002028397564
8023.34 1.0332874529121994
8033.3533333333335 1.053191104027818
8043.366666666667 1.0379781222833961
8053.38 1.0675528832222543
8063.393333333333 1.0571573456968995
8073.406666666667 1.0538974210373804
8083.42 1.0313858301941468
8093.433333333333 1.0458562735439003
8103.446666666667 1.0485728774268326
8113.46 1.0830013039698636
8123.473333333333 1.1087728194726165
8133.486666666667 1.1335844682700666
8143.5 1.1147855694001738
8153.513333333333 1.142694146624167
8163.526666666667 1.1621269197334105
8173.54 1.1295457838307736
8183.553333333333 1.1244385685308607
8193.566666666666 1.0793067226890756
8203.58 1.0644740654882643
8213.593333333334 1.0812174007534048
8223.606666666667 1.092563749637786
8233.619999999999 1.177104462474645
8243.633333333333 1.0604172703564183
8253.646666666667 1.055962039988409
8263.66 1.123279484207476
8273.673333333334 1.0922015357867285
8283.686666666668 1.1179730512894812
8293.7 1.1267929585627354
8303.713333333333 1.1830809910170963
8313.726666666667 1.1163430889597217
8323.740000000002 1.1056215589684149
8333.753333333334 1.1272457258765574
8343.766666666666 1.1125126774847869
8353.78 1.0525028977108084
8363.793333333335 1.0475586786438713
8373.806666666667 1.0493878585917125
8383.82 1.0482468849608808
8393.833333333334 1.0655607070414372
8403.846666666668 1.067896986380759
8413.86 1.0628259924659518
8423.873333333333 1.0693820631700957
8433.886666666667 1.0551470588235294
8443.900000000001 1.0676615473775717
8453.913333333334 1.062481889307447
8463.926666666666 1.0742357287742683
8473.94 1.0475586786438713
8483.953333333335 1.0487539843523617
8493.966666666667 1.0318748188930744
8503.98 1.0215698348304838
8513.993333333334 1.021080846131556
8524.006666666668 1.0124963778614895
8534.02 1.0609062590553462
8544.033333333333 1.059384960880904
8554.046666666667 1.060924369747899
8564.060000000001 1.0306251811069254
8574.073333333334 1.0466350333236742
8584.086666666666 1.0067552883222255
8594.1 1.026658939437844
8604.113333333335 1.007687988988699
8614.126666666667 0.9855657780353521
8624.14 1.0
8634.153333333334 0.9918139669660967
8644.166666666668 1.0045638945233266
8654.18 0.9808207765864967
8664.193333333333 0.9618045494059692
8674.206666666667 0.9799876847290641
8684.220000000001 1.0115365111561865
8694.233333333334 0.9321392350043465
8704.246666666666 0.9957258765575195
8714.26 1.02870544769632
8724.273333333334 1.0197949869603011
8734.286666666667 1.00483555491162
8744.3 0.9879020573746738
8754.313333333334 0.994385685308606
8764.326666666668 0.9744820341929875
8774.34 0.9414843523616343
8784.353333333333 0.9646479281367718
8794.366666666667 0.9863807592002317
8804.380000000001 0.9960518690234713
8814.393333333333 0.931614024920313
8824.406666666666 0.9475333236742973
8834.42 0.9555201390901187
8844.433333333334 0.9884815995363663
8854.446666666667 0.9249674007534049
8864.46 0.8462221095334684
8874.473333333333 0.9716567661547377
8884.486666666668 0.9875217328310635
8894.5 1.0328346855983772
8904.513333333332 1.0346638655462184
8914.526666666667 1.0258077368878586
8924.54 1.0577912199362502
8934.553333333333 1.034120544769632
8944.566666666666 1.0398797450014488
8954.58 1.0097978846711098
8964.593333333334 1.0188532309475513
8974.606666666667 1.0230549116198204
8984.619999999999 0.918248333816285
8994.633333333333 0.9983881483627933
