3508.105591985428 0.7189990684194183
3518.116775956284 0.3418641962529759
3528.12795992714 0.9069195735431115
3538.1391438979963 0.6438515681606459
3548.1503278688524 0.6699099472104337
3558.1615118397085 0.3340492702618777
3568.1726958105646 0.38601076493116654
3578.1838797814207 0.35371597143152883
3588.195063752277 0.5438619190559983
3598.206247723133 0.37151951143773937
3608.217431693989 0.5729220577579961
3618.228615664845 0.5939343753234656
3628.2397996357013 0.6237320153193251
3638.2509836065574 0.6348462892040162
3648.2621675774135 0.7280819790911914
3658.2733515482696 0.5124728288996998
3668.2845355191257 0.7457561329054964
3678.295719489982 0.7823983024531622
3688.306903460838 0.7643101128247594
3698.318087431694 0.8619966877134873
3708.32927140255 0.5625970396439293
3718.3404553734063 0.7460407825276887
3728.3516393442624 0.7104078252768865
3738.3628233151185 0.7408135803747025
3748.374007285974 0.535464755201325
3758.3851912568302 0.5734396025256185
3768.3963752276863 0.5005692992443846
3778.4075591985425 0.591890073491357
3788.4187431693986 0.5286202256495187
3798.4299271402547 0.5940637615153711
3808.441111111111 0.6114015112307215
3818.452295081967 0.5449487630680054
3828.463479052823 0.5802711934582342
3838.474663023679 0.5529448297277715
3848.485846994535 0.6131870406790187
3858.4970309653913 0.6161111686160854
3868.5082149362474 0.534054445709554
3878.5193989071036 0.5535788220681088
3888.5305828779597 0.5833247075872063
3898.5417668488158 0.6098747541662355
3908.552950819672 0.535167166959942
3918.564134790528 0.6072093986129801
3928.575318761384 0.7518372839250596
3938.58650273224 0.743737708311769
3948.5976867030963 0.903374391884898
3958.6088706739524 0.8345150605527379
3968.6200546448085 0.8503001759652211
3978.6312386156646 1.0821084773832936
3988.6424225865208 1.0756391677880137
3998.653606557377 1.1283769796087362
4008.664790528233 1.0859641859020805
4018.675974499089 0.9257064486078047
4028.687158469945 1.1128247593416831
4038.6983424408013 1.0565676431011282
4048.7095264116574 0.8604958078873823
4058.7207103825135 0.9127937066556258
4068.7318943533696 0.9442863057654487
4078.7430783242257 0.9308560190456475
4088.754262295082 0.9823258461856951
4098.7654462659375 1.0465531518476348
4108.7766302367945 1.109564227305662
4118.78781420765 1.1522875478728911
4128.798998178507 1.169224200393334
4138.810182149362 1.1978832419004244
4148.821366120219 1.1987630680053827
4158.832550091074 1.2177569609771246
4168.843734061931 1.2021529862333094
4178.854918032786 1.2489649104647553
4188.866102003643 1.1780095228237244
4198.877285974499 1.2016095642273057
4208.888469945356 1.194570955387641
4218.899653916211 1.141315598799296
4228.910837887068 1.148845875168202
4238.922021857923 1.1644498499120175
4248.93320582878 1.2185591553669395
4258.944389799635 1.1635441465686782
4268.955573770492 1.1405651588862438
4278.9667577413475 1.1085808922471796
4288.9779417122045 1.078485664009937
4298.98912568306 1.0912948970085912
4309.000309653917 0.9851464651692372
4319.011493624772 1.0485198219646
4329.022677595629 1.0458544664113445
4339.033861566484 0.956862643618673
4349.045045537341 1.0083583479971017
4359.056229508196 0.8231290756650451
4369.067413479053 0.8899441051650968
4379.078597449909 0.9160671773108374
4389.089781420766 0.851594037884277
4399.100965391621 0.8731497774557498
4409.112149362478 0.979712245109202
4419.123333333333 0.9687920505123694
4429.13451730419 0.9463047303591762
4439.145701275045 1.036435151640617
4449.156885245902 1.0730255667115207
4459.168069216757 1.124262498706138
4469.1792531876135 1.0667373977849084
4479.19043715847 0.9780561018528103
4489.201621129326 1.062985198219646
4499.212805100182 1.0537987785943483
4509.223989071038 1.0212969671876617
4519.235173041894 1.0332522513197393
4529.24635701275 1.0588448400786667
4539.257540983606 1.0922264775903117
4549.268724954462 1.1176638029189525
4559.2799089253185 1.153115619501087
4569.291092896175 1.2002121933547252
4579.302276867031 1.1651744125866887
4589.313460837887 1.235534623744954
4599.324644808743 1.26940792878584
4609.335828779599 1.2458596418590209
4619.347012750455 1.122528723734603
4629.358196721311 1.1325432149880965
4639.369380692167 1.200574474692061
4649.3805646630235 1.1937170065210643
4659.39174863388 1.238821033019356
4669.402932604735 1.2322740917089328
4679.414116575592 1.2143411655108167
4689.425300546447 1.1985819273367146
4699.436484517304 1.227150398509471
4709.447668488159 1.2360780457509577
4719.458852459016 1.2306697029293034
4729.4700364298715 1.2200341579546632
4739.4812204007285 1.146051133423041
4749.492404371584 1.1339794017182487
4759.503588342441 1.1055015008798261
4769.514772313296 1.0645637097608944
4779.525956284153 1.100714211779319
4789.537140255008 1.1182331021633372
4799.548324225865 1.1592744022357935
4809.55950819672 1.1073129075665045
4819.570692167577 1.182020494772798
4829.581876138433 1.1311458441155162
4839.59306010929 1.1213124935306904
4849.604244080145 1.1338111996687714
4859.615428051002 1.1133681813476866
4869.626612021857 1.1138080944001656
4879.637795992714 1.112889452437636
4889.648979963569 1.1296967187661733
4899.660163934426 1.1573077321188283
4909.671347905281 1.1357519925473554
4919.6825318761385 1.1277818031259705
4929.693715846994 1.0682382776110133
4939.704899817851 1.0192267881171722
4949.716083788706 0.9771503985094712
4959.727267759563 0.8980695580167685
4969.738451730418 0.9185643308146155
4979.749635701275 0.9470034157954662
4989.76081967213 0.9580271193458234
4999.772003642987 1.0253726322326882
5009.7831876138425 1.0031570230824967
5019.7943715847 1.0224096884380498
5029.805555555555 1.0423610392298934
5039.816739526412 1.0093934375323466
5049.827923497267 1.0969361349756754
5059.839107468124 1.0259548700962633
5069.850291438979 1.0339509367560296
5079.861475409836 1.0304833868129595
5089.872659380691 1.003855708518787
5099.883843351548 1.056050098333506
5109.895027322404 1.07116240554808
5119.906211293261 0.9707845978677156
5129.917395264116 1.0233283304005798
5139.928579234973 1.0924852499741229
5149.939763205828 1.047665873098023
5159.950947176685 1.0519356174309078
5169.96213114754 1.0766483800848774
5179.973315118397 1.0763896077010662
5189.9844990892525 1.1013352655004658
5199.9956830601095 1.1014128972156092
5210.006867030965 1.1115308974226272
5220.018051001822 1.1332160231860058
5230.029234972677 1.0694027533381638
5240.040418943534 1.1073129075665045
5250.051602914389 1.0549891315598798
5260.062786885246 1.0913466514853536
5270.073970856101 1.0524531621985302
5280.085154826958 0.9834126901977022
5290.096338797814 1.0434478832419005
5300.107522768671 1.1009988614015112
5310.118706739526 1.1223993375426975
5320.129890710383 1.1077528206189835
5330.141074681238 1.074604078252769
5340.152258652095 1.0677983645585345
5350.16344262295 1.0709812648794121
5360.174626593807 0.9877600662457303
5370.1858105646625 0.9733205672290653
5380.1969945355195 0.9316840906738435
5390.208178506375 1.0138184452955181
5400.219362477232 1.0749404823517235
5410.230546448087 0.9903219128454612
5420.241730418944 1.0947106924748993
5430.252914389799 1.072456267467136
5440.264098360655 1.0260066245730257
5450.275282331511 1.0752768864506779
5460.286466302367 1.0670479246454818
5470.297650273224 1.1058637822171618
5480.30883424408 1.0625194079287859
5490.320018214936 1.0905962115723011
5500.331202185792 1.0901304212814407
5510.342386156648 1.0488562260635546
5520.353570127504 1.0292412793706656
5530.36475409836 1.0704119656350275
5540.375938069216 1.039928578822068
5550.387122040072 1.0341320774246974
5560.3983060109285 1.011618880033123
5570.409489981785 1.0158368698892455
5580.420673952641 1.0358399751578513
5590.431857923497 1.0127833557602732
5600.443041894353 1.0949953420970915
5610.454225865209 1.1094089638753752
5620.465409836065 1.1113497567539594
5630.476593806921 1.1067953627988822
5640.487777777777 1.1161111686160854
5650.4989617486335 1.124857675188904
5660.51014571949 1.147733153917814
5670.521329690346 1.1258927647241488
5680.532513661202 1.1185177517855294
5690.543697632058 1.1757582030845668
5700.554881602914 1.1538919366525204
5710.56606557377 1.1240813580374702
5720.577249544626 1.2101231756546942
5730.588433515482 1.1575406272642583
5740.5996174863385 1.174076182589794
5750.610801457195 1.1650062105372114
5760.621985428051 1.1064330814615464
5770.633169398907 1.1438256909222648
5780.644353369763 1.1345357623434429
5790.655537340619 1.1735586378221716
5800.666721311475 1.1329313735638133
5810.677905282331 1.1786823310216334
5820.6890892531865 1.153788427698996
5830.7002732240435 1.1221664423972675
5840.711457194899 1.1655108166856434
5850.722641165756 1.123589690508229
5860.733825136611 1.1366318186523134
5870.745009107468 1.0742676741538144
5880.756193078323 1.0841139633578305
5890.76737704918 1.0214522306179485
5900.778561020035 1.0539799192630162
5910.789744990892 1.1011023703550358
5920.800928961748 1.161784494358762
5930.812112932605 1.110418176172239
5940.82329690346 1.1492340337439189
5950.834480874317 1.1431787599627368
5960.845664845172 1.1445761308353173
5970.856848816029 1.1137304626850224
5980.868032786884 1.1025256184659975
5990.879216757741 1.147759031156195
6000.890400728596 1.176314563709761
6010.901584699453 0.9333143566918539
6020.912768670309 1.0630628299347895
6030.923952641166 1.164372218196874
6040.935136612021 1.137175240658317
6050.946320582878 1.1494410516509679
6060.957504553733 1.1662353793603146
6070.96868852459 1.1602318600558947
6080.979872495445 1.1752406583169444
6090.991056466302 1.1470603457199047
6101.0022404371575 1.162405548079909
6111.0134244080145 1.1343028671980127
6121.02460837887 1.1416778801366319
6131.035792349727 1.1117379153296763
6141.046976320582 1.099860262912742
6151.058160291439 1.0985405237553048
6161.069344262294 1.0998343856743609
6171.080528233151 1.12338267260118
6181.091712204006 1.0864558534313218
6191.102896174863 1.053669392402443
6201.114080145719 1.0475882413828796
6211.125264116576 0.954688955594659
6221.136448087431 0.9361867301521581
6231.147632058288 0.9545078149259912
6241.158816029143 0.9405599834385675
6251.17 0.9228858296242626
6261.181183970855 0.9199099472104337
6271.192367941712 0.936160852913777
6281.2035519125675 0.9307266328537419
6291.2147358834245 0.8558120277403997
6301.22591985428 0.9150967808715454
6311.237103825137 0.9603819480385054
6321.248287795992 0.9605630887071731
6331.259471766848 1.0
6341.270655737704 0.981446020080737
6351.28183970856 1.0216074940482351
6361.293023679416 1.0065469413104233
6371.3042076502725 1.0327217679329264
6381.315391621129 1.0103250181140668
6391.326575591985 1.0622088810682124
6401.337759562841 1.0590518579857158
6411.348943533697 1.0885519097401926
6421.360127504553 1.107649311665459
6431.371311475409 1.074190042438671
6441.382495446265 1.0964444674464342
6451.393679417121 1.0979712245109203
6461.4048633879775 1.0921747231135495
6471.416047358834 1.0974278025049167
6481.42723132969 1.0916313011075458
6491.438415300546 1.0723268812752305
6501.449599271402 1.1017881171721355
6511.460783242258 1.1066659766069764
6521.471967213114 1.1176120484421903
6531.48315118397 1.0882931373563813
6541.494335154826 1.0842304109305456
6551.505519125682 1.0943484111375634
6561.516703096539 1.110030017596522
6571.527887067395 1.1076751889038403
6581.539071038251 1.0924593727357417
6591.550255009107 1.0924334954973607
6601.561438979963 1.10027429872684
6611.572622950819 1.0941931477072766
6621.583806921675 1.0760532036021115
6631.594990892531 1.0329676016975469
6641.606174863387 1.0807628609874755
6651.6173588342435 1.085213745989028
6661.6285428051 1.0937532346547978
6671.639726775956 1.0879049787806645
6681.650910746812 1.1286616292309286
6691.662094717668 1.0874391884898045
6701.673278688524 1.2860469930649001
6711.68446265938 1.0522720215298624
6721.695646630236 1.2444622709864404
6731.706830601092 1.0479246454818343
6741.7180145719485 1.0615101956319222
6751.729198542805 1.0750957457820103
6761.740382513661 1.0705931063036953
6771.751566484517 1.0635286202256495
6781.762750455373 1.0580944001656145
6791.773934426229 1.043318497049995
6801.785118397085 1.0402391056826414
6811.796302367941 1.0380912948970087
6821.807486338797 1.032786461028879
6831.818670309653 1.0520650036228134
6841.82985428051 1.0425939343753234
6851.841038251365 1.0636838836559361
6861.852222222222 1.0622865127833558
6871.863406193077 1.0448970085912432
6881.874590163934 1.0077114170375738
6891.885774134789 1.0107390539281647
6901.896958105646 1.006210537211469
6911.9081420765015 0.9934530586895767
6921.9193260473585 0.9889504192112618
6931.930510018214 1.008798261049581
6941.941693989071 1.0090829106717731
6951.952877959926 1.0153452023600043
6961.964061930783 1.0130680053824657
6971.975245901638 1.0179588034364973
6981.986429872495 1.0290083842252356
6991.99761384335 1.0141030949177103
7002.008797814207 1.0031829003208776
7012.019981785063 1.0199772280302246
7022.03116575592 0.9980333298830348
7032.042349726775 1.0223838111996688
7042.053533697632 1.034960149052893
7052.064717668487 1.0087206293344375
7062.075901639344 1.0050719387226996
7072.087085610199 1.016147396749819
7082.098269581056 1.024376358555015
7092.109453551911 1.00947106924749
7102.120637522768 1.0205465272746093
7112.131821493624 1.0185539799192629
7122.143005464481 0.9952774039954456
7132.154189435336 1.0430338474278027
7142.165373406193 0.9950056929924439
7152.176557377048 0.9912017389504193
7162.187741347905 1.0015785115412483
7172.19892531876 0.9912276161888004
7182.210109289617 1.017001345616396
7192.2212932604725 1.0131973915743713
7202.2324772313295 0.9679122244074114
7212.243661202185 0.974096884380499
7222.254845173042 0.9746403063865026
7232.266029143897 0.9407411241072353
7242.277213114754 0.9478314874236622
7252.288397085609 0.9613911603353691
7262.299581056466 0.9324086533485146
7272.310765027321 0.9160542386916468
7282.321948998178 0.9570437842873409
7292.333132969034 0.936574888727875
7302.344316939891 0.9196252975882413
7312.355500910746 0.9333143566918539
7322.366684881603 0.95794948763068
7332.377868852458 0.955542904461236
7342.389052823315 0.962866162923093
7352.40023679417 0.9633837076907152
7362.411420765026 0.9330555843080427
7372.4226047358825 0.941336300590001
7382.433788706739 0.9520494772797846
7392.444972677595 0.9875271711003002
7402.456156648451 0.9615723010040369
7412.467340619307 0.9663078356277818
7422.478524590163 0.9837490942966567
7432.489708561019 0.953188075768554
7442.500892531875 0.9501086844012008
7452.512076502731 0.9849653245005694
7462.5232604735875 0.9660749404823518
7472.534444444444 0.9706810889141911
7482.5456284153 0.9777973294689991
7492.556812386156 0.987035503571059
7502.567996357012 0.9596185695062623
7512.579180327868 0.9685074008901771
7522.590364298724 1.01293861919056
7532.60154826958 1.0314149673946795
7542.612732240436 0.9990166649415175
7552.623916211292 0.9923403374391885
7562.635100182149 0.9962736776731188
7572.646284153005 0.9837232170582756
7582.657468123861 0.9637718662664321
7592.668652094717 0.9824811096159818
7602.679836065573 0.9925991098229997
7612.691020036429 0.9636166028361454
7622.702204007285 0.9848488769278542
7632.713387978141 0.9567332574267675
7642.724571948997 0.929665666080116
7652.735755919854 0.9249042542179898
7662.74693989071 0.957302556671152
7672.758123861566 0.9694648587102784
7682.769307832422 0.9479867508539489
7692.780491803278 0.9527481627160749
7702.791675774134 0.9676016975468379
7712.80285974499 0.9871390125245834
7722.814043715846 0.9639530069350999
7732.825227686702 0.9739674981885933
7742.8364116575585 0.9475727150398511
7752.847595628415 0.9540420246351309
7762.858779599271 0.9716126694959114
7772.869963570127 0.9485301728599524
7782.881147540983 0.968481523651796
7792.892331511839 0.9526187765241695
7802.903515482695 0.9662560811510197
7812.914699453551 0.9487889452437636
7822.925883424407 0.9431218300382983
7832.9370673952635 0.9394990166649415
7842.94825136612 0.9560604492288582
7852.959435336976 0.9462012214056515
7862.970619307832 0.9468999068419418
7872.981803278688 0.9656997205258255
7882.992987249544 0.9493064900113861
7893.0041712204 0.9547665873098024
7903.015355191256 0.9571731704792464
7913.026539162112 0.9574578201014388
7923.0377231329685 0.9729582858917296
7933.048907103825 0.9413363005900012
7943.060091074681 0.9751060966773627
7953.071275045537 0.9537056205361764
7963.082459016393 0.976710485456992
7973.093642987249 0.9753907462995549
7983.104826958105 0.9745367974329779
7993.116010928961 0.9565003622813374
8003.127194899817 0.9624521271089949
8013.1383788706735 0.9687920505123694
8023.14956284153 0.9653762550460615
8033.160746812386 0.9541455335886555
8043.171930783242 0.937454714832833
8053.183114754098 0.924697236310941
8063.194298724954 0.935488044715868
8073.20548269581 0.9272332056722907
8083.216666666666 0.9112669495911397
8093.227850637522 0.935048131663389
8103.2390346083785 0.9105682641548495
8113.250218579235 0.8971897319118104
8123.26140255009 0.9028180312597041
8133.272586520946 0.9309336507607909
8143.283770491802 0.9407411241072353
8153.294954462658 0.9314253182900322
8163.306138433514 0.8934892868233102
8173.31732240437 0.9140875685746817
8183.328506375226 0.9390332263740813
8193.339690346082 0.9532657074836974
8203.350874316939 0.9572508021943897
8213.362058287796 0.9147344995342097
8223.37324225865 0.9813166338888314
8233.384426229506 0.9321240037263224
8243.395610200363 0.9301314563709762
8253.40679417122 0.9202463513093883
8263.417978142075 0.8997774557499224
8273.42916211293 0.9143204637201118
8283.440346083788 0.9298468067487838
8293.451530054645 0.9795052272021529
8303.4627140255 0.9474950833247077
8313.473897996355 0.9231446020080737
8323.485081967212 0.9740192526653556
8333.496265938069 0.9201945968326262
8343.507449908924 0.9362126073905394
8353.51863387978 0.8992081565055379
8363.529817850636 0.9014335990063141
8373.541001821493 0.8907980540316738
8383.552185792349 0.8954559569402754
8393.563369763204 0.9197029293033847
8403.57455373406 0.9128713383707692
8413.585737704918 0.9184349446227098
8423.596921675773 0.8961287651381845
8433.608105646628 0.9026239519718456
8443.619289617485 0.9047717627574785
8453.630473588342 0.9062208881068213
8463.641657559197 0.8948090259807474
8473.652841530053 0.8764361867301522
8483.66402550091 0.8828796190870511
8493.675209471767 0.8638598488769279
8503.686393442622 0.8860237035503573
8513.697577413477 0.8609615981782425
8523.708761384334 0.8714160024842148
8533.719945355191 0.887408135803747
8543.731129326046 0.9094037884276991
8553.742313296902 0.8649208156505538
8563.753497267759 0.8878221716178449
8573.764681238616 0.8870199772280303
8583.77586520947 0.9072042231653038
8593.787049180326 0.9128454611323881
8603.798233151183 0.9005537729013561
8613.80941712204 0.8716747748680261
8623.820601092895 0.895585343132181
8633.83178506375 0.8999327191802091
8643.842969034607 0.8847427802504917
8653.854153005464 0.9006572818548805
8663.86533697632 0.8952230617948452
8673.876520947175 0.8215246868854156
8683.887704918032 0.8993634199358246
8693.898888888889 0.8658265189938931
8703.910072859744 0.8978884173481007
8713.9212568306 0.7344219024945658
8723.932440801456 0.798105786150502
8733.943624772313 0.914113445813063
8743.954808743169 0.8868388365593625
8753.965992714024 0.8903452023600043
8763.97717668488 0.9312441776213644
8773.988360655738 0.9351257633785323
8783.999544626593 0.8811717213538971
8794.010728597448 0.9090156298519823
8804.021912568305 0.9159766069765035
8814.033096539162 0.9010195631922162
8824.044280510017 0.913906427906014
8834.055464480873 0.8393541041300073
8844.06664845173 0.7538039540420246
8854.077832422587 0.8897888417348101
8864.089016393442 0.8503260532036021
8874.100200364297 0.8851697546837801
8884.111384335154 0.9052116758099576
8894.122568306011 0.9019511437739364
8904.133752276866 0.9273625918641963
8914.144936247721 0.9217472311354932
8924.156120218579 0.9051340440948142
8934.167304189436 0.8883397163854674
8944.17848816029 0.8936963047303592
8954.189672131146 0.9179432770934686
8964.200856102003 0.8846910257737295
8974.21204007286 0.8949125349342718
8984.223224043715 0.8790239105682642
8994.23440801457 0.8823879515578097
