3508.1046265938066 0.31134181534384814
3518.113879781421 0.7923843403452093
3528.1231329690345 0.6164945459825398
3538.132386156648 1.2448227671198069
3548.1416393442623 0.9386717970125416
3558.150892531876 0.7295678530591503
3568.16014571949 1.6252427536889487
3578.1693989071036 1.1080095104996643
3588.1786520947176 0.8905566546272936
3598.1879052823315 1.0242299943735593
3608.197158469945 1.7115632430077863
3618.2064116575593 1.151206054776122
3628.215664845173 0.9392798155979454
3638.224918032787 0.9701980144109479
3648.2341712204006 0.8003702560937982
3658.243424408014 1.145688512986188
3668.2526775956285 1.6860446122293409
3678.261930783242 1.5810298201353976
3688.2711839708563 0.23066591647458118
3698.28043715847 1.909722852423907
3708.2896903460837 1.1237635442946077
3718.2989435336976 2.1422218995589595
3728.308196721311 2.005553841406973
3738.3174499089255 1.4449244060475162
3748.326703096539 2.7028694847269357
3758.335956284153 1.1915893787320542
3768.345209471767 1.3614534366662432
3778.3544626593803 1.1730765740421438
3788.3637158469946 2.4262664028894494
3798.372969034608 2.0538323320688967
3808.3822222222225 2.4674664682287597
3818.391475409836 2.3641940577526905
3828.40072859745 2.4309853531045245
3838.409981785064 2.2886908543114868
3848.4192349726773 2.669292338965824
3858.4284881602916 1.5420440314354684
3868.437741347905 2.241138355990344
3878.446994535519 2.678367243225584
3888.456247723133 2.4501334010926183
3898.4655009107464 2.7261012396319217
3908.474754098361 1.8932065266711435
3918.4840072859743 2.4157395139481275
3928.4932604735886 2.642249124271739
3938.502513661202 2.6500535419351325
3948.511766848816 2.647331070657205
3958.52102003643 2.5057625642049475
3968.5302732240434 2.8050529066918344
3978.539526411658 2.691979599615224
3988.5487795992713 2.227163003430314
3998.558032786885 3.145724812603227
4008.567285974499 2.758044902626277
4018.5765391621126 2.7947982648783056
4028.585792349727 2.6141169210664827
4038.5950455373404 2.814127810951595
4048.6042987249543 2.9230266620687155
4058.6135519125683 2.7146668602646242
4068.622805100182 2.9522478537851424
4078.632058287796 2.5580340127411656
4088.6413114754096 3.037733451912082
4098.650564663023 3.0166796740294393
4108.659817850637 3.096720329600523
4118.669071038252 2.6375301740566637
4128.678324225865 3.370056445904496
4138.687577413479 3.217235058170136
4148.696830601093 2.9947184057208194
4158.706083788707 2.809045864566129
4168.71533697632 2.66602537343231
4178.724590163934 2.775831714975407
4188.733843351549 2.7152113545202097
4198.743096539161 2.455306096520682
4208.752349726776 2.8573243552280525
4218.76160291439 2.676189266203241
4228.770856102004 2.5718278672160007
4238.780109289617 2.647694066827595
4248.789362477231 2.6754632738624604
4258.798615664846 2.459662050565367
4268.807868852458 2.4276276385284135
4278.817122040073 2.5778173040274424
4288.826375227687 2.5776358059422475
4298.835628415301 2.40884258671071
4308.844881602914 2.45349111566873
4318.854134790528 2.4467756865165073
4328.863387978143 2.2177251030001632
4338.872641165755 2.4235439316115213
4348.88189435337 2.6417046300161533
4358.891147540984 2.309563134108935
4368.900400728597 2.9958073942319907
4378.909653916211 2.839174546708532
4388.918907103825 2.741528576873514
4398.928160291439 2.5930631431838393
4408.937413479052 2.3117411111312776
4418.946666666667 2.1612791985044555
4428.955919854281 2.4696444452511024
4438.965173041894 2.4220919469299598
4448.974426229508 2.7155743506906003
4458.983679417122 2.4373377860863568
4468.992932604736 2.24204584641632
4479.002185792349 2.3881518049984574
4489.011438979964 2.1665426429751165
4499.020692167578 2.4525836252427538
4509.029945355191 2.487249759515037
4519.039198542805 2.509937020164437
4529.048451730419 2.3033921992122983
4539.057704918032 2.1620051908452367
4549.066958105646 2.5792692887090043
4559.076211293261 2.251665244931666
4569.085464480875 2.3578416247708587
4579.094717668488 2.16037170807848
4589.103970856102 2.418643483311251
4599.113224043716 2.2353304172640978
4609.122477231329 2.203749750440133
4619.131730418943 2.45802856779861
4629.140983606558 2.4576655716282194
4639.150236794171 2.184692451494637
4649.159489981785 2.1657259015917383
4659.168743169399 2.323175490498575
4669.177996357013 2.398497195854584
4679.187249544626 2.25075775450569
4689.19650273224 2.133328493384395
4699.205755919855 2.1197161369947546
4709.215009107467 2.2458573062054192
4719.224262295082 2.0474798990870644
4729.233515482696 2.0042833548106067
4739.24276867031 2.2447683176942483
4749.252021857923 2.1467593516888397
4759.261275045537 2.2044757427809136
4769.270528233152 2.2153656278926257
4779.279781420764 2.263916365682342
4789.289034608379 2.0128137648147812
4799.298287795993 2.203931248525328
4809.3075409836065 2.309563134108935
4819.31679417122 2.099025355282502
4829.326047358834 2.1344174818955657
4839.335300546449 2.301032724104761
4849.344553734061 2.188866907454126
4859.353806921676 2.194130351924787
4869.36306010929 2.407935096284734
4879.3723132969035 2.315734069005572
4889.381566484517 2.2901428389930487
4899.390819672131 3.483129752981106
4909.400072859746 2.6713795669455687
4919.409326047358 2.2696335553659908
4929.418579234973 2.2650961032361105
4939.427832422587 2.0293300905675444
4949.4370856102 1.7556491279017006
4959.446338797814 2.214095141296259
4969.455591985428 2.136050964662323
4979.464845173042 1.8883060783708732
4989.474098360655 2.0327785541862533
4999.48335154827 1.8959289979490714
5009.492604735884 1.8247817485525528
5019.501857923497 1.9157122892353484
5029.511111111111 1.9561863622338784
5039.520364298725 2.0027406210864473
5049.529617486339 1.8823166415594315
5059.538870673952 1.961268308619344
5069.548123861567 1.9189792547688622
5079.557377049181 1.7842169265114254
5089.566630236794 1.8147267546327386
5099.575883424408 1.7673376045882716
5109.585136612022 1.7325444216563515
5119.594389799635 1.8180663194003304
5129.603642987249 1.8423870628164873
5139.612896174864 1.739895094106757
5149.622149362478 1.7353031925513185
5159.631402550091 1.7428716627039584
5169.640655737705 1.7659037697152296
5179.649908925319 1.693304535637149
5189.659162112932 1.824963246637748
5199.668415300546 1.344628564168648
5209.677668488161 1.8884875764560682
5219.686921675774 1.6578761094070456
5229.696174863388 1.8167958328039637
5239.705428051002 1.5848231301159772
5249.714681238616 1.747209466940124
5259.723934426229 1.6027732907417827
5269.733187613843 1.8465615187759767
5279.742440801458 1.7569014646895473
5289.75169398907 1.8239650071691744
5299.760947176685 1.7069713414523477
5309.770200364299 1.6682940994972504
5319.779453551913 1.7439425014066101
5329.788706739526 1.6779316478211155
5339.79795992714 1.6029366390184583
5349.807213114755 1.4730203096357335
5359.816466302367 1.6824509501424758
5369.825719489982 1.7186779679474382
5379.834972677596 1.631649636096339
5389.844225865209 1.6555347841080277
5399.853479052823 1.6756084723306168
5409.862732240437 1.5629707606584753
5419.871985428052 1.5532333883877523
5429.881238615664 1.4655970379512495
5439.890491803279 1.4763780242118445
5449.899744990893 1.4464126903461167
5459.908998178506 1.6374938744396248
5469.91825136612 1.5770005626440642
5479.927504553734 1.522460388042906
5489.936757741349 1.532751329473474
5499.946010928961 1.5730439043868087
5509.955264116576 1.502150752309563
5519.96451730419 1.571174474109298
5529.9737704918025 1.5671089170009256
5539.983023679417 1.4430186761529666
5549.992276867031 1.500417445595949
5560.001530054646 1.4812240230865565
5570.010783242258 1.4194965243116684
5580.020036429873 1.4419115378332756
5590.029289617487 1.3713450823093816
5600.0385428050995 1.375483238651832
5610.047795992714 1.3357896074196416
5620.057049180328 1.3024847087863223
5630.066302367942 1.2885275060348114
5640.075555555555 1.215619725211899
5650.08480874317 1.250195110441585
5660.094061930784 1.0886799644263752
5670.1033151183965 1.181008040365174
5680.112568306011 1.209938835145289
5690.121821493625 1.0790242662939906
5700.131074681238 1.1396264769406683
5710.140327868852 1.1564513494382633
5720.149581056467 1.1800098008966005
5730.158834244081 1.142929742091221
5740.1680874316935 1.129498883786776
5750.177340619308 1.1504437628183022
5760.186593806922 1.1545819191607527
5770.195846994535 1.101021834219649
5780.205100182149 1.2372361471586475
5790.214353369764 1.179719403960288
5800.223606557377 1.1368586311414415
5810.2328597449905 1.0742508666533568
5820.242112932605 1.0342849882933733
5830.251366120219 1.0072417735992885
5840.260619307832 1.103816904731655
5850.269872495446 1.157032143310888
5860.279125683061 1.1534566310325425
5870.288378870673 1.1496270214349238
5880.2976320582875 1.0663556999473656
5890.306885245902 1.0782075249106122
5900.316138433516 1.0517088044721128
5910.325391621129 1.0845781077009637
5920.334644808743 0.9121186271484836
5930.343897996358 1.0047008004065556
5940.35315118397 1.176397989001216
5950.3624043715845 1.0570629979853712
5960.371657559199 1.1260141205510281
5970.380910746813 1.0860663919995643
5980.390163934426 1.1326932500862117
5990.39941712204 1.0915839337894986
6000.408670309655 1.0490044830027043
6010.417923497267 1.0615278508811732
6020.4271766848815 1.0556654627293682
6030.436429872496 1.1143619434814962
6040.445683060109 1.056464054304227
6050.454936247723 1.0402199756792565
6060.464189435337 1.003711635842242
6070.473442622952 1.0551209684737826
6080.482695810564 1.138991233642485
6090.4919489981785 1.0169156215401929
6100.501202185793 1.0271339637366825
6110.510455373405 1.0620360455197198
6120.51970856102 1.0037025609379822
6130.528961748634 1.0723632865673267
6140.538214936249 1.0286222480352831
6150.547468123861 1.0508920630887344
6160.5567213114755 1.0100731437283337
6170.56597449909 1.0146287456667331
6180.575227686702 0.9886382198667804
6190.584480874317 0.9996914532551681
6200.593734061931 1.0242662939905984
6210.602987249545 1.0736337731636931
6220.612240437158 1.0077862678548741
6230.6214936247725 1.043722888723524
6240.630746812387 1.0
6250.639999999999 0.9842459662050564
6260.649253187614 0.9777664845635878
6270.658506375228 0.9688549285805035
6280.667759562841 1.0240303464798446
6290.677012750455 1.0771003865909214
6300.6862659380695 1.005898687768844
6310.695519125684 0.9060747409114833
6320.704772313296 0.9932845708477774
6330.714025500911 0.941829863694938
6340.723278688525 0.9628110423435032
6350.732531876138 0.9007749968237835
6360.741785063752 0.9436266947383705
6370.7510382513665 0.9555511189356952
6380.76029143898 0.9501606258053977
6390.769544626593 0.9483819445704847
6400.778797814208 0.9266747735811387
6410.788051001822 0.954462130424524
6420.797304189435 0.963010690237218
6430.806557377049 0.9649527197488066
6440.8158105646635 0.976396174020364
6450.825063752276 0.9502150752309563
6460.83431693989 0.946712162186689
6470.843570127505 0.9675299925585785
6480.852823315119 0.9307947801150698
6490.862076502732 0.8577418008240013
6500.871329690346 0.9830299290342487
6510.8805828779605 0.9067825834437446
6520.889836065573 0.9718496469862242
6530.899089253187 0.9124997731273935
6540.908342440802 0.9534094415303919
6550.917595628416 0.9347695881808447
6560.926848816029 1.0815652394867235
6570.936102003643 1.1043160244659418
6580.9453551912575 1.2593607637439426
6590.95460837887 1.5585240575711927
6600.963861566484 2.353667168811369
6610.973114754099 4.559413398188649
6620.982367941712 2.204657240866109
6630.991621129326 1.2854238887779732
6641.00087431694 1.1203150806758988
6651.0101275045545 1.0178594115832078
6661.019380692167 0.9032978202079968
6671.028633879781 0.9722489427736537
6681.037887067396 0.8840408733687859
6691.047140255008 0.8292466014483547
6701.056393442623 0.8726609434270469
6711.065646630237 0.8226763707642883
6721.0748998178515 0.8555275241846199
6731.084153005464 0.84984663411801
6741.093406193078 0.8730602392144763
6751.102659380693 0.8941321669056391
6761.111912568305 0.9390166433744124
6771.12116575592 0.8640942338058334
6781.130418943534 0.8473419605423163
6791.139672131148 0.789407771748008
6801.148925318761 0.829464399150589
6811.158178506375 0.8620614552516471
6821.16743169399 0.8136559159300869
6831.176684881602 0.8228941684665226
6841.185938069217 0.820952138954934
6851.195191256831 0.8512986187995717
6861.204444444444 0.7799880211263771
6871.213697632058 0.8237290596584206
6881.222950819672 0.8027660308183748
6891.232204007287 0.8582318456540283
6901.241457194899 0.7958328039639181
6911.250710382514 0.8629507958691035
6921.259963570128 0.8089914151405703
6931.269216757741 0.7739985843149355
6941.278469945355 0.7895892698332032
6951.287723132969 0.853331397353758
6961.296976320584 0.764143238288836
6971.306229508196 0.8271049240430512
6981.315482695811 0.790660108535855
6991.324735883425 0.8012958963282938
7001.333989071038 0.7872842441512242
7011.343242258652 0.7756865165072508
7021.352495446266 0.7850336678948037
7031.36174863388 0.7971032905602845
7041.371001821493 0.7424723669165291
7051.380255009108 0.7984282265822096
7061.389508196722 0.765431874693722
7071.398761384335 0.7546871880501661
7081.408014571949 0.7665390130134125
7091.417267759563 0.7847614207670108
7101.426520947176 0.8088280668638945
7111.43577413479 0.7834183349365664
7121.445027322405 0.7475906129190336
7131.454280510019 0.7741800824001307
7141.463533697632 0.7356843385302285
7151.472786885246 0.7663393651196979
7161.48204007286 0.7447592427899885
7171.491293260473 0.7604951267764125
7181.500546448087 0.7796976241900648
7191.509799635702 0.7491514964517125
7201.519052823315 0.7754687188050166
7211.528306010929 0.7463927255567453
7221.537559198543 0.7802058188286114
7231.546812386157 0.7904786104506597
7241.55606557377 0.7832368368513712
7251.565318761384 0.774543078570521
7261.574571948999 0.7854511134907527
7271.583825136611 0.7229431729495254
7281.593078324226 0.778136740657386
7291.60233151184 0.808356171842387
7301.611584699454 0.7373541209140243
7311.620837887067 0.7245403560992432
7321.630091074681 0.7745793781875601
7331.639344262296 0.7138319690727263
7341.648597449908 0.7753144454326006
7351.657850637523 0.721745285587237
7361.667103825137 0.7738352360382599
7371.6763570127505 0.7958328039639181
7381.685610200364 0.7366644281902825
7391.694863387978 0.717244133074396
7401.704116575593 0.8235838611902645
7411.713369763205 0.7518739677296404
7421.72262295082 0.733433762273808
7431.731876138434 0.7539248960923463
7441.741129326047 0.7558669256039349
7451.750382513661 0.7326714703159882
7461.759635701275 0.7246946294716591
7471.76888888889 0.7451403887688984
7481.778142076502 0.7085866744105849
7491.787395264117 0.6741564876490552
7501.796648451731 0.7071891391545819
7511.805901639344 0.7522369639000308
7521.815154826958 0.9544802802330435
7531.824408014572 0.9704158121131822
7541.833661202187 0.7024338893224676
7551.842914389799 0.6755721727135778
7561.852167577414 0.7426357151932047
7571.861420765028 0.680218523694575
7581.870673952641 0.7266275840789879
7591.879927140255 0.6972339691816252
7601.889180327869 0.6709258217325808
7611.898433515483 0.8762546055139119
7621.907686703096 0.6749913788409532
7631.916939890711 0.6933226854456686
7641.926193078324 0.6803274225456921
7651.935446265938 0.6676770060075866
7661.944699453552 0.7255204457592972
7671.953952641166 0.6844837286966623
7681.96320582878 0.7087137230702216
7691.972459016393 0.7191498629689456
7701.981712204008 0.700981904640906
7711.990965391621 0.7577726554984844
7722.000218579235 0.7402943898941865
7732.009471766849 0.7792075793600378
7742.018724954463 0.7016897471731673
7752.027978142077 0.6925785432963681
7762.03723132969 0.7498411891754542
7772.046484517305 0.7280432691435105
7782.055737704918 0.7015989981305697
7792.064990892532 0.701054503874984
7802.074244080146 0.7481351071746193
7812.083497267759 0.6472947710401655
7822.092750455373 0.5811750186035537
7832.102003642987 0.7176071292447864
7842.111256830602 0.7349220465724086
7852.120510018215 0.7570829627747427
7862.129763205829 0.7057008548559812
7872.139016393443 0.7116539920503838
7882.148269581056 0.7046300161533295
7892.15752276867 0.6902553678058696
7902.166775956284 0.6924514946367316
7912.176029143899 0.748788500281322
7922.185282331512 0.6900012704865964
7932.194535519126 0.8014592446049694
7942.20378870674 0.7029602337695338
7952.213041894353 0.6956821605532061
7962.222295081967 0.6635932990906945
7972.231548269581 0.7191044884476469
7982.240801457196 0.6633755013884602
7992.250054644809 0.7399858431493548
8002.259307832423 0.6831224930576982
8012.268561020037 0.725828992504129
8022.27781420765 0.7645425340762655
8032.287067395264 0.7674283536308693
8042.296320582878 0.7142312648601556
8052.305573770492 0.7290959580376427
8062.314826958105 0.7179338257981378
8072.32408014572 0.6982775831714975
8082.333333333334 0.7485888523876072
8092.342586520947 0.6930685881263953
8102.351839708561 0.6751002776920703
8112.361092896175 0.7123436847741256
8122.370346083789 0.6903279670399477
8132.379599271402 0.7395502477448863
8142.388852459017 0.6912899068914823
8152.398105646631 0.7230157721836035
8162.407358834244 0.8049621576492367
8172.416612021858 0.7087863223042997
8182.425865209472 0.7467738715356553
8192.435118397087 0.7594605876907998
8202.4443715847 0.7194584097137775
8212.453624772314 0.7290778082291232
8222.462877959926 0.7227798246728497
8232.47213114754 0.762364557053923
8242.481384335155 0.6749187796068752
8252.49063752277 0.7465016244078625
8262.499890710384 0.7282792166542642
8272.509143897996 0.7837268816813981
8282.51839708561 0.869176180191299
8292.527650273223 0.7853966640651941
8302.536903460837 0.7052471096429932
8312.546156648452 0.7539248960923463
8322.555409836066 0.7335789607419642
8332.56466302368 0.7233606185454743
8342.573916211293 1.003139916873877
8352.583169398908 0.7223260794598617
8362.59242258652 0.7288418607183693
8372.601675774134 0.6501805905947692
8382.610928961749 0.6958818084469209
8392.620182149363 0.7692251846743017
8402.629435336976 0.6981142348948218
8412.63868852459 0.7350127956150062
8422.647941712205 0.7605314263934515
8432.657194899817 0.6758262700328511
8442.666448087431 0.6832495417173349
8452.675701275046 0.7212733905657296
8462.68495446266 0.7590975915204095
8472.694207650273 0.666225021326025
8482.703460837887 0.6658983247726736
8492.712714025502 0.6354610958854384
8502.721967213114 0.9590540319799626
8512.731220400728 0.6773508539484908
8522.740473588343 0.7371907726373486
8532.749726775957 0.7319454779752074
8542.75897996357 0.6541916982775831
8552.768233151184 0.8016951921157232
8562.777486338799 0.8589033885692506
8572.786739526411 0.7110187487522006
8582.795992714025 0.6778771983955568
8592.80524590164 0.6119389440441403
8602.814499089254 0.8463800206907818
8612.823752276867 0.7679546980779353
8622.833005464481 0.6590195473437755
8632.842258652094 0.7400402925749133
8642.851511839708 0.7331252155289761
8652.860765027322 0.7387153565529884
8662.870018214937 0.7670835072689983
8672.879271402551 0.6577309109388896
8682.888524590164 0.7181879231174111
8692.897777777778 0.7217634353957566
8702.90703096539 0.6420313265695047
8712.916284153005 0.6120115432782184
8722.92553734062 0.8087373178212969
8732.934790528234 0.7436884040873369
8742.944043715848 0.7145579614135071
8752.95329690346 0.7103472058369784
8762.962550091075 0.7091856180917291
8772.971803278688 0.7904060112165816
8782.981056466302 0.7260830898234024
8792.990309653916 0.7344501515509011
8802.99956284153 0.7102927564114198
8813.008816029143 0.7503130841969617
8823.018069216758 0.7096756629217561
8833.027322404372 0.6680400021779771
8843.036575591985 0.7793527778281939
8853.0458287796 0.7409114833838504
8863.055081967213 0.6592373450460098
8873.064335154828 0.7828466159682015
8883.07358834244 0.6794199321197161
8893.082841530055 0.7228161242898887
8903.09209471767 0.7975207361562335
8913.101347905282 0.7083870265168702
8923.110601092896 0.9485089932301214
8933.11985428051 0.7276439733560811
8943.129107468125 0.6676770060075866
8953.138360655737 0.6298346552443871
8963.147613843352 0.7569014646895476
8973.156867030964 0.768680690418716
8983.166120218579 0.7777192950614371
8993.175373406193 0.8807739078352723
