3507.326338797814 0.3661800717553484
3517.3390163934428 0.6296626739307883
3527.3516939890715 0.3759182976138499
3537.3643715846993 0.2830729512709049
3547.377049180328 -0.14420547087074545
3557.3897267759567 -0.02109379449116346
3567.402404371585 0.5229218474154786
3577.415081967213 -0.20788169858957078
3587.427759562842 0.3230699140074792
3597.44043715847 0.1898251675240608
3607.4531147540984 0.43047514189715064
3617.465792349727 0.5528578750545757
3627.4784699453558 0.7132633497219005
3637.4911475409835 -0.08432202585470491
3647.5038251366122 0.28233261831090184
3657.516502732241 0.8028056720894473
3667.5291803278687 0.38127147440156417
3677.5418579234974 0.4884489075343116
3687.554535519126 0.7079481387270069
3697.567213114754 0.5985497067142505
3707.5798907103826 0.5780481785910894
3717.5925683060113 0.596936160519372
3727.6052459016396 0.4015262248713909
3737.617923497268 0.48679739554661244
3747.6306010928965 0.46504299626036943
3757.643278688525 0.38639685643235444
3767.655956284153 0.5690692685890013
3777.6686338797817 0.7995406139068699
3787.6813114754104 0.8039256629776571
3797.6939890710382 0.6350158507185025
3807.706666666667 0.8172326733613015
3817.7193442622956 0.7271018812050342
3827.7320218579234 0.3947683137493118
3837.744699453552 0.5476185956453236
3847.757377049181 0.989103817460468
3857.7700546448086 0.48127337269120524
3867.7827322404373 0.3239241443459443
3877.795409836066 0.4005960629472845
3887.8080874316943 0.33028341464340627
3897.8207650273225 0.7343343647373716
3907.833442622951 0.9157159399381156
3917.8461202185795 0.7907894986617058
3927.8587978142077 0.45039769167979654
3937.8714754098364 0.5516050038914937
3947.884153005465 0.8074754646063896
3957.896830601093 0.7596195827559369
3967.9095081967216 0.5203401735036732
3977.9221857923503 1.0360485202832248
3987.934863387978 0.8937337458949487
3997.947540983607 0.9474743256326049
4007.9602185792355 0.9660965470111429
4017.9728961748633 0.9468668729474743
4027.985573770492 0.966779931281915
4037.9982513661207 0.9225307997494258
4048.0109289617485 0.8997323411606142
4058.023606557377 0.986996715958921
4068.036284153006 0.9354486607566582
4078.0489617486346 0.8076652935704929
4088.0616393442624 1.008637217866702
4098.074316939891 1.0877769130013857
4108.08699453552 0.8515727329675962
4118.099672131148 0.987850946297386
4128.112349726776 1.0472294462689118
4138.125027322405 1.1329372235615711
4148.137704918033 0.9313008978910002
4158.1503825136615 1.0219442282503464
4168.16306010929 0.9625657282788208
4178.175737704918 0.8007555192771313
4188.188415300547 0.927656181780216
4198.201092896175 0.9522200497351886
4208.213770491804 1.070474002923366
4218.226448087432 1.0099280548226048
4228.239125683061 1.002220998880009
4238.251803278688 0.93526832324076
4248.264480874317 0.9962034207179331
4258.277158469946 0.6310104595759221
4268.2898360655745 0.7688642533077696
4278.302513661202 0.7653714003682682
4288.315191256831 0.8794396248979669
4298.32786885246 0.7856451337345052
4308.3405464480875 0.5101463581313236
4318.353224043716 1.0197801780595683
4328.365901639345 0.796484367584806
4338.378579234973 0.8744661060384593
4348.391256830601 1.0166100343590425
4358.40393442623 0.9046678942273011
4368.416612021858 0.7863285180052773
4378.429289617487 0.8584445414681372
4388.441967213115 0.8859127925738909
4398.454644808744 1.052354828299702
4408.467322404372 0.9255111144858482
4418.4800000000005 1.0239374323734314
4428.492677595629 1.0449704815960819
4438.505355191257 0.9777330625106778
4448.518032786886 1.1189468289071547
4458.530710382514 0.9783215322993982
4468.543387978142 1.0698190929972096
4478.556065573771 0.9488410941741491
4488.5687431694 1.0169232521498128
4498.581420765027 0.9637236849598512
4508.594098360656 0.9824408208204407
4518.606775956285 1.026803849731392
4528.6194535519135 0.9472844966685017
4538.632131147541 0.9813018470358207
4548.64480874317 0.9115207198314319
4558.657486338799 1.061618481747945
4568.6701639344265 1.0811708650505893
4578.682841530055 1.083240000759316
4588.695519125684 0.9822509918563374
4598.708196721312 1.0697051956187476
4608.72087431694 1.1276220125666774
4618.733551912569 1.115966514170732
4628.746229508197 1.1671918601340192
4638.758907103826 1.0946297386055164
4648.771584699454 1.2258774843865676
4658.784262295082 1.1814005580971545
4668.796939890711 1.0342261622278326
4678.809617486339 1.1831090187740845
4688.822295081967 1.1336016249359326
4698.834972677596 1.1497940355739478
4708.847650273225 1.0846067693008599
4718.860327868853 1.167410163442738
4728.873005464481 1.2086030486531634
4738.88568306011 1.1737504508437897
4748.8983606557385 1.0183564608287932
4758.911038251366 1.1272993033277017
4768.923715846995 1.1234362839081986
4778.936393442624 1.0433379525047932
4788.9490710382515 1.1761422957914918
4798.96174863388 1.0838474534444464
4808.974426229509 1.042198978720173
4818.987103825137 1.0972303954137321
4828.999781420765 0.9844530078399362
4839.012459016394 1.0509311110689268
4849.025136612022 1.067465213842328
4859.037814207651 1.0018603238482127
4869.050491803279 1.0200839044021337
4879.063169398908 0.9906034662768844
4889.075846994536 1.032308889690389
4899.0885245901645 1.1386890411739023
4909.101202185793 1.0968127716927047
4919.113879781421 1.080297651815714
4929.12655737705 1.1025456064086259
4939.139234972678 1.1208071527553674
4949.151912568306 1.201541411188519
4959.164590163935 1.1850452742079387
4969.177267759564 1.1061523567265894
4979.189945355191 1.0661174281971944
4989.20262295082 1.0807152755367413
4999.215300546449 1.0485392661212247
5009.227978142077 1.0893145276106229
5019.240655737705 1.125382030790258
5029.253333333334 1.2385770420850812
5039.266010928963 1.0918392528331973
5049.2786885245905 1.1276220125666774
5059.291366120219 1.1150363522466258
5069.304043715848 1.0890867328536988
5079.316721311476 1.0680726665274587
5089.329398907104 1.010554490404146
5099.342076502733 1.131285711573872
5109.354754098361 1.0097382258585015
5119.36743169399 1.147307276144194
5129.380109289618 1.0836386415839327
5139.392786885246 1.0012718540594925
5149.405464480875 1.03918069819093
5159.4181420765035 1.1186431025645893
5169.430819672131 0.9568898422521308
5179.44349726776 1.048159608193018
5189.456174863389 1.126008466371799
5199.468852459017 1.018223580553921
5209.481530054645 1.1258186374076957
5219.494207650274 1.0035118358359119
5229.506885245903 1.080696292640331
5239.51956284153 1.1152261812107291
5249.532240437159 1.1361643159513277
5259.544918032788 1.0244499705765104
5269.557595628416 1.0455779342812126
5279.570273224044 1.1043110157747869
5289.582950819673 1.089618253953188
5299.595628415301 1.1074052278896713
5309.6083060109295 1.1997380360295373
5319.620983606558 1.2034207179331422
5329.633661202186 1.1260464321646197
5339.646338797815 1.1492245486816377
5349.659016393443 1.3259742971582604
5359.671693989072 1.2121148844890752
5369.6843715847 1.2075589893505951
5379.697049180329 1.2635015850718503
5389.709726775957 1.2235995368173276
5399.722404371585 1.2217961616583457
5409.735081967214 1.180299550105355
5419.7477595628425 1.2288388162265798
5429.76043715847 1.2269595094819568
5439.773114754099 1.2969304656504488
5449.785792349728 1.1964539949505495
5459.7984699453555 1.2222897169650144
5469.811147540984 1.2125609825547183
5479.823825136613 1.2621348165303061
5489.836502732241 1.2753089466390781
5499.849180327869 1.304827350557148
5509.861857923498 1.3235824522105581
5519.874535519127 1.2460183374779323
5529.887213114755 1.318741813625923
5539.899890710383 1.23282522447275
5549.912568306012 1.3567645551358225
5559.92524590164 1.2735815030657376
5569.9379234972685 1.312667286774616
5579.950601092897 1.2537253934205281
5589.963278688525 1.1783253288786804
5599.975956284154 1.2213405721444976
5609.988633879782 1.3392623246454944
5620.00131147541 1.2365933294102014
5630.013989071039 1.1698209912868505
5640.026666666668 1.1776419446079083
5650.039344262296 1.2663490195334002
5660.052021857924 1.1452381404354677
5670.064699453553 1.202281744148522
5680.0773770491805 1.2226124262039904
5690.090054644809 1.1683213424704342
5700.102732240438 1.2192904193321816
5710.115409836067 1.1923536893259172
5720.128087431694 1.2156457032213974
5730.140765027323 1.1534007858919113
5740.153442622952 1.2709049146718807
5750.16612021858 1.205224093092124
5760.178797814208 1.1847890051063992
5770.191475409837 1.1757056891740543
5780.204153005466 1.1179027696045862
5790.2168306010935 1.178135499914577
5800.229508196722 1.2063251010839233
5810.24218579235 1.1367527857400481
5820.254863387979 1.093756525370641
5830.267540983607 1.1587159968868048
5840.280218579236 1.1424096888703277
5850.292896174864 1.1389927675164675
5860.305573770493 1.164581711877598
5870.31825136612 1.1324626511513125
5880.330928961749 1.281725165625771
5890.343606557378 1.1284952258015528
5900.3562841530065 1.1982763530059417
5910.368961748634 1.2258015528009263
5920.381639344263 1.3102944247233244
5930.394316939892 1.2342489417035252
5940.4069945355195 1.260255509785683
5950.419672131148 1.2746445452647166
5960.432349726777 1.2825793959642362
5970.445027322406 1.2734865885836861
5980.457704918033 1.252016932743598
5990.470382513662 1.2864708897283545
6000.48306010929 1.2426583648133032
6010.495737704919 1.2230869986142485
6020.508415300547 1.2944816720135157
6030.521092896176 1.2904383150781145
6040.533770491804 1.223571062472712
6050.5464480874325 1.1426374836272517
6060.559125683061 1.2112796370470205
6070.571803278689 1.1850832400007594
6080.584480874318 1.2103684580193246
6090.597158469946 1.213007080620361
6100.609836065575 1.184494770212039
6110.622513661203 1.2072932288008502
6120.635191256832 1.1524516410713948
6130.647868852459 1.1774141498509842
6140.660546448088 1.1205224093092123
6150.673224043717 1.1448964483000816
6160.6859016393455 1.1488448907534312
6170.698579234973 1.0923138252434557
6180.711256830602 1.1978872036295296
6190.72393442623 1.179787011902276
6200.7366120218585 1.122876288464094
6210.749289617487 1.1446686535431576
6220.761967213116 1.166840676550428
6230.774644808744 1.1843049412479356
6240.787322404372 1.112207900681486
6250.800000000001 1.107841834507109
6260.812677595629 1.1736175705689174
6270.825355191258 1.1369426147041515
6280.838032786886 1.2148294386757532
6290.850710382515 1.0488809582566108
6300.863387978143 0.9823838721312097
6310.8760655737715 1.0640293095920574
6320.888743169399 1.049583325423793
6330.901420765028 1.0314736422483344
6340.914098360657 1.0077450217354165
6350.926775956285 1.1031720419901667
6360.939453551913 0.9960705404430608
6370.952131147542 1.034700734638091
6380.964808743171 0.9876041686440518
6390.977486338798 0.9921220979897113
6400.990163934427 0.983200136676854
6411.002841530056 0.9521061523567266
6421.0155191256845 0.915165435942216
6431.028196721312 0.9650714706049849
6441.040874316941 0.9778089940963192
6451.053551912569 0.9997532223466655
6461.0662295081975 0.9880882325025151
6471.078907103826 1.0337705727139845
6481.091584699455 0.9805804969722279
6491.104262295083 0.9912299018584255
6501.116939890711 1.0097002600656808
6511.129617486339 1.059796123692553
6521.142295081968 1.0547276903509937
6531.154972677597 1.1160044799635527
6541.167650273225 1.1126445072989237
6551.180327868853 1.1127014559881547
6561.193005464482 1.0396742534975987
6571.2056830601105 1.1426374836272517
6581.218360655738 1.1876649139125648
6591.231038251367 1.2427912450881753
6601.243715846996 1.2797414529508913
6611.256393442624 1.1783443117750905
6621.269071038252 1.1771673721976499
6631.281748633881 1.1948214658592609
6641.294426229509 1.1869815296417927
6651.307103825137 1.215341976878832
6661.319781420766 1.1967387383967045
6671.332459016395 1.2096281250593215
6681.3451366120225 1.2267127318286224
6691.357814207651 1.265020216784677
6701.37049180328 1.2778716376544732
6711.383169398908 1.2135006359270297
6721.395846994536 1.2277567911311908
6731.408524590165 1.5303821257047399
6741.421202185794 1.2594202623436284
6751.433879781422 1.3051500597961236
6761.44655737705 1.1875699994305131
6771.459234972678 1.212665388484975
6781.471912568307 1.1976309345279903
6791.4845901639355 1.1890696482469296
6801.497267759564 1.1639552762960572
6811.509945355192 1.1684162569524859
6821.522622950821 1.215000284743446
6831.5353005464485 1.1220600239184495
6841.547978142077 1.1125875586096927
6851.560655737706 1.1684732056417169
6861.573333333335 1.1440232350652062
6871.586010928962 1.0869606484557413
6881.598688524591 1.1569505875206438
6891.61136612022 1.1858995045464036
6901.624043715848 1.1526414700354979
6911.636721311476 1.0902067237419084
6921.649398907105 1.0689268968659238
6931.662076502734 1.020159835987775
6941.6747540983615 1.049640274113024
6951.68743169399 1.041515594449401
6961.700109289618 1.022551680935477
6971.712786885247 1.0727234761479907
6981.725464480875 1.059397482867936
6991.738142076504 1.0379088441314375
7001.750819672132 0.9886482279466201
7011.763497267761 1.0316444883160272
7021.776174863389 1.010383644336453
7031.788852459017 1.0660035308187323
7041.801530054646 1.0215455874257293
7051.8142076502745 0.9648436758480609
7061.826885245903 1.041629491827863
7071.839562841531 1.0115985497067141
7081.85224043716 1.0291197630934528
7091.8649180327875 0.9924827730215076
7101.877595628416 1.0235957402380453
7111.890273224045 1.029081797300632
7121.902950819674 1.0214316900472673
7131.915628415301 1.0567588602668994
7141.92830601093 1.050190778108924
7151.940983606558 1.0153571631959604
7161.953661202187 1.0073084151179788
7171.966338797815 1.0091782304143966
7181.979016393444 1.0711478957459328
7191.991693989072 1.000512538203079
7202.0043715847005 1.0085992520738813
7212.017049180329 0.9843580933578845
7222.029726775957 1.0075931585641338
7232.042404371586 0.9988230604225592
7242.055081967214 0.9798211811158146
7252.067759562843 0.9196833652878756
7262.080437158471 0.945936711023368
7272.0931147541 0.9833330169517265
7282.105792349727 0.9543081683403253
7292.118469945356 0.9235558761555838
7302.131147540985 0.9608572676018906
7312.1438251366135 0.9292317621822738
7322.156502732241 0.9251694223504622
7332.16918032787 1.0279428235160122
7342.181857923499 1.0458057290381366
7352.1945355191265 0.9927295506748419
7362.207213114755 0.9998481368287173
7372.219890710384 0.9305225991381765
7382.232568306013 1.0148066592000609
7392.24524590164 0.9573454317659789
7402.257923497269 1.0
7412.270601092897 0.9666470510070425
7422.283278688526 0.995178344311775
7432.295956284154 1.0281896011693463
7442.308633879783 0.9781127204388846
7452.321311475411 0.9980352702215304
7462.3339890710395 0.9927295506748419
7472.346666666667 0.989046868771237
7482.359344262296 1.0048026727918147
7492.372021857925 0.9998671197251275
7502.384699453553 0.9419882685700184
7512.397377049181 1.0181476489682795
7522.41005464481 0.9362554338540974
7532.422732240439 0.7306326999373564
7542.435409836066 0.9817764194460791
7552.448087431695 1.0181476489682795
7562.460765027324 0.9858957079671216
7572.4734426229525 1.0033979384574498
7582.48612021858 0.9502837943013345
7592.498797814209 0.9078380379278269
7602.511475409837 0.9168359308263255
7612.524153005465 1.0516904269253402
7622.536830601094 0.8745230547276903
7632.549508196723 0.8516296816568272
7642.562185792352 1.0375291862032308
7652.574863387979 0.8917215588754532
7662.587540983607 0.8264203952239032
7672.600218579236 0.9358188272366598
7682.6128961748645 0.9106664894929668
7692.625573770493 0.9222460563032707
7702.638251366122 0.9455380701987509
7712.65092896175 0.9125837620304105
7722.6636065573775 0.9415326790561703
7732.676284153006 0.956899333700336
7742.688961748635 0.9899010991097021
7752.701639344264 0.962470813796769
7762.714316939892 0.961901326904459
7772.726994535521 0.9537956301372462
7782.739672131149 0.9321361453330549
7792.752349726777 0.9274663528161126
7802.765027322405 0.9611609939444561
7812.777704918034 0.9292127792858634
7822.790382513663 0.9575732265229029
7832.803060109291 0.979099831052222
7842.815737704919 0.9652233337762676
7852.828415300547 0.9573833975587994
7862.841092896176 0.9963932496820364
7872.853770491804 0.9623758993147175
7882.866448087433 0.932762580914596
7892.879125683062 0.9822699747527477
7902.89180327869 0.9788340705024773
7912.904480874317 0.9348506995197327
7922.917158469946 0.9141023937432373
7932.929836065575 0.9148427267032403
7942.9425136612035 0.9254921315894379
7952.955191256832 0.8740864481102526
7962.967868852461 0.9115017369350216
7972.980546448089 0.9653941798439606
7982.9932240437165 0.9964691812676778
7993.005901639345 0.9347178192448604
8003.018579234974 0.9207653903832647
8013.031256830603 0.9222175819586553
8023.043934426231 0.8966950777349608
8033.056612021859 0.9235748590519941
8043.069289617487 0.8835589134190095
8053.081967213116 0.9444180793105411
8063.094644808744 0.8703847833102374
8073.107322404373 0.9140644279504166
8083.120000000002 0.8995614950929212
8093.13267759563 0.922720628713529
8103.145355191258 0.91482374380683
8113.158032786886 0.9161145807627327
8123.170710382515 0.9591298240285503
8133.183387978143 0.9297253174889424
8143.196065573772 0.9794794889804286
8153.208743169401 0.9893885609066231
8163.221420765029 0.9574783120408512
8173.234098360656 0.9704056644962887
8183.246775956285 0.974278175363997
8193.259453551913 0.9030543480324228
8203.272131147543 0.9716965014521916
8213.28480874317 0.9108373355606598
8223.297486338799 0.8850775451318362
8233.310163934428 0.994608857419465
8243.322841530055 0.9089010801268058
8253.335519125685 0.8862734676056873
8263.348196721312 0.8950245828508514
8273.360874316942 0.9569088251485411
8283.37355191257 0.861956377304049
8293.386229508198 0.9440763871751552
8303.398907103827 0.862355018128666
8313.411584699454 0.8603807969019912
8323.424262295084 0.9303897188633041
8333.436939890711 0.8431063611685871
8343.449617486342 0.8132462651151312
8353.462295081968 0.7754513183621556
8363.474972677595 0.7746350538165113
8373.487650273226 0.796199624138651
8383.500327868853 0.8327227168321342
8393.513005464483 0.7386814480153381
8403.52568306011 0.7924599935458152
8413.53836065574 0.7830444769262894
8423.551038251368 0.768769338825718
8433.563715846994 0.7727367641754778
8443.576393442625 0.8171757246720704
8453.589071038252 0.8120883084341008
8463.601748633882 0.7798553503293533
8473.61442622951 0.769224928339566
8483.627103825138 0.8092978226617817
8493.639781420767 0.7216537899352683
8503.652459016394 0.6798534520397121
8513.665136612024 0.742478027297405
8523.677814207651 0.7422312496440707
8533.690491803281 0.7325120066819796
8543.703169398908 0.6340097572087549
8553.715846994535 0.7583097629036238
8563.728524590166 0.7802539911539703
8573.741202185793 0.7746730196093319
8583.753879781423 0.7006587065054385
8593.76655737705 0.8067351316463865
8603.77923497268 0.752690825566165
8613.791912568307 0.7642324265836481
8623.804590163934 0.7899922170124717
8633.817267759565 0.7655991951251923
8643.829945355192 0.7696995007498243
8653.842622950822 0.7624480343210767
8663.85530054645 0.6789043072191955
8673.867978142078 0.7824749900339794
8683.880655737707 0.7896505248770856
8693.893333333333 0.8082537633592134
8703.906010928964 0.8662275289963742
8713.91868852459 0.7751665749160007
8723.931366120221 0.7980979137796844
8733.944043715848 0.8313179824977694
8743.956721311477 0.8765542246435961
8753.969398907106 0.7602080525446572
8763.982076502733 0.7144592721957516
8773.994754098363 0.845991761422958
8784.00743169399 0.8001860323848212
8794.02010928962 0.8572486189942861
8804.032786885247 0.8662275289963742
8814.045464480874 0.887905996696976
8824.058142076505 0.8615197706866113
8834.070819672132 0.8147079481387269
8844.083497267762 0.8441883862639761
8854.096174863389 0.8295051158905826
8864.108852459018 0.834469143301885
8874.121530054646 0.8550466030106874
8884.134207650273 0.7563545245733594
8894.146885245904 0.860418762694812
8904.15956284153 0.7668710491846846
8914.172240437161 0.7995406139068699
8924.184918032788 0.820953321057727
8934.197595628417 0.8019704246473927
8944.210273224046 0.7770648645570342
8954.222950819672 0.7682378177262286
8964.235628415303 0.75468402968925
8974.24830601093 0.7268930693445206
8984.26098360656 0.6993488866531256
8994.273661202187 0.7430095483968944
