3508.105236794171 4.947719351416881
3518.1157103825135 3.109258978633126
3528.126183970856 4.429989392332171
3538.1366575591983 2.1636611607819365
3548.1471311475407 3.5418245188664947
3558.1576047358835 3.071980603121685
3568.168078324226 4.030080315199273
3578.1785519125683 5.569252917108653
3588.1890255009107 4.7046522200333385
3598.199499089253 4.398393696014547
3608.2099726775955 2.1681315350810726
3618.220446265938 3.1028186088801335
3628.2309198542803 0.8704576450977421
3638.2413934426227 3.5279587816335805
3648.2518670309655 3.9351416881345656
3658.262340619308 2.5214426428246703
3668.2728142076503 3.1456281254735563
3678.2832877959927 1.8161842703439914
3688.293761384335 1.8309592362479161
3698.3042349726775 3.3908167904227913
3708.31470856102 3.139111986664646
3718.3251821493623 3.6169116532807997
3728.3356557377047 2.7681466888922563
3738.346129326047 2.3630095469010457
3748.35660291439 3.0516366116078193
3758.3670765027323 2.028110319745416
3768.3775500910747 2.771632065464464
3778.388023679417 1.691695711471435
3788.3984972677595 2.3710410668283073
3798.408970856102 2.2042733747537504
3808.4194444444443 2.021669949992423
3818.4299180327866 2.600242460978936
3828.440391621129 2.117593574784058
3838.450865209472 1.9308228519472648
3848.4613387978143 1.5364449158963478
3858.4718123861567 1.6955599333232307
3868.482285974499 1.5326185785725108
3878.4927595628415 2.639263524776481
3888.503233151184 1.8392180633429307
3898.5137067395262 1.9410516744961357
3908.5241803278686 2.125549325655402
3918.534653916211 2.765267464767389
3928.5451275045534 2.7985300803151993
3938.5556010928963 2.4620397029853005
3948.5660746812387 2.6545688740718285
3958.576548269581 2.37998181542658
3968.5870218579234 2.6017578420972876
3978.597495446266 2.9027883012577664
3988.6079690346082 3.2202985300803153
3998.6184426229506 3.1441127443552053
4008.628916211293 2.9212001818457343
4018.6393897996354 3.153962721624488
4028.649863387978 2.9427943627822395
4038.6603369763207 3.3385361418396724
4048.670810564663 3.10198514926504
4058.6812841530054 3.1582057887558723
4068.691757741348 2.9035459918169417
4078.70223132969 3.071147143506592
4088.7127049180326 3.1105470525837244
4098.723178506375 2.9915896347931503
4108.733652094717 3.338081527504167
4118.744125683061 3.3272465525079555
4128.754599271402 2.994771935141688
4138.7650728597455 2.8024700712229125
4148.775546448087 2.8408092135171996
4158.78602003643 2.9926504015759963
4168.796493624772 2.8963479315047733
4178.806967213115 3.3694499166540384
4188.8174408014565 3.488558872556448
4198.8279143898 3.163585391726019
4208.838387978141 3.442718593726322
4218.848861566485 3.4699954538566447
4228.859335154826 3.475905440218215
4238.869808743169 3.2357933020154572
4248.880282331511 3.6726019093802087
4258.890755919854 3.192604940142446
4268.901229508197 3.1718442188210334
4278.911703096539 2.9734050613729353
4288.922176684882 3.0190938020912257
4298.932650273224 2.9223367176844977
4308.943123861567 2.8506591907864824
4318.953597449909 3.0288680103045915
4328.964071038252 2.7551144112744357
4338.974544626593 2.5063646006970752
4348.985018214937 2.5283376269131685
4358.995491803278 2.515608425519018
4369.005965391621 2.507425367479921
4379.016438979963 2.2578420972874675
4389.026912568306 2.0900894074859826
4399.037386156648 1.9393089862100317
4409.047859744991 2.012653432338233
4419.0583333333325 2.053114108198212
4429.068806921676 1.8955902409455978
4439.079280510017 1.89210486437339
4449.089754098361 1.9540081830580391
4459.100227686703 1.746855584179421
4469.110701275045 1.9221094105167449
4479.121174863389 1.8733899075617517
4489.13164845173 1.9979542354902258
4499.142122040073 2.133050462191241
4509.152595628415 2.02394302166995
4519.163069216758 2.052204879527201
4529.1735428051 2.2322321563873313
4539.184016393443 2.269434762842855
4549.1944899817845 2.5056826791938174
4559.204963570128 2.3124715866040306
4569.215437158469 2.3016366116078193
4579.225910746813 2.2141233520230337
4589.236384335154 2.221169874223367
4599.246857923497 2.005228064858312
4609.257331511839 2.1810122745870584
4619.267805100182 2.094180936505531
4629.278278688525 2.1963933929383237
4639.288752276867 2.2587513259584786
4649.299225865209 2.27829974238521
4659.309699453552 2.553568722533717
4669.320173041895 2.5147749659039245
4679.3306466302365 2.621533565691771
4689.34112021858 2.3748295196241855
4699.351593806921 2.4729504470374297
4709.362067395265 2.4439308986210033
4719.372540983606 2.401310804667374
4729.383014571949 2.364676466131232
4739.393488160291 2.4186998030004547
4749.403961748634 2.316638884679497
4759.414435336976 2.32338233065616
4769.424908925319 2.3051977572359448
4779.43538251366 2.297848158811941
4789.445856102004 2.316941960903167
4799.456329690345 2.1707834520381875
4809.4668032786885 2.210031823003485
4819.477276867031 2.174193059554478
4829.487750455373 1.9458251250189422
4839.498224043716 2.1283527807243523
4849.508697632058 1.9988255796332774
4859.519171220401 2.0422791332020003
4869.529644808743 1.9473405061372935
4879.540118397086 2.020988028489165
4889.550591985428 2.0082588270950144
4899.561065573771 2.0174268828610398
4909.5715391621125 1.9945446279739356
4919.582012750456 1.8201242612517046
4929.592486338797 1.9058190634944687
4939.602959927141 1.8411880587967875
4949.613433515482 1.6974541597211696
4959.623907103825 1.9741627519321108
4969.634380692167 1.816979845431126
4979.64485428051 1.744279436278224
4989.655327868852 1.620397029853008
4999.665801457195 1.7311713896044854
5009.676275045537 1.6764661312320048
5019.68674863388 1.5623579330201547
5029.697222222222 1.606682830731929
5039.7076958105645 1.5260645552356416
5049.718169398908 1.6343385361418397
5059.728642987249 1.7939839369601454
5069.739116575593 1.6708592210941051
5079.749590163934 1.7410971359296863
5089.760063752277 1.6935899378693742
5099.770537340619 1.6757842097287468
5109.781010928962 1.7173056523715713
5119.791484517304 1.808834671919988
5129.801958105647 1.7660251553265645
5139.812431693988 1.7459463555084103
5149.822905282332 1.915517502651917
5159.833378870673 1.9057432944385513
5169.8438524590165 1.7385967570844068
5179.854326047358 1.80534929534778
5189.864799635701 1.6604030913774814
5199.875273224044 1.7757993635399303
5209.885746812386 1.9292695863009546
5219.896220400728 1.7159418093650551
5229.906693989071 1.7704197605697831
5239.917167577414 1.6968480072738292
5249.927641165756 1.8321715411425974
5259.938114754099 1.835884224882558
5269.94858834244 1.8471738142142748
5279.959061930784 1.8923321715411427
5289.969535519125 1.8880133353538413
5299.9800091074685 1.820957720866798
5309.99048269581 1.9320351568419456
5320.000956284153 1.6863918775572058
5330.011429872495 1.831716926807092
5340.021903460838 1.8118654341566904
5350.03237704918 1.825428095165934
5360.042850637523 1.6811638126988937
5370.053324225864 1.7453402030610699
5380.063797814208 1.748598272465525
5390.07427140255 1.7219275647825427
5400.084744990892 1.7338233065616002
5410.095218579235 1.838687679951508e-26
5420.105692167577 1.6026670707682982
5430.1161657559205 1.6272920139415064
5440.126639344262 1.471738142142749
5450.137112932605 1.385816032732232
5460.147586520947 1.3456205485679646
5470.15806010929 1.3236096378239128
5480.168533697632 1.3706622215487194
5490.179007285975 1.3692226094862858
5500.189480874316 1.3805121988180027
5510.19995446266 1.3829368086073646
5520.210428051001 1.4561297166237308
5530.220901639344 1.3392180633429307
5540.231375227686 1.5136384300651613
5550.241848816029 1.545764509774208
5560.252322404372 1.4442339748446733
5570.262795992714 1.4483255038642218
5580.273269581056 1.4937490528868012
5590.283743169399 1.310198514926504
5600.294216757741 1.451053189877254
5610.304690346084 1.3583876344900743
5620.315163934426 1.3586907107137443
5630.325637522768 1.4326413092892862
5640.336111111112 1.344749204424913
5650.346584699453 1.2013941506288832
5660.3570582877965 1.157372329140779
5670.367531876138 1.339142294287013
5680.378005464481 1.2804970450068192
5690.388479052823 1.1999545385664494
5700.398952641166 1.374867404152144
5710.4094262295075 1.4152144264282467
5720.419899817851 1.3229277163206548
5730.430373406192 1.2965600848613426
5740.440846994536 1.3679345355356871
5750.451320582878 1.3163358084558268
5760.46179417122 1.370207607213214
5770.472267759563 1.2237460221245642
5780.482741347905 1.2140475829671162
5790.493214936248 1.2442036672223062
5800.50368852459 1.3293680860736476
5810.514162112932 1.2661766934383996
5820.524635701275 1.3171692680709197
5830.535109289618 1.2576905591756327
5840.5455828779595 1.3647522351871495
5850.556056466303 1.3377026822245794
5860.566530054644 1.3358084558266403
5870.577003642988 1.3644491589634793
5880.587477231329 1.2984543112592817
5890.597950819672 1.2535990301560844
5900.608424408014 1.2303379299893922
5910.618897996357 1.2859524170328838
5920.629371584699 1.28451280497045
5930.639845173042 1.2933020154568873
5940.650318761384 1.2126079709046826
5950.660792349727 1.3206546446431278
5960.671265938069 1.1779057432944384
5970.681739526412 1.2028337626913168
5980.692213114754 1.308834671919988
5990.702686703096 1.2409455978178512
6000.713160291439 1.2733747537505684
6010.723633879781 1.238369449916654
6020.734107468124 1.1967722382179118
6030.744581056466 1.253144415820579
6040.755054644809 1.2961054705258372
6050.765528233151 1.2667828458857404
6060.776001821494 1.2858008789210484
6070.7864754098355 1.1874147598120928
6080.796948998179 1.1661615396272162
6090.80742258652 1.2116229731777541
6100.817896174864 1.2179875738748294
6110.828369763205 1.2913320200030307
6120.838843351548 1.2490528868010304
6130.849316939891 1.1677526898014852
6140.859790528233 1.1055462948931656
6150.8702641165755 1.1682073041369903
6160.880737704918 1.0293983936960145
6170.89121129326 1.080315199272617
6180.901684881603 0.946734353689953
6190.912158469945 0.8510001515381118
6200.9226320582875 0.8949840884982573
6210.933105646631 0.7642824670404607
6220.943579234972 0.6451810880436429
6230.954052823316 0.6169874223367178
6240.964526411657 0.6008183058039096
6250.975 0.550681921503258
6260.985473588342 0.6274814365813002
6270.995947176685 0.5758524018790726
6281.006420765027 0.5889756023639945
6291.01689435337 0.577269283224731
6301.027367941711 0.5914002121533566
6311.037841530055 0.5721056220639491
6321.048315118397 0.5535156841945749
6331.0587887067395 0.6047507198060311
6341.069262295082 0.6074177905743294
6351.079735883424 0.6077739051371419
6361.090209471767 0.66760115168965
6371.100683060109 0.5995681163812698
6381.1111566484515 0.6115699348386119
6391.121630236794 0.6667070768298228
6401.132103825137 0.7115850886497954
6411.142577413479 0.724844673435369
6421.153051001822 0.825125018942264
6431.163524590163 0.8704349143809668
6441.173998178507 0.9259736323685407
6451.184471766848 0.924003636914684
6461.1949453551915 0.9601454765873617
6471.205418943533 0.9976511592665555
6481.215892531876 1.0
6491.226366120218 1.0368237611759357
6501.236839708561 1.0287922412486739
6511.2473132969035 1.0382633732383695
6521.257786885246 1.0368995302318533
6531.268260473588 1.058114865888771
6541.278734061931 1.0553114108198212
6551.289207650273 1.0095469010456128
6561.299681238615 1.06436581300197
6571.310154826958 0.9823458099712077
6581.3206284153 0.9604485528110319
6591.3311020036435 1.0031065312926202
6601.341575591985 0.8994544627973936
6611.352049180328 0.9038490680406122
6621.36252276867 0.9448401272920139
6631.372996357013 0.9643127746628277
6641.383469945355 0.9515078042127595
6651.393943533698 0.9572662524624943
6661.404417122039 0.8857402636763145
6671.414890710383 0.9243824821942718
6681.425364298724 0.939271101682073
6691.4358378870675 0.904758296711623
6701.44631147541 0.9118048189119564
6711.456785063752 0.8962721624488559
6721.467258652095 0.9252917108652826
6731.477732240437 0.9243824821942718
6741.488205828779 0.9389301409304439
6751.498679417122 0.91013789968177
6761.509153005464 0.934762842854978
6771.519626593807 0.8651310804667373
6781.53010018215 0.8219427185937264
6791.540573770491 0.8479315047734506
6801.551047358835 0.846454008183058
6811.561520947176 0.8355811486588878
6821.5719945355195 0.8311865434156691
6831.582468123861 0.8640703136838914
6841.592941712204 0.8533868767995151
6851.603415300546 0.8577057129868162
6861.613888888889 0.8183058039096833
6871.6243624772305 0.8429307470828913
6881.634836065574 0.8409607516290347
6891.645309653916 0.8126988937717836
6901.655783242259 0.8040612213971814
6911.666256830601 0.7993635399302925
6921.676730418943 0.727363994544628
6931.687204007286 0.7732989846946506
6941.697677595628 0.7521518411880588
6951.708151183971 0.7829974238520988
6961.718624772313 0.7568798302773148
6971.729098360656 0.7496363085315957
6981.739571948998 0.7373389907561753
6991.750045537341 0.753788452795878
7001.760519125683 0.720056069101379
7011.770992714026 0.6954235490225792
7021.781466302367 0.6694120321260796
7031.791939890711 0.6757917866343386
7041.802413479052 0.7354409759054402
7051.812887067395 0.7203515684194575
7061.823360655737 0.6276708592210941
7071.83383424408 0.692286710107592
7081.844307832423 0.7159115017426884
7091.854781420765 0.670737990604637
7101.865255009107 0.6628580087892105
7111.87572859745 0.6609940900136385
7121.886202185792 0.670397029853008
7131.896675774135 0.6436960145476587
7141.907149362477 0.6442188210334899
7151.917622950819 0.6900363691468405
7161.928096539163 0.615858463403546
7171.938570127504 0.7126685861494165
7181.949043715847 0.6195105318987725
7191.959517304189 0.6855584179421125
7201.969990892532 0.6684118805879679
7211.980464480874 0.5766707076829822
7221.990938069217 0.5883618730110622
7232.0014116575585 0.5444461282012426
7242.011885245902 0.5702530686467646
7252.022358834243 0.5332474617366267
7262.032832422587 0.550931959387786
7272.043306010929 0.5728064858311865
7282.053779599271 0.608986210031823
7292.064253187614 0.5918245188664949
7302.074726775956 0.5463479315047735
7312.0852003642985 0.5695559933323231
7322.095673952641 0.5764888619487801
7332.106147540983 0.5903167146537355
7342.116621129326 0.5872026064555236
7352.127094717669 0.5349749962115472
7362.1375683060105 0.6077057129868162
7372.148041894354 0.6664721927564782
7382.158515482695 0.6468707379906046
7392.168989071039 0.6189271101682072
7402.17946265938 0.5787846643430823
7412.189936247723 0.6715866040309137
7422.200409836065 0.6025609940900136
7432.210883424408 0.5910289437793604
7442.22135701275 0.6132747385967571
7452.231830601093 0.6193893014093044
7462.242304189435 0.5771632065464464
7472.252777777778 0.6476587361721473
7482.26325136612 0.6416275193211092
7492.2737249544625 0.5578648280042431
7502.284198542805 0.5252538263373238
7512.294672131147 0.4181239581754811
7522.30514571949 0.6432338233065615
7532.315619307832 0.4829709046825276
7542.326092896175 0.4848689195332626
7552.336566484517 0.5787998181542658
7562.34704007286 0.4992650401575996
7572.357513661202 0.4621230489468101
7582.367987249545 0.4830504621912411
7592.378460837886 0.45500075769055914
7602.38893442623 0.6962645855432641
7612.399408014572 0.5322624640096985
7622.4098816029145 0.45798605849371116
7632.420355191257 0.40168964994696166
7642.430828779599 0.44803000454614333
7652.441302367942 0.50901651765419
7662.451775956284 0.4037429913623276
7672.4622495446265 0.38671010759205937
7682.472723132969 0.426367631459312
7692.483196721311 0.4792241248674041
7702.493670309654 0.46047128352780725
7712.504143897996 0.505531141081982
7722.5146174863385 0.334421882103349
7732.525091074681 0.47432944385512954
7742.535564663023 0.47442794362782237
7752.546038251366 0.4043567207152599
7762.556511839708 0.3397560236399454
7772.566985428051 0.484732535232611
7782.577459016394 0.4266366116078194
7792.587932604736 0.46075162903470224
7802.5984061930785 0.4659190786482801
7812.608879781421 0.4065464464312774
7822.619353369763 0.4185028034550689
7832.629826958106 0.5038339142294287
7842.640300546448 0.5015002273071677
7852.6507741347905 0.43117896651007726
7862.661247723133 0.5022958023943022
7872.671721311475 0.39698439157448095
7882.682194899818 0.467942112441279
7892.69266848816 0.4762312471586604
7902.703142076502 0.44006288831641155
7912.713615664845 0.5839066525231096
7922.724089253187 0.5074708289134717
7932.73456284153 0.5034020306106985
7942.745036429872 0.4984315805425064
7952.755510018214 0.49953023185331114
7962.765983606558 0.4797014699196848
7972.7764571949 0.5035384149113502
7982.7869307832425 0.552424609789362
7992.797404371585 0.5187755720563721
8002.807877959927 0.42339748446734354
8012.81835154827 0.49981057736020607
8022.828825136612 0.49206697984543113
8032.8392987249545 0.49424912865585696
8042.849772313297 0.5147749659039248
8052.860245901639 0.5085694802242764
8062.870719489982 0.5112517048037581
8072.881193078324 0.4723670253068647
8082.891666666666 0.5500227307167752
8092.902140255009 0.4625776632823155
8102.912613843351 0.4852401879072587
8112.923087431694 0.5336793453553569
8122.933561020036 0.5508940748598272
8132.944034608378 0.5103273223215639
8142.954508196721 0.5094256705561448
8152.964981785064 0.5138960448552811
8162.9754553734065 0.5484618881648734
8172.985928961749 0.5575390210637975
8182.996402550091 0.5485755417487498
8193.006876138434 0.41585088649795426
8203.017349726775 0.48600545537202605
8213.027823315118 0.5033641460827398
8223.038296903462 0.49244582512501894
8233.048770491803 0.47077587513259583
8243.059244080145 0.45259130171238066
8253.069717668488 0.4274435520533414
8263.080191256831 0.4553758145173511
8273.090664845173 0.5241097135929687
8283.101138433514 0.4672829216547962
8293.111612021858 0.4238520988028489
8303.1220856102 0.46719199878769513
8313.132559198542 0.4368843764206698
8323.143032786884 0.43904379451432035
8333.153506375227 0.46735111380512195
8343.16397996357 0.5240718290650098
8353.174453551914 0.36404758296711626
8363.184927140255 0.4234732535232611
8373.195400728597 0.4291332020003031
8383.20587431694 0.4254584027883012
8393.216347905283 0.332743597514775
8403.226821493625 0.35106834368843765
8413.237295081966 0.35006819215032575
8423.24776867031 0.35594787088952873
8433.258242258653 0.34971207758751327
8443.268715846994 0.4087285952417033
8453.279189435336 0.4244127898166389
8463.28966302368 0.35082588270950144
8473.300136612022 0.3253599030156084
8483.310610200364 0.368874071829065
8493.321083788705 0.3165858463403546
8503.331557377049 0.35913017123806634
8513.342030965392 0.49577587513259586
8523.352504553734 0.3444915896347931
8533.362978142077 0.41040309137748143
8543.373451730418 0.3912562509471132
8553.383925318762 0.3893847552659494
8563.394398907105 0.3623730868313381
8573.404872495446 0.384671919987877
8583.415346083788 0.3598120927413244
8593.425819672131 0.39964388543718743
8603.436293260474 0.3159039248370965
8613.446766848816 0.33943779360509163
8623.457240437157 0.3521139566601
8633.4677140255 0.45203061069859063
8643.478187613844 0.34712077587513257
8653.488661202186 0.4773905137141991
8663.499134790527 0.3362933777845128
8673.50960837887 0.3451204727989089
8683.520081967214 0.42979996969237766
8693.530555555555 0.3666540384906804
8703.541029143897 0.33156538869525687
8713.55150273224 0.4679648431580542
8723.561976320583 0.42335959993938477
8733.572449908927 0.35306106985906954
8743.582923497268 0.3660024246097893
8753.59339708561 0.39853008031519926
8763.603870673953 0.36894984088498256
8773.614344262296 0.36029701469919684
8783.624817850638 0.4005985755417487
8793.635291438979 0.38570237914835576
8803.645765027322 0.44098348234581
8813.656238615666 0.42694347628428553
8823.666712204007 0.340112138202758
8833.677185792349 0.39946203970298527
8843.687659380692 0.4186013032277618
8853.698132969035 0.41976814668889223
8863.708606557377 0.4765494771935142
8873.719080145718 0.4129754508258827
8883.729553734061 0.4100393999090771
8893.740027322405 0.4165631156235793
8903.750500910746 0.37275344749204425
8913.76097449909 0.3715108349749962
8923.771448087431 0.45369752992877704
8933.781921675774 0.3097135929686316
8943.792395264118 0.35698590695559934
8953.80286885246 0.45936505531141086
8963.8133424408 0.3487801181997272
8973.823816029144 0.2832777693589938
8983.834289617487 0.3275117442036672
8993.844763205829 0.3184270343991514
