3508.105901639344 4.705623116595399
3518.117704918033 0.437009421489572
3528.129508196721 1.6650189978203127
3538.1413114754096 2.5573805638600713
3548.153114754098 -1.3671284109722832
3558.1649180327868 0.5175625617875818
3568.1767213114754 2.039139083102064
3578.188524590164 0.3808020772538323
3588.2003278688526 -1.4014316852674584
3598.2121311475407 0.07416653763235942
3608.2239344262293 2.809533451647867
3618.235737704918 3.383875078909442
3628.2475409836065 0.48869063925580947
3638.259344262295 2.5557130435818336
3648.2711475409833 -0.21466167204640468
3658.282950819672 1.426920923806234
3668.2947540983605 0.35707564586633633
3678.306557377049 0.6745357742653978
3688.3183606557377 0.1234798766034994
3698.3301639344263 2.241028145360125
3708.341967213115 2.3831246947842346
3718.353770491803 0.6555141322343581
3728.3655737704917 3.1825815596078946
3738.3773770491803 1.379515704467763
3748.389180327869 1.0636278094738973
3758.400983606557 1.3593863525376084
3768.4127868852456 3.0843169717831747
3778.424590163934 2.4127827340186045
3788.436393442623 3.406148385483045
3798.4481967213114 1.3984539704848908
3808.46 2.4628083423657348
3818.4718032786886 1.6765725311766737
3828.483606557377 2.9942708767583404
3838.4954098360654 2.1509820503352906
3848.507213114754 1.3207951689555366
3858.5190163934426 1.2838715056517027
3868.5308196721307 2.178972569291423
3878.5426229508194 1.7433924508974832
3888.554426229508 2.1842133473087415
3898.5662295081966 3.3356360994318517
3908.578032786885 2.097502292840382
3918.5898360655738 2.470312183617804
3928.6016393442624 1.9322391224078992
3938.613442622951 1.6741903593506198
3948.625245901639 1.8507092916612076
3958.6370491803277 1.249806448539133
3968.6488524590163 2.7935729004133067
3978.6606557377045 2.2790237859856832
3988.672459016393 2.3538239813237727
3998.6842622950817 1.6216634705861332
4008.6960655737703 2.2387650821253735
4018.707868852459 1.904784592112629
4028.7196721311475 2.677918458258394
4038.731475409836 2.650642590850078
4048.7432786885247 2.438748406922591
4058.755081967213 2.151577593291804
4068.7668852459014 1.9071667639386827
4078.77868852459 1.948735662303322
4088.7904918032787 1.8289124194528152
4098.802295081967 2.0049549173981918
4108.814098360655 2.1737317912741045
4118.825901639344 1.9981657276939384
4128.837704918033 2.2854556499160283
4138.849508196721 2.2964136403158757
4148.86131147541 1.5754493371606892
4158.873114754098 1.7382707814714675
4168.884918032787 2.2006503329085123
4178.896721311476 1.4890956084662386
4188.908524590164 2.182664935621806
4198.920327868852 2.011863215693748
4208.9321311475405 1.4488964589015805
4218.943934426229 2.096192098336053
4228.955737704918 1.8591660016436984
4238.967540983606 1.8784615934347344
4248.979344262295 2.038781757328156
4258.991147540984 1.9762497468942435
4269.002950819672 2.205772002334528
4279.014754098361 1.8652405398001357
4289.026557377048 1.9761306383029407
4299.038360655737 1.8451111878699809
4309.050163934426 1.8962087735388353
4319.061967213114 2.0674869278321046
4329.073770491803 1.8285550936789068
4339.0855737704915 1.7662613004276
4349.09737704918 2.0880927141274697
4359.109180327869 1.7925842991054943
4369.120983606557 2.0266326810152817
4379.132786885246 1.5493645556654
4389.1445901639345 1.6260704884643329
4399.156393442623 1.6882451731243373
4409.168196721312 1.7108758054718485
4419.18 1.3521207284681442
4429.191803278688 1.6758578796288577
4439.203606557377 2.0816608501971245
4449.215409836065 1.9102635873125526
4459.227213114754 1.9686267970508713
4469.239016393442 1.950998725538073
4479.250819672131 1.89287373298236
4489.26262295082 1.4736710458925402
4499.274426229508 1.5961742320473575
4509.286229508197 1.6918184308634183
4519.2980327868845 1.5312600497873912
4529.309836065573 1.6713317531593552
4539.321639344262 1.7567326131233847
4549.33344262295 1.860952630513239
4559.345245901639 1.5687792560477385
4569.3570491803275 1.553652464952297
4579.368852459016 1.6322641352120728
4589.380655737705 1.7332682206367545
4599.392459016393 1.7043248329502008
4609.404262295082 1.6857438927069808
4619.4160655737705 1.665257215002918
4629.427868852459 1.8042569410531581
4639.439672131148 1.6309539407077431
4649.451475409836 1.4557452029014852
4659.463278688525 1.6103481544123779
4669.475081967213 1.6590635682551782
4679.486885245901 1.7618542825494004
4689.49868852459 1.782340960253463
4699.5104918032785 1.684552806793954
4709.522295081967 1.6174946698905392
4719.534098360656 1.6314303750729537
4729.545901639344 1.5634193694391176
4739.557704918032 1.5918863227604607
4749.569508196721 1.502793096466048
4759.581311475409 1.5691365818216465
4769.593114754098 1.6713317531593552
4779.604918032786 1.3994068392153125
4789.616721311475 1.4836166132663149
4799.628524590164 1.4072680062412901
4809.640327868852 1.4713484283621379
4819.652131147541 1.3286563359815142
4829.663934426229 1.276844098764844
4839.675737704918 1.3169836940338504
4849.687540983607 1.1687887847350429
4859.699344262295 1.3417582810248103
4869.711147540984 1.63833867336851
4879.722950819672 1.4063151375108687
4889.73475409836 1.4601522207796847
4899.746557377049 1.4656312159796085
4909.758360655737 1.3684386054766131
4919.770163934426 1.4756363376490345
4929.7819672131145 1.4837357218576175
4939.793770491803 1.291851781268983
4949.805573770492 1.3994068392153125
4959.81737704918 1.2839906142430053
4969.829180327868 1.445025429684243
4979.840983606557 1.4430005836320974
4989.852786885245 1.4187024310063485
4999.864590163934 1.4857605679097634
5009.876393442622 1.4133425443977274
5019.888196721311 1.4078635491978035
5029.9 1.2730326238431577
5039.911803278688 1.3705825601200614
5049.923606557377 1.343485355598699
5059.935409836065 1.2820848767821622
5069.947213114754 1.4469311671450862
5079.959016393443 1.7941327107924294
5089.970819672131 1.4285884440844718
5099.98262295082 1.6095143942732588
5109.9944262295085 1.634050764081613
5120.006229508196 1.4965994497183082
5130.018032786885 1.316030825303429
5140.029836065573 1.433471896327882
5150.041639344262 1.2440892361566038
5160.053442622951 1.4406184118060434
5170.065245901639 1.2696975832866826
5180.077049180328 1.5868837619257476
5190.088852459016 1.401729456745715
5200.100655737704 1.2793453791822005
5210.112459016393 1.181843086341818
5220.124262295081 1.2369427206784425
5230.13606557377 1.3967864502066534
5240.1478688524585 1.4272782495801422
5250.159672131147 1.345688864537799
5260.171475409836 1.2393248925044962
5270.183278688524 1.337589480329216
5280.195081967213 1.1941827364007764
5290.2068852459015 1.2739854925735794
5300.21868852459 1.1871434186547876
5310.230491803279 1.3554557690246196
5320.242295081967 1.388091523041557
5330.254098360656 1.334254439772741
5340.2659016393445 1.1067451195254712
5350.277704918032 1.1616780018342723
5360.289508196721 1.1147730385792727
5370.301311475409 1.1833200328739713
5380.313114754098 1.086413282990102
5390.324918032787 1.0233691056135878
5400.336721311475 0.9962719010922257
5410.348524590164 1.0737282180163654
5420.3603278688515 1.3150779565730077
5430.37213114754 1.2767249901735414
5440.383934426229 1.1688959824672152
5450.395737704917 1.0608644901556747
5460.407540983606 1.262908393582429
5470.4193442622945 1.2250318615481735
5480.431147540983 1.1203592315113688
5490.442950819672 1.1695987231559013
5500.45475409836 1.234798766034994
5510.466557377049 1.0750145908024344
5520.478360655738 1.190478459211263
5530.490163934426 0.9205664804602356
5540.501967213115 1.2053789439832294
5550.513770491803 1.0038710292173374
5560.525573770492 1.090046095024834
5570.537377049181 1.061626785140012
5580.549180327869 1.0454518384411067
5590.560983606557 1.2492109055826195
5600.5727868852455 1.2339650058958753
5610.584590163934 1.002167776361709
5620.596393442623 1.2101611539240325
5630.608196721311 1.3334206796336219
5640.619999999999 1.1126767273723452
5650.631803278688 1.1450742642066771
5660.643606557376 1.3042390747644628
5670.655409836065 1.2630275021737318
5680.667213114753 1.307097680955727
5690.679016393442 1.1877627833295616
5700.690819672131 1.1710637588289243
5710.702622950819 1.2212203866264875
5720.714426229508 1.2013292518789378
5730.726229508196 1.3966673416153508
5740.738032786885 1.2726752980692497
5750.749836065574 1.1458961134866659
5760.761639344262 1.059595983658301
5770.773442622951 1.4463356241885725
5780.785245901639 1.203234989339781
5790.797049180328 1.2693402575127744
5800.808852459017 1.1756017961575567
5810.820655737705 1.1201924794835452
5820.832459016393 1.0521457412723179
5830.8442622950815 1.1211691699322273
5840.85606557377 1.081720404492776
5850.867868852459 1.0898793429970104
5860.879672131147 1.1181557225722691
5870.891475409835 1.2792262705908977
5880.903278688524 1.1543885560465477
5890.915081967212 1.0523958693140536
5900.926885245901 1.1573900925473755
5910.938688524589 1.2631466107650344
5920.950491803278 1.0817561370701667
5930.962295081967 0.9997260502400037
5940.974098360655 1.1015758066629344
5950.985901639344 1.0022987958121419
5960.9977049180325 1.0914873089795967
5971.009508196721 1.146706051907524
5981.02131147541 1.2595733530259539
5991.033114754098 1.1180366139809663
6001.044918032787 1.1558893242969615
6011.0567213114755 1.1919196731660253
6021.068524590164 1.1481829984396774
6031.080327868853 1.1355336660433317
6041.092131147541 1.1013971437759806
6051.103934426229 0.9997260502400037
6061.115737704918 1.0954655359291066
6071.127540983606 1.105982824541134
6081.139344262295 1.2598115702085593
6091.1511475409825 0.9579308455518897
6101.162950819671 1.0118870374120086
6111.17475409836 1.1354383791702896
6121.186557377048 0.9608847386161963
6131.198360655737 1.0527889276653524
6141.2101639344255 1.2364662863132316
6151.221967213114 1.0697857236442463
6161.233770491803 1.054932882308801
6171.245573770491 1.1472539514275164
6181.25737704918 1.105411103302881
6191.2691803278685 1.0345414914777802
6201.280983606557 1.0457019664828424
6211.292786885246 1.0207725383231894
6221.304590163934 1.083935824291006
6231.316393442623 0.9844086853984777
6241.3281967213115 1.1550912967352334
6251.34 0.985123336946294
6261.351803278689 1.061448122253058
6271.363606557376 1.1588670390795288
6281.375409836065 1.0893909977726692
6291.387213114754 1.1647152709124908
6301.399016393442 0.9207451433471896
6311.410819672131 0.97034196076563
6321.422622950819 0.9968495777600437
6331.434426229507 1.0783853639363006
6341.446229508196 1.047274199888038
6351.458032786884 1.06861845944948
6361.469836065573 1.0377812451612134
6371.481639344262 1.0044427504555904
6381.49344262295 0.9075002679943304
6391.505245901639 1.120942863608752
6401.517049180327 0.921602725204569
6411.528852459016 1.0
6421.540655737705 1.0290505854187262
6431.552459016393 0.9434829734268733
6441.564262295082 0.9774408328072703
6451.57606557377 0.8803911526138379
6461.587868852459 0.9022952225544028
6471.599672131148 1.034493848041259
6481.611475409836 0.9184344366759175
6491.623278688525 0.8953035482449349
6501.6350819672125 0.8852269614207273
6511.646885245901 1.0406160296342175
6521.65868852459 0.9617542313327059
6531.670491803278 1.005895875269483
6541.682295081967 0.8936598496849577
6551.694098360655 1.0137570422954607
6561.705901639343 0.9749991066855651
6571.717704918032 0.8395369057970151
6581.72950819672 0.9377538501852137
6591.741311475409 0.84064461569613
6601.753114754098 0.8320568862632061
6611.764918032786 0.7663327655823814
6621.776721311475 0.8030777659992614
6631.788524590163 0.799290112795836
6641.800327868852 0.8124158795573925
6651.812131147541 0.7668211108067226
6661.823934426229 0.7672975451719332
6671.835737704918 0.7614612241981014
6681.847540983606 0.8676227116261895
6691.859344262295 0.8464809366699619
6701.871147540984 0.914253725121193
6711.882950819672 0.8743999904713127
6721.894754098361 0.9041294948604642
6731.906557377049 0.8217778148337839
6741.918360655737 0.9063568255178246
6751.930163934426 0.765653846611956
6761.941967213114 0.8962206843979655
6771.953770491803 0.8820348511738152
6781.965573770491 0.7809593005943518
6791.977377049179 0.8605833938802006
6801.989180327868 0.8945293424014674
6812.0009836065565 0.8466000452612646
6822.012786885245 0.8349631358909918
6832.024590163934 0.9242945793680097
6842.036393442622 0.9689007468108674
6852.048196721311 1.0829234012649334
6862.0599999999995 1.6420310396988935
6872.071803278688 1.0955846445204092
6882.083606557377 1.0818156913658183
6892.095409836065 0.930857462748788
6902.107213114754 0.8638946127184153
6912.1190163934425 0.9084412258656217
6922.130819672131 0.8874185595006967
6932.14262295082 0.8450159009969389
6942.154426229508 0.8577366985480663
6952.166229508197 0.852281525066403
6962.178032786885 0.8971497314101265
6972.189836065573 0.8225162880998605
6982.201639344262 0.822980811605941
6992.21344262295 0.8520194861655371
7002.225245901638 0.7912979263194254
7012.237049180327 0.8288766868754243
7022.248852459015 0.987297068737568
7032.260655737704 0.8227783270007265
7042.2724590163925 0.8630608525792965
7052.284262295081 0.7850923687125552
7062.29606557377 0.7937872958776516
7072.307868852458 0.7519325368938861
7082.319672131147 0.7775408840239647
7092.331475409836 0.8150720011434424
7102.343278688524 0.7639863263337184
7112.355081967213 0.7757185225770334
7122.366885245901 0.8373572185761758
7132.37868852459 0.7467751348904796
7142.390491803279 0.8360470240718463
7152.402295081967 0.6927355670164489
7162.414098360656 0.6827304453470229
7172.425901639344 0.7516109436973688
7182.437704918032 0.6173160070035851
7192.449508196721 0.716735948163941
7202.461311475409 0.6854699429469847
7212.473114754098 0.7360196290958467
7222.4849180327865 0.7345069499863025
7232.496721311474 0.6711530902724013
7242.508524590163 0.7963004871541384
7252.520327868851 0.7008587729432925
7262.53213114754 0.6602665650273355
7272.543934426229 0.6637683576116344
7282.555737704917 0.6948914325190275
7292.567540983606 0.7018950176876257
7302.579344262294 0.7454411186678895
7312.591147540983 0.6647569589194469
7322.602950819672 0.7244541848803554
7332.61475409836 0.7406529532975213
7342.626557377049 0.7020498588563193
7352.638360655737 0.6755481972914705
7362.650163934426 0.695082006265112
7372.661967213115 0.7336731898471837
7382.673770491803 0.7115547244422741
7392.685573770492 0.6927355670164489
7402.69737704918 0.6827780887835438
7412.709180327868 0.6885905880391152
7422.720983606557 0.7073025477327679
7432.732786885245 0.7002870517050395
7442.744590163934 0.6822897435592028
7452.7563934426225 0.7044558524006336
7462.76819672131 0.736877210953226
7472.779999999999 0.6125516633514775
7482.791803278687 0.6831235036983218
7492.803606557376 0.5503650678323427
7502.815409836065 0.6312874447633907
7512.827213114753 0.4256226401610348
7522.839016393442 0.08443250711673833
7532.8508196721305 0.5658372738425622
7542.862622950819 0.6600402587038603
7552.874426229508 0.6712841097228344
7562.886229508196 0.7547077670712389
7572.898032786885 0.6410186166728206
7582.9098360655735 0.7068380242266874
7592.921639344262 0.6577474183212835
7602.933442622951 0.24189763807663445
7612.945245901639 0.6199363960122444
7622.957049180328 0.6770966089784056
7632.9688524590165 0.6501542456257369
7642.980655737705 0.8979834915492454
7652.992459016394 0.6020462855985802
7663.004262295081 0.6821825458270305
7673.016065573769 0.6408875972223876
7683.027868852458 0.6113963100158415
7693.039672131146 0.7046940695832391
7703.051475409835 0.5215169670188311
7713.0632786885235 0.6441273509058209
7723.075081967212 0.7446550019652918
7733.086885245901 0.7848481961003847
7743.098688524589 0.6050359112402778
7753.110491803278 0.7047178913014995
7763.1222950819665 0.8165251259573353
7773.134098360655 0.7123289302857414
7783.145901639344 0.6643877222864084
7793.157704918032 0.5836440082423144
7803.169508196721 0.6071679550245959
7813.1813114754095 0.6358373929511536
7823.193114754098 0.7289207570542062
7833.204918032787 0.6004502304751241
7843.216721311475 0.7080648427171052
7853.228524590164 0.8345105232440415
7863.240327868853 0.5976392677203807
7873.252131147541 0.561799492597401
7883.26393442623 0.5468990078254344
7893.275737704917 0.6921876674964564
7903.287540983605 0.6330383410555402
7913.299344262294 0.7737055873840181
7923.311147540982 0.6533582667317793
7933.322950819671 0.6193646747739915
7943.33475409836 0.6569791679073811
7953.346557377048 0.6240218206939266
7963.358360655737 0.6457234060292769
7973.370163934425 0.8314136998701717
7983.381967213114 0.7138296985361554
7993.393770491803 0.6970472980216063
8003.405573770491 0.5996402920542658
8013.41737704918 0.5836440082423144
8023.429180327868 0.5165382279023786
8033.440983606557 0.7265981395238038
8043.452786885246 0.554093166740117
8053.464590163934 0.5795228509832414
8063.476393442623 0.6844575199209119
8073.488196721311 0.6209607298974475
8083.5 0.5840013340162226
8093.511803278689 0.673082649451505
8103.523606557377 0.5633359934252057
8113.535409836065 0.5884440844718128
8123.547213114753 0.6129447217027764
8133.559016393441 0.5446954988863346
8143.57081967213 0.5504722655645151
8153.582622950818 0.6413640315875984
8163.594426229507 0.6056076324785306
8173.606229508196 0.5870862465309623
8183.618032786884 0.6043689031289827
8193.629836065573 0.7279559774646545
8203.641639344261 0.599735578927308
8213.65344262295 0.49159688888359515
8223.665245901639 0.6338125468990078
8233.677049180327 0.6572769393856379
8243.688852459016 0.41685624784115677
8253.700655737704 0.6011291494455494
8263.712459016393 0.5038769846469026
8273.724262295082 0.5545457793870672
8283.73606557377 0.6649118000881403
8293.747868852459 0.6177031099253188
8303.759672131147 0.5895875269483187
8313.771475409836 0.7007634860702502
8323.783278688525 0.5105589766189835
8333.795081967213 0.5446835880272044
8343.8068852459 0.5532594066009981
8353.818688524589 0.6636254273020713
8363.830491803277 0.44828900508593683
8373.842295081966 0.5072120252033779
8383.854098360654 0.6643043462724966
8393.865901639343 0.5589527972652667
8403.877704918032 0.5347975749490811
8413.88950819672 0.4891313410436295
8423.901311475409 0.437319103826959
8433.913114754097 0.5096597067546482
8443.924918032786 0.4989220672487106
8453.936721311475 0.616470336005336
8463.948524590163 0.6459854449301428
8473.960327868852 0.5459818716724038
8483.97213114754 0.5051752682921019
8493.98393442623 0.6096930571602129
8503.995737704918 0.453077170456305
8514.007540983606 0.6359088581059351
8524.019344262295 0.5161094369736888
8534.031147540984 0.4915135128696833
8544.042950819672 0.4931929440070512
8554.05475409836 0.590659504270043
8564.06655737705 0.5066522148242553
8574.078360655738 0.5266386364448468
8584.090163934425 0.5400383529663995
8594.101967213113 0.4503376728563431
8604.113770491802 0.35999380635325223
8614.12557377049 0.3937015376919137
8624.13737704918 0.6045356551568064
8634.149180327868 0.7643317412484962
8644.160983606556 0.5511630953940707
8654.172786885245 0.4788165370368165
8664.184590163934 0.7397000845670998
8674.196393442622 0.6328120347320653
8684.20819672131 0.38882999630763365
8694.22 0.4585323439379682
8704.231803278688 0.5620853532165275
8714.243606557377 0.6403218314136999
8724.255409836065 0.4817466083828626
8734.267213114754 0.46899007825434447
8744.279016393442 0.4821396667341615
8754.290819672131 0.5143942732589302
8764.30262295082 0.7201067212978072
8774.314426229508 0.6985599771311504
8784.326229508197 0.587693700346606
8794.338032786885 0.5080100527651059
8804.349836065572 0.4679181009326202
8814.36163934426 0.6246530962278309
8824.37344262295 0.5420989315959359
8834.385245901638 0.8117607823052276
8844.397049180327 0.4848910751932537
8854.408852459015 0.6559905665995689
8864.420655737704 0.5358099979751539
8874.432459016392 0.5991519468299248
8884.444262295081 0.4892980930714532
8894.45606557377 0.5225055683266434
8904.467868852458 0.6450444870588515
8914.479672131147 0.43488928856438414
8924.491475409835 0.5216003430327429
8934.503278688524 0.4228235882654216
8944.515081967213 0.4991721952904463
8954.526885245901 0.34701096990125896
8964.53868852459 0.4985290088974117
8974.550491803278 0.39418988291625473
8984.562295081967 0.5390854842359779
8994.574098360656 0.50774801386424
