3507.326174863388 0.10736596282961952
3517.338524590164 -0.008052836430865037
3527.35087431694 -1.5937530407706528
3537.363224043716 0.024475041354480878
3547.375573770492 1.2851999610781355
3557.387923497268 1.4064415685511336
3567.4002732240438 0.1128442152379099
3577.4126229508197 1.5963802666147708
3587.4249726775956 -0.7984723168239759
3597.4373224043716 -0.17374720249099931
3607.4496721311475 1.455872336284908
3617.462021857924 1.6877493431935389
3627.4743715847 0.48912133891213383
3637.486721311476 0.3370876714994648
3647.4990710382517 -0.21309720735623236
3657.5114207650277 1.167947844701761
3667.5237704918036 1.1002238007200544
3677.5361202185795 0.17330933151697964
3687.5484699453555 -0.3734358275761409
3697.5608196721314 -0.22734260971100514
3707.5731693989073 0.16488274788362361
3717.5855191256833 -0.19441471246472705
3727.597868852459 0.12981414809769387
3737.610218579235 0.10483604164639486
3747.622568306011 1.9314975187311472
3757.634918032787 0.9755765301157925
3767.647267759563 0.7146881385618371
3777.659617486339 0.029815121144302813
3787.671967213115 0.6170380461224092
3797.684316939891 0.3799163179916318
3807.6966666666667 0.8653984625863579
3817.7090163934427 0.26985501605526907
3827.7213661202186 0.35645616425026755
3837.7337158469945 0.9454218157049722
3847.7460655737705 0.4362654471149168
3857.7584153005464 0.4162693393013525
3867.7707650273223 -0.006705945314780577
3877.7831147540987 0.7247543057312444
3887.7954644808747 1.186824948915053
3897.8078142076506 0.17126593363822126
3907.8201639344265 0.5260825143524375
3917.8325136612025 0.4166001751483896
3927.8448633879784 0.6074146151600661
3937.8572131147544 0.4010703512698258
3947.8695628415303 0.46186630339593265
3957.8819125683062 0.26845382893840614
3967.894262295082 0.34371898413934027
3977.906612021858 0.46705264182154327
3987.918961748634 0.09881288313710226
3997.93131147541 0.6078232947358178
4007.943661202186 0.4699523207161623
4017.956010928962 0.5640361973338522
4027.968360655738 0.6318575459764523
4037.9807103825137 0.5793276247932275
4047.9930601092897 0.43931108300087574
4058.005409836066 0.8621582173786124
4068.017759562842 1.269825824657001
4078.030109289618 1.2512406344263889
4088.042459016394 1.4007978982193245
4098.05480874317 1.395932665174662
4108.067158469946 1.3848399338328305
4118.079508196722 1.2343096234309623
4128.091857923498 0.8754792254548993
4138.104207650274 1.1020725892770264
4148.1165573770495 1.2291524764036197
4158.128907103825 1.4608348739904642
4168.141256830601 0.933750121630826
4178.153606557377 0.8524958645519121
4188.165956284153 1.1683370633453343
4198.178306010929 1.1754403035905419
4208.190655737705 0.9691836138951055
4218.203005464481 1.275566799649703
4228.215355191257 1.1043105964775712
4238.227704918033 1.0419383088449936
4248.240054644809 0.9974700788167752
4258.252404371585 1.1310693782232168
4268.264754098361 0.8069475527877785
4278.277103825137 0.663014498394473
4288.289453551913 0.936391943174078
4298.301803278689 0.7236547630631507
4308.3141530054645 0.7198890726865816
4318.32650273224 0.7948525834387467
4328.338852459016 0.899523207161623
4338.351202185792 0.7867471051863384
4348.363551912568 0.6856475625182447
4358.375901639344 0.7120268560864065
4368.38825136612 0.6361292205896663
4378.400601092896 1.1443028121046996
4388.412950819672 0.9712464727060426
4398.425300546448 0.6699620511822516
4408.437650273224 0.8554928481074243
4418.45 0.7328987058480101
4428.462349726776 0.9391262041451784
4438.474699453552 0.8683662547436022
4448.487049180328 0.5482728422691446
4458.499398907104 0.6605137686095164
4468.51174863388 0.8048263111803055
4478.524098360656 0.8769193344361194
4488.536448087432 0.8346404592779993
4498.548797814208 0.7541305828549187
4508.561147540984 0.9253284032305147
4518.57349726776 0.7464143232460835
4528.585846994536 0.7944147124647271
4538.598196721312 0.8974992702150432
4548.610546448088 0.8251143329765496
4558.622896174864 0.6527488566702345
4568.63524590164 0.7456164250267587
4578.647595628416 0.8764036197333852
4588.659945355192 0.9454899289675975
4598.672295081968 1.1284421523790988
4608.6846448087435 1.0527391262041452
4618.6969945355195 1.1241607472997956
4628.709344262295 1.283935000486523
4638.721693989071 1.292887029288703
4648.734043715847 1.3962245791573415
4658.746393442623 1.466867762965846
4668.758743169399 1.2712853945704
4678.771092896175 1.5507443806558332
4688.783442622951 1.466867762965846
4698.795792349727 1.621874087768804
4708.808142076503 1.499075605721514
4718.820491803279 1.7774642405371217
4728.832841530055 1.6337452563977815
4738.845191256831 1.6672180597450617
4748.857540983607 1.4693976841490706
4758.869890710383 1.4594726087379586
4768.8822404371585 1.2812104699815121
4778.8945901639345 1.2537705556096137
4788.90693989071 1.2820862119295515
4798.919289617486 1.3408582271090783
4808.931639344262 1.482339204047874
4818.943989071038 1.3455288508319547
4828.956338797814 1.3564269728519995
4838.96868852459 1.184586941714508
4848.981038251367 1.2368395446141869
4858.993387978143 1.1786513574000195
4869.005737704919 1.186046511627907
4879.018087431695 1.1996691641529629
4889.030437158471 1.3171158898511237
4899.042786885247 1.265252505595018
4909.055136612023 1.3212026856086405
4919.0674863387985 1.4014790308455773
4929.079836065574 1.3291816678018877
4939.09218579235 1.473679089228374
4949.104535519126 1.3793908728228081
4959.116885245902 1.420648049041549
4969.129234972678 1.496837598520969
4979.141584699454 1.35151308747689
4989.15393442623 1.3692711880899093
4999.166284153006 1.4682300282183516
5009.178633879782 1.3166293665466575
5019.190983606558 1.1680451493626542
5029.203333333334 1.4283351172521164
5039.21568306011 1.2870487496351075
5049.228032786886 1.2211734942103725
5059.240382513662 1.0876714994648242
5069.252732240438 1.1126787973143912
5079.2650819672135 1.065583341442055
5089.2774316939895 1.0991534494502286
5099.289781420765 1.0422302228276734
5109.302131147541 1.108543349226428
5119.314480874317 1.1179332490026272
5129.326830601093 1.0861146248905322
5139.339180327869 1.1772890921475139
5149.351530054645 1.2060912717719179
5159.363879781421 1.0402841296098082
5169.376229508197 1.1142356718886834
5179.388579234973 1.1545198014984919
5189.400928961749 1.2163082611657097
5199.413278688525 1.0562420939963022
5209.425628415301 1.0214070253965166
5219.437978142077 1.1002238007200544
5229.450327868853 1.1282475430573125
5239.4626775956285 1.1687262819889073
5249.4750273224045 1.0582854918750606
5259.48737704918 1.185365379001654
5269.499726775956 1.219324705653401
5279.512076502732 1.3134183127371801
5289.524426229508 1.2818916026077647
5299.536775956284 1.1720346404592779
5309.54912568306 1.2805293373552593
5319.561475409836 1.236547630631507
5329.573825136612 1.1623041743699523
5339.586174863388 1.3201323343388147
5349.598524590164 1.2820862119295515
5359.61087431694 1.17777561545198
5369.623224043716 1.172423859102851
5379.635573770492 1.2225844117933249
5389.647923497268 1.2256495086114625
5399.6602732240435 1.326651746618663
5409.6726229508195 0.9136323829911452
5419.684972677595 0.6148486912523109
5429.697322404372 1.262236061107327
5439.709672131148 1.4211345723460151
5449.722021857924 1.3534105283643085
5459.7343715847 1.438844020628588
5469.746721311476 1.4212318770069086
5479.759071038252 1.4154909020142066
5489.771420765028 1.4113068015957964
5499.783770491804 1.386494113068016
5509.79612021858 1.3506859978592975
5519.808469945356 1.2461807920599395
5529.820819672132 1.4965456845382894
5539.833169398908 1.369076578768123
5549.8455191256835 1.3867860270506958
5559.857868852459 1.3108883915539553
5569.870218579235 1.256981609419091
5579.882568306011 1.3412474457526515
5589.894918032787 1.2547436022185463
5599.907267759563 1.397878758392527
5609.919617486339 1.5053031040186824
5619.931967213115 1.2794589860854333
5629.944316939891 1.304368979274107
5639.956666666667 1.37705556096137
5649.969016393443 1.2969738250462197
5659.981366120219 1.3613895105575557
5669.993715846995 1.347085725406247
5680.006065573771 1.2262333365768219
5690.018415300547 1.3958353605137686
5700.030765027323 1.2707988712659337
5710.0431147540985 1.2593169212805293
5720.055464480874 1.2616522331419675
5730.067814207651 1.1208523888294248
5740.080163934427 1.3318088936460055
5750.092513661203 1.3733579838474261
5760.104863387979 1.2651552009341247
5770.117213114755 1.2778048068502479
5780.129562841531 1.3550160552690473
5790.141912568307 1.3033959326651745
5800.154262295083 1.2760533229541693
5810.166612021859 1.29668191106354
5820.178961748635 1.2684635594044955
5830.191311475411 1.2605818818721417
5840.203661202187 1.3887321202685607
5850.2160109289625 1.4017709448282574
5860.2283606557385 1.2809185559988323
5870.240710382514 1.3165320618857643
5880.25306010929 1.2931789432713825
5890.265409836066 1.1615257370828063
5900.277759562842 1.2715773085530795
5910.290109289618 1.4235671888683468
5920.302459016394 1.1456650773572052
5930.31480874317 1.194414712464727
5940.327158469946 1.2220492361584119
5950.339508196722 1.151211443028121
5960.351857923498 1.278972462780967
5970.364207650274 1.2364503259706139
5980.37655737705 1.1360319159287728
5990.388907103826 1.1377833998248517
6000.401256830602 1.1942201031429405
6010.4136065573775 1.1288313710226718
6020.4259562841535 1.1373941811812787
6030.438306010929 1.1122895786708182
6040.450655737705 1.1999610781356427
6050.463005464481 1.171888683467938
6060.475355191257 1.1105380947747396
6070.487704918033 1.0896175926826894
6080.500054644809 1.3463072881191007
6090.512404371585 1.1875060815413057
6100.524754098361 1.3109856962148485
6110.537103825137 1.1803055366352049
6120.549453551913 1.25425707891408
6130.561803278689 1.1666828841101489
6140.574153005465 1.2491972365476307
6150.586502732241 1.2935681619149555
6160.598852459017 1.3443611949012357
6170.6112021857925 1.3135156173980733
6180.6235519125685 1.282815996886251
6190.635901639344 1.3116668288411015
6200.64825136612 1.2084265836333559
6210.660601092896 1.3713145859686677
6220.672950819672 1.1267879731439134
6230.685300546448 1.3275274885667023
6240.697650273224 1.3167266712075507
6250.71 1.1856572929843339
6260.722349726776 1.2029775226233335
6270.734699453552 1.253089422983361
6280.747049180328 1.28831371022672
6290.759398907104 1.1696993285978396
6300.77174863388 1.1092731341831272
6310.784098360656 1.0687943952515326
6320.796448087432 1.0167850540040868
6330.8087978142075 0.8928091855599883
6340.8211475409835 0.939291622068697
6350.833497267759 0.8235185365379002
6360.845846994535 0.8308066556388051
6370.858196721311 0.9216210956504817
6380.870546448087 0.8312737180110926
6390.882896174863 0.8708572540624695
6400.895245901639 0.8758392527002044
6410.907595628416 0.8862313904836041
6420.919945355192 0.9180986669261457
6430.932295081968 0.9970808601732022
6440.944644808744 0.9629171937335798
6450.95699453552 0.9498297168434368
6460.969344262296 0.9902695339106743
6470.981693989072 1.0300671402160162
6480.9940437158475 1.055366352048263
6491.006393442623 0.9951347669553371
6501.018743169399 0.9895884012844214
6511.031092896175 0.9839447309526127
6521.043442622951 1.0570205312834484
6531.055792349727 1.0720054490610098
6541.068142076503 1.1210469981512112
6551.080491803279 1.1180305536635204
6561.092841530055 1.0779410333754986
6571.105191256831 1.1010022380072004
6581.117540983607 1.1712562031721319
6591.129890710383 1.1477084752359636
6601.142240437159 1.0476792838376958
6611.154590163935 1.1970419383088449
6621.166939890711 1.1634718303006713
6631.179289617487 1.2068697090590639
6641.1916393442625 1.263792935681619
6651.203989071038 1.195193149751873
6661.216338797815 1.0869903668385714
6671.228688524591 1.1347669553371604
6681.241038251367 1.0995426680938016
6691.253387978143 1.127371801109273
6701.265737704919 1.0653887321202684
6711.278087431695 1.213389121338912
6721.290437158471 1.147416561253284
6731.302786885247 1.0978884888586165
6741.315136612023 1.1240634426389025
6751.327486338799 1.1143329765495766
6761.339836065575 1.1147221951931496
6771.352185792351 1.099639972754695
6781.364535519127 1.1959715870390193
6791.3768852459025 1.2359638026661477
6801.389234972678 1.1297071129707112
6811.401584699454 1.1202685608640652
6821.41393442623 1.0646102948331224
6831.426284153006 0.970750218935487
6841.438633879782 1.146346209983458
6851.450983606558 1.0961370049625376
6861.463333333334 1.1054782524082905
6871.47568306011 1.195582368395446
6881.488032786886 1.0458304952807238
6891.500382513662 1.0474846745159092
6901.512732240438 1.0971100515714702
6911.525081967214 1.0640264668677628
6921.53743169399 1.0527391262041452
6931.549781420766 1.073951542278875
6941.562131147542 1.094385521066459
6951.5744808743175 1.0221854626836624
6961.586830601093 1.0413544808796342
6971.599180327869 1.0359054198696116
6981.611530054645 0.9616230417436995
6991.623879781421 0.9874963510752165
7001.636229508197 1.032207842755668
7011.648579234973 1.0508903376471732
7021.660928961749 0.9655054977133404
7031.673278688525 1.0036002724530506
7041.685628415301 0.9674905127955629
7051.697978142077 1.0431059647757128
7061.710327868853 1.005351756349129
7071.722677595629 1.0964289189452174
7081.735027322405 0.9658363335603775
7091.747377049181 0.9973727741558819
7101.759726775957 0.9566605040381434
7111.7720765027325 0.9869611754403035
7121.784426229508 0.9622311958742823
7131.796775956284 1.0036002724530506
7141.80912568306 1.0397003016444488
7151.821475409836 0.9802471538386689
7161.833825136612 0.9242872433589568
7171.846174863388 0.970721027537219
7181.858524590164 1.0004865233044662
7191.87087431694 0.9649216697479809
7201.883224043716 0.9023645032597061
7211.895573770492 0.9076578768122993
7221.907923497268 0.9041451785540526
7231.920273224044 0.9651454704680353
7241.93262295082 0.9776199279945508
7251.944972677596 0.9631555901527683
7261.957322404372 0.8846550549771334
7271.9696721311475 0.9233141967500242
7281.982021857923 1.108008173591515
7291.994371584699 0.8803541889656514
7302.006721311475 1.040186824948915
7312.019071038251 1.0012649605916122
7322.031420765027 0.9589958158995815
7332.043770491803 1.0203366741266906
7342.056120218579 0.9733385229152476
7352.068469945356 0.9615646589471635
7362.080819672132 0.9955239855989101
7372.093169398908 0.9609516395835359
7382.105519125684 0.990950666536927
7392.11786885246 0.9037267685122117
7402.130218579236 0.8990269533910674
7412.1425683060115 0.8895592098861536
7422.1549180327875 0.8346015374136421
7432.167267759563 0.9501119003600272
7442.179617486339 1.0410625668969544
7452.191967213115 0.9235088060718107
7462.204316939891 0.9496059161233823
7472.216666666667 0.9531088839155395
7482.229016393443 0.9757711394375789
7492.241366120219 0.9137588790503064
7502.253715846995 0.8646492166974797
7512.266065573771 0.6740877688041257
7522.278415300547 0.8590882553274302
7532.290765027323 0.8232363530213097
7542.303114754099 0.9036878466478544
7552.315464480875 0.8687652038532645
7562.327814207651 0.9914371898413933
7572.3401639344265 0.9963024228860562
7582.3525136612025 0.9289481366157438
7592.364863387979 0.8019169018195972
7602.377213114755 1.2520190717135349
7612.389562841531 0.9799552398559892
7622.401912568307 0.8809672083292789
7632.414262295083 1.0703512698258246
7642.426612021859 0.9568940352242873
7652.438961748635 0.8260095358567675
7662.451311475411 0.9171645421815704
7672.463661202187 1.0020433978787584
7682.476010928963 0.8992702150433005
7692.488360655739 0.9639194317407803
7702.500710382515 1.0266614770847522
7712.513060109291 0.956650773572054
7722.5254098360665 0.8792838376958256
7732.537759562842 0.9123479614673542
7742.550109289618 0.9228763257760045
7752.562459016394 0.9439135934611268
7762.57480874317 0.8535759462878272
7772.587158469946 0.8693879536829814
7782.599508196722 0.8728714605429599
7792.611857923498 0.9091855599883233
7802.624207650274 0.8799747007881676
7812.63655737705 0.8447212221465408
7822.648907103826 0.820677240439817
7832.661256830602 0.8116279069767441
7842.673606557378 0.825727352340177
7852.685956284154 0.8549382115403327
7862.69830601093 0.8216113651843923
7872.710655737706 0.772394667704583
7882.7230054644815 0.8090201420648049
7892.735355191257 0.8239174856475625
7902.747704918033 0.8543543835749732
7912.760054644809 0.821844896370536
7922.772404371585 0.8397732801401186
7932.784754098361 0.810878661087866
7942.797103825137 0.8937043884402063
7952.809453551913 0.8004865233044662
7962.821803278689 0.795728325386786
7972.834153005465 0.8645032597061398
7982.846502732241 0.9144594726087379
7992.858852459017 0.9253867860270506
8002.871202185793 0.8736596282961954
8012.883551912569 0.8482631118030552
8022.895901639345 0.9468132723557457
8032.908251366121 0.944847718205702
8042.9206010928965 0.9263501021698939
8052.932950819672 0.9310791086893062
8062.945300546448 0.9278534591806946
8072.957650273224 1.0
8082.97 0.990950666536927
8092.982349726776 0.9899776199279946
8102.994699453552 0.9308455775031623
8113.007049180328 0.9595699133988517
8123.019398907104 0.9976646881385619
8133.03174863388 1.0243261652233142
8143.044098360656 1.1204631701858518
8153.056448087432 1.0478738931594822
8163.068797814208 1.1473192565923906
8173.081147540984 1.1601634718303004
8183.09349726776 1.1182251629853068
8193.105846994535 0.9758392527002042
8203.118196721312 1.1503357010800817
8213.130546448087 1.0474846745159092
8223.142896174864 0.9913398851805
8233.155245901638 0.9840420356135059
8243.167595628416 1.042814050793033
8253.17994535519 0.8987836917388342
8263.192295081968 0.941442055074438
8273.204644808742 0.8639972754694949
8283.21699453552 0.9800525445168824
8293.229344262294 0.9712367422399533
8303.241693989072 1.0336674126690668
8313.254043715846 0.9133015471441082
8323.266393442624 1.015957964386494
8333.278743169398 0.935584314488664
8343.291092896176 1.0281210469981512
8353.30344262295 0.9146248905322565
8363.315792349727 0.8364989783010606
8373.328142076502 0.9132723557458402
8383.34049180328 0.9159968862508514
8393.352841530055 0.8930524472122214
8403.365191256831 0.9094482825727352
8413.377540983609 0.730475819791768
8423.389890710383 0.8191300963316143
8433.40224043716 0.7442833511725211
8443.414590163935 0.7758392527002043
8453.426939890713 0.6890726865816872
8463.439289617487 0.7327722097888488
8473.451639344265 0.7141675586260582
8483.463989071039 0.7364600564367032
8493.476338797816 0.7561253284032305
8503.48868852459 0.7447406830787194
8513.501038251368 0.6997470078816775
8523.513387978142 0.6619149557263793
8533.52573770492 0.7653011579254646
8543.538087431694 0.7110927313418313
8553.550437158472 0.6815899581589958
8563.562786885246 0.6776199279945508
8573.575136612024 0.7113846453245111
8583.587486338798 0.6559891018779799
8593.599836065576 0.6909603970030164
8603.61218579235 0.6057798968570595
8613.624535519128 0.620288021796244
8623.636885245902 0.5720443709253673
8633.64923497268 0.6747299795660212
8643.661584699454 0.6041549090201421
8653.673934426231 0.6568745742921085
8663.686284153006 0.7140410625668969
8673.698633879783 0.5010995426680938
8683.710983606557 0.6616911550063247
8693.723333333335 0.6703999221562712
8703.73568306011 0.6998053906782135
8713.748032786887 0.696146735428627
8723.760382513661 0.7001070351269826
8733.772732240439 0.6935000486523304
8743.785081967213 0.7333657682202978
8753.79743169399 0.8058772015179527
8763.809781420765 1.008757419480393
8773.822131147543 0.7694463364795173
8783.834480874317 0.7332198112289579
8793.846830601095 0.7883623625571665
8803.859180327869 0.7937433103045635
8813.871530054646 0.8386980636372482
8823.88387978142 0.7791281502383964
8833.896229508198 0.7566021212416074
8843.908579234972 0.8191982095942395
8853.92092896175 0.8473387175245694
8863.933278688524 0.7641724238591028
8873.945628415302 0.7542084265836333
8883.957978142076 0.7150822224384548
8893.970327868854 0.7560766760727838
8903.982677595628 0.8730174175342998
8913.995027322406 0.8106451299017222
8924.00737704918 0.8297460348350686
8934.019726775958 0.8498394473095261
8944.032076502732 0.6391359346112678
8954.04442622951 0.6866011481949985
8964.056775956284 0.74906101002238
8974.069125683061 0.7598715578476208
8984.081475409836 0.6318672764425416
8994.093825136613 0.7789432713826991
