3508.1061202185792 3.977502334663384
3518.118360655738 0.2595721198743527
3528.130601092896 0.8351982341455132
3538.1428415300543 -0.02185075133712539
3548.155081967213 1.0497495542915358
3558.1673224043716 0.900161304015621
3568.1795628415302 -1.7655997962475594
3578.1918032786884 -1.382035826470838
3588.2040437158466 3.536123609814076
3598.2162841530053 -0.4804058069445623
3608.228524590164 2.4448594957127088
3618.2407650273226 3.0684268613634433
3628.253005464481 2.465319636641481
3638.265245901639 0.7049707105866373
3648.2774863387976 2.4560658799558537
3658.2897267759563 1.7344426521776042
3668.3019672131145 2.6740809915952117
3678.314207650273 3.740725019101791
3688.3264480874313 3.004244842516343
3698.33868852459 1.1504372187791834
3708.3509289617487 0.9360726717038798
3718.363169398907 2.114356057390271
3728.3754098360655 1.426521776042109
3738.3876502732237 1.0174887511673316
3748.3998907103824 0.10156210204601408
3758.412131147541 -1.5548009168859835
3768.424371584699 1.8542321079887938
3778.436612021858 0.86104932507004
3788.448852459016 1.405637150861703
3798.4610928961747 1.6447915782324476
3808.4733333333334 1.4103913744800067
3818.4855737704916 1.495118431106206
3828.49781420765 1.791663129297903
3838.5100546448084 0.643917140674081
3848.522295081967 0.6159011800662195
3858.5345355191257 1.7665336616011547
3868.546775956284 1.0528058409033025
3878.5590163934426 1.161473809321674
3888.5712568306008 1.3188725698276593
3898.5834972677594 1.6395279735121828
3908.595737704918 1.867306222939129
3918.6079781420763 0.4574284744035996
3928.620218579235 0.7883946005603192
3938.632459016393 2.182952712454368
3948.6446994535518 0.8867476016639783
3958.6569398907104 0.9063587740894813
3968.6691803278686 1.3915442737074453
3978.6814207650273 1.4168435351048476
3988.6936612021855 0.8794464725358689
3998.705901639344 1.541217420833687
4008.7181420765028 2.289498259614568
4018.730382513661 1.0770014432464556
4028.7426229508196 1.8555055607436965
4038.754863387978 1.626623652262501
4048.7671038251365 2.8206978521096864
4058.779344262295 2.19449868409882
4068.7915846994533 2.394176076067578
4078.803825136612 2.5947024365396043
4088.81606557377 1.7155955514050427
4098.828306010929 2.61855845148145
4108.8405464480875 2.6696663553782156
4118.852786885245 2.234824688004075
4128.865027322405 2.6650819254605653
4138.8772677595625 1.8364037694201545
4148.88950819672 1.8504117497240853
4158.90174863388 2.282197130486459
4168.913989071038 2.3636132099499108
4178.926229508197 2.0948297818150947
4188.938469945355 2.0109092452670003
4198.950710382513 2.761694541132524
4208.962950819672 2.3224382375413875
4218.97519125683 2.5818830121402496
4228.9874316939895 2.137363103828848
4238.999672131147 1.8214619237626282
4249.011912568305 2.495712709058494
4259.0241530054645 2.872569827659394
4269.036393442622 3.020290347228118
4279.048633879782 2.075727990491553
4289.06087431694 2.0648611936497154
4299.073114754097 2.2645385856184737
4309.085355191257 2.0970370999235928
4319.097595628415 2.690720774259275
4329.109836065574 1.9886662704813654
4339.122076502732 2.019865862976484
4349.13431693989 2.5311995924951187
4359.146557377049 2.3059682485779778
4369.158797814207 1.5997962475592156
4379.171038251367 1.744375583665846
4389.183278688524 1.89965192291366
4399.195519125682 1.9161219118770694
4409.207759562842 1.9475337464980051
4419.219999999999 1.7783343237965872
4429.232240437159 1.859156125307751
4439.244480874317 1.960692758298667
4449.256721311474 1.6693267679769082
4459.268961748634 1.9522879701163085
4469.281202185792 1.673911197894558
4479.293442622951 2.119449868409882
4489.305683060109 1.227863146277273
4499.317923497267 1.3477374989387894
4509.330163934426 1.290771712369471
4519.342404371584 1.4306817217081247
4529.354644808744 1.2459461753968928
4539.366885245901 1.4734697342728587
4549.379125683059 1.4875626114271159
4559.391366120219 1.1059512692079123
4569.403606557376 1.614483402665761
4579.415846994536 1.7582137702691232
4589.428087431694 1.5488581373631038
4599.440327868851 1.2524407844468972
4609.452568306011 1.7853807623737161
4619.464808743169 1.6040410900755582
4629.477049180328 1.4221071398251126
4639.489289617486 1.525681297223873
4649.501530054644 1.950929620511079
4659.513770491803 1.819424399354784
4669.526010928961 1.9424399354783937
4679.538251366121 1.8162832158926903
4689.550491803278 1.4607352067238306
4699.562732240436 2.045250021224213
4709.574972677596 1.4682910264029205
4719.5872131147535 1.5111639358179811
4729.599453551913 1.536123609814076
4739.611693989071 1.5417692503608116
4749.6239344262285 1.5852788861533236
4759.636174863388 1.6885983530011037
4769.648415300546 1.521096867306223
4779.660655737705 1.6749299600984804
4789.672896174863 1.839544952882248
4799.685136612021 1.9184141268358945
4809.69737704918 1.9359028780032261
4819.709617486338 1.5237286696663555
4829.721857923498 1.6473384837422531
4839.7340983606555 1.3063078359792852
4849.746338797813 0.9343747346973428
4859.758579234973 1.7618643348331777
4869.7708196721305 1.312165718651838
4879.78306010929 1.7029034722811787
4889.795300546448 1.1573138636556584
4899.807540983606 1.3419645131165634
4909.819781420765 1.363528313099584
4919.832021857923 1.4100517870786995
4929.844262295082 1.1138466762883097
4939.85650273224 1.2029034722811784
4949.868743169398 1.4548773240512778
4959.8809836065575 1.5467357161049327
4969.893224043715 1.398760505985228
4979.905464480875 1.3736310382884795
4989.9177049180325 1.3990151965362085
4999.92994535519 1.3314373036760336
5009.94218579235 1.3365735631208082
5019.954426229508 1.4811104508022754
5029.966666666666 1.5998811444095422
5039.978907103825 1.4175227099074623
5049.991147540983 0.8517700993293148
5060.003387978142 1.4464725358689192
5070.0156284153 1.1047627133033364
5080.027868852459 1.0792936582052806
5090.040109289617 1.125307751082435
5100.052349726775 1.5637999830206302
5110.064590163935 0.9257152559640037
5120.076830601092 1.3541047627133034
5130.089071038251 1.0815858731641057
5140.10131147541 1.3287206044655744
5150.113551912567 1.508277442906868
5160.125792349727 1.3943458697682316
5170.138032786885 1.2208167077001444
5180.150273224043 1.3232872060446557
5190.162513661202 1.2765090415145597
5200.17475409836 1.4545377366499703
5210.186994535519 1.3659903217590628
5220.199234972677 1.1264963069870109
5230.211475409835 1.3807623737159351
5240.223715846994 1.2795653281263264
5250.235956284152 1.6351982341455131
5260.248196721312 1.2857627982001867
5270.260437158469 1.4784786484421428
5280.272677595627 1.3847525256812971
5290.284918032787 1.2332965446981918
5300.297158469944 1.5855335767043042
5310.309398907104 1.5116733169199423
5320.321639344262 1.2197130486458954
5330.3338797814195 1.4716869004159947
5340.346120218579 1.6805331522200528
5350.358360655737 1.3064776296799387
5360.370601092896 1.5738178113591985
5370.382841530054 1.4357755327277357
5380.395081967212 1.2189489769929536
5390.407322404371 1.554546226335003
5400.419562841529 1.4042788012564735
5410.431803278689 2.1035741573987606e-27
5420.444043715846 1.0297987944647253
5430.456284153004 1.5643093641225911
5440.468524590164 1.5845997113507089
5450.4807650273215 1.284404448594957
5460.493005464481 1.3849223193819509
5470.505245901639 1.5116733169199423
5480.5174863387965 1.4139570421937346
5490.529726775956 1.22039222344851
5500.541967213114 1.2848289328465914
5510.554207650273 1.0595975889294507
5520.566448087431 1.2127515069190933
5530.578688524589 1.3645470753035063
5540.590928961748 1.0962730282706512
5550.603169398906 1.1810000848968503
5560.615409836066 1.16104932507004
5570.6276502732235 0.9707105866372358
5580.639890710382 1.1674165888445538
5590.652131147541 1.2091009423550387
5600.6643715846985 1.1943288903981661
5610.676612021858 1.0262331267509974
5620.688852459016 1.2849138296969183
5630.701092896174 1.1670770014432466
5640.713333333333 1.0563715086170302
5650.725573770491 1.147211138466763
5660.73781420765 0.9026233126750998
5670.750054644808 1.0156210204601408
5680.762295081966 1.216486968333475
5690.7745355191255 0.9593344086934376
5700.786775956283 1.1716614313608966
5710.799016393443 1.1039986416503949
5720.8112568306005 1.166822310892266
5730.823497267758 1.0803973172595298
5740.835737704918 1.2546905509805586
5750.847978142076 1.1074794125137957
5760.860218579235 1.140164699889634
5770.872459016393 0.9808133118261313
5780.884699453551 1.1810000848968503
5790.89693989071 1.1814245691484846
5800.909180327868 1.087189065285678
5810.9214207650275 1.0712284574242297
5820.933661202185 1.219288564394261
5830.945901639343 1.1808302911961968
5840.958142076503 1.1862212411919517
5850.97038251366 1.0948297818150947
5860.98262295082 1.2350793785550556
5870.994863387978 1.2366075218609391
5881.007103825135 1.0879531369386195
5891.019344262295 1.0933865353595382
5901.031584699453 1.3980813311826132
5911.043825136611 1.3258341115544614
5921.05606557377 1.0965277188216318
5931.068306010928 1.214704134476611
5941.080546448087 1.170727566007301
5951.092786885245 1.078529586552339
5961.105027322404 1.0612106290856609
5971.117267759562 1.1019611172425503
5981.12950819672 1.0233466338398847
5991.14174863388 1.0255539519483827
6001.153989071037 1.2130061974700739
6011.166229508196 1.0665591306562527
6021.178469945355 1.1011121487392819
6031.190710382512 1.026572714152305
6041.202950819672 1.146107479412514
6051.21519125683 1.0601069700314119
6061.227431693988 1.0989048306307836
6071.239672131147 1.218184905340012
6081.251912568305 1.0985652432294761
6091.264153005464 1.255030138381866
6101.276393442622 1.0835385007216232
6111.288633879781 1.0725868070294593
6121.300874316939 1.0112063842431445
6131.313114754097 1.1237796077765516
6141.325355191257 1.121147805416419
6151.337595628414 1.2130061974700739
6161.349836065573 1.0888021054418882
6171.362076502732 1.1822735376517532
6181.3743169398895 1.1173274471517107
6191.386557377049 1.078444689702012
6201.398797814207 0.9595890992444182
6211.411038251365 1.0030562866117667
6221.423278688524 1.015026742507853
6231.435519125682 1.0664742338059257
6241.447759562841 1.1439850581543425
6251.459999999999 1.142754053824603
6261.472240437158 0.8750318363188726
6271.484480874316 0.9091603701502674
6281.496721311474 0.9258001528143306
6291.508961748634 0.8465998811444095
6301.5212021857915 1.0095933440869342
6311.53344262295 0.9686730622293913
6321.545683060109 1.0004244842516343
6331.5579234972665 0.7712878852194585
6341.570163934426 0.9159521181764156
6351.582404371584 0.7500382035826471
6361.5946448087425 0.7618133967229815
6371.606885245901 0.7439850581543426
6381.619125683059 0.7498853892520588
6391.631366120218 0.6466847779947364
6401.643606557376 0.7377281602852535
6411.655846994535 0.7951014517361407
6421.6680874316935 0.86323117412344
6431.680327868851 0.8988878512607181
6441.692568306011 0.833992698870872
6451.7048087431685 0.7651922913659903
6461.717049180327 0.9309788606842686
6471.729289617486 0.852279480431276
6481.741530054644 0.8915867221326089
6491.753770491803 1.0679174802614824
6501.766010928961 1.0978860684268614
6511.77825136612 1.0867645810340436
6521.790491803278 1.0023771118091518
6531.802732240436 0.8931997622888191
6541.8149726775955 0.946939468545717
6551.827213114753 0.9350539094999575
6561.839453551912 1.0633330503438323
6571.851693989071 0.9405722047712031
6581.863934426228 1.0224127684862891
6591.876174863388 0.9572119874352661
6601.888415300546 0.928431955174463
6611.900655737704 0.9775872315137109
6621.912896174863 1.0772561337974362
6631.925136612021 0.8919263095339163
6641.93737704918 0.9724934204940997
6651.949617486338 0.8977841922064691
6661.961857923497 1.0741149503353427
6671.974098360655 0.900755581967909
6681.986338797813 1.0
6691.998579234973 1.1617284998726547
6702.01081967213 0.9898972748111046
6712.023060109289 1.1397402156379999
6722.035300546448 1.0519568724000339
6732.047540983605 1.0013583496052296
6742.059781420765 0.9792851685202479
6752.072021857923 1.0015281433058834
6762.084262295081 0.9825961456829951
6772.09650273224 1.075048815688938
6782.108743169398 0.9667204346718737
6792.120983606557 0.9944817047287546
6802.133224043715 0.9300449953306732
6812.145464480874 0.9704558960862552
6822.157704918032 1.0040750488156889
6832.16994535519 1.2199677391968757
6842.18218579235 0.922658969352237
6852.194426229507 0.9505051362594448
6862.206666666666 0.9338653535953816
6872.218907103825 1.034637914933356
6882.231147540982 0.9102640292045164
6892.243387978142 0.7942609729179049
6902.2556284153 1.233126750997538
6912.2678688524575 0.8982086764581034
6922.280109289617 1.015026742507853
6932.292349726775 0.9135750063672637
6942.304590163934 1.0783597928516853
6952.316830601092 0.9054249087358859
6962.32907103825 0.7467951439001613
6972.341311475409 0.90423635283131
6982.353551912567 1.0418541472111384
6992.365792349727 0.8883606418201885
7002.378032786884 0.86323117412344
7012.390273224042 1.0716529416758638
7022.402513661202 0.9814924866287461
7032.4147540983595 0.9710501740385432
7042.426994535519 1.2309194328890398
7052.439234972677 1.043891671618983
7062.4514754098345 0.8741828678156041
7072.463715846994 0.8198361490788693
7082.475956284152 0.9497410646065031
7092.488196721311 0.8907377536293404
7102.500437158469 0.816402071483148
7112.512677595627 0.8362000169793701
7122.524918032786 0.9712199677391968
7132.537158469944 0.8649291111299772
7142.549398907104 0.9787757874182867
7152.5616393442615 0.9301298921810001
7162.573879781419 0.8908226504796672
7172.586120218579 0.7494354359453265
7182.5983606557365 0.9078869173953648
7192.610601092895 0.9101791323541897
7202.622841530054 0.859156125307751
7212.635081967212 0.8621190253841584
7222.647322404371 0.8096867306222939
7232.659562841529 0.7173953646319722
7242.671803278688 0.7780371848204432
7252.684043715846 0.8329484676118516
7262.696284153004 0.8213600475422361
7272.7085245901635 0.5965446981916971
7282.720765027321 0.7750912641141013
7292.73300546448 0.7561932252313439
7302.745245901639 0.8488836064182019
7312.757486338796 0.89668053315222
7322.769726775956 0.7580015281433059
7332.781967213114 0.9331012819424399
7342.794207650272 0.914593768571186
7352.806448087431 0.7181254775447831
7362.818688524589 0.7806435181254775
7372.830928961748 0.7590033109771628
7382.843169398906 0.8067153408608541
7392.855409836065 0.803939213855166
7402.867650273223 0.9113676882587656
7412.879890710381 0.7229985567535444
7422.892131147541 0.7892945071737839
7432.904371584698 0.8731641056116818
7442.916612021857 0.7551744630274217
7452.928852459016 0.6736904660837083
7462.941092896173 0.8666270481365141
7472.953333333333 0.7948128024450293
7482.965573770491 0.6969352237032005
7492.977814207649 0.6461329484676118
7502.990054644808 0.6880719925290771
7513.002295081966 0.6941421173274471
7523.014535519125 0.8014772051956872
7533.026775956283 0.8797860599371763
7543.039016393442 0.859156125307751
7553.0512568306 0.7377366499702861
7563.063497267758 0.7871805756006452
7573.075737704918 0.719424399354784
7583.087978142075 0.6973512182698022
7593.100218579234 0.7440954240597674
7603.112459016393 1.1134221920366754
7613.124699453551 0.7665421512861873
7623.13693989071 0.7988199337804568
7633.149180327868 0.7262925545462263
7643.161420765026 0.7239069530520418
7653.173661202185 0.8866627048136515
7663.185901639344 0.6866542151286188
7673.198142076502 0.8019186688173869
7683.21038251366 0.6341709822565583
7693.222622950819 0.6727650904151457
7703.234863387977 0.6466423295695729
7713.247103825135 0.5697937006537057
7723.259344262294 0.7759996604125986
7733.271584699452 0.7604550471177519
7743.283825136611 0.6653451056965787
7753.29606557377 0.7565752610578147
7763.3083060109275 0.6247219628151796
7773.320546448086 0.7055013159011801
7783.332786885245 0.7670175736480177
7793.345027322403 0.8588165379064436
7803.357267759562 0.8020035656677137
7813.36950819672 0.7572204771202988
7823.3817486338785 0.6825367178877664
7833.393989071037 0.781280244502929
7843.406229508196 0.6177604210883776
7853.418469945354 0.7613719331012819
7863.430710382512 0.673588589863316
7873.442950819671 0.613328805501316
7883.4551912568295 0.7924017318957467
7893.467431693988 0.700730112912811
7903.479672131147 0.7011036590542491
7913.4919125683045 0.873588589863316
7923.504153005463 0.7054928262161474
7933.516393442622 0.857543085151541
7943.5286338797805 0.7286611766703456
7953.540874316939 0.8920961032345699
7963.553114754097 0.8683249851430512
7973.565355191256 0.7935308600050938
7983.577595628414 0.7942185244927413
7993.589836065573 0.6138212072332117
8003.6020765027315 0.6741149503353426
8013.614316939889 0.7582392393242211
8023.626557377048 0.7619662110535699
8033.638797814207 0.6086509890483063
8043.651038251365 0.8985482638594108
8053.663278688524 0.7899567026063333
8063.675519125682 0.6705323032515493
8073.68775956284 0.6840988199337804
8083.699999999999 0.7380168095763646
8093.712240437158 0.5509126411410137
8103.724480874316 0.8120638424314458
8113.736721311474 0.8336021733593685
8123.748961748633 0.7214789031326938
8133.761202185791 0.7174887511673317
8143.77344262295 0.6936836743356821
8153.785683060109 0.7019696069275829
8163.797923497266 0.8252653026572715
8173.810163934425 0.6136683929026233
8183.822404371584 0.7954155700823499
8193.834644808743 0.6686985312844893
8203.846885245901 0.6550980558621275
8213.859125683059 0.6804227863146277
8223.871366120216 0.7103659054249087
8233.883606557376 0.5677391968757959
8243.895846994536 0.6810849817471772
8253.908087431693 0.5437133882332965
8263.920327868851 0.6416843535104847
8273.932568306009 0.5625265302657272
8283.944808743168 0.7081246285762798
8293.957049180328 0.6463876390185924
8303.969289617486 0.7067408099159521
8313.981530054643 0.5682995160879531
8323.993770491801 0.6875201630019526
8334.00601092896 0.6634519059342898
8344.01825136612 0.48297818150946603
8354.030491803278 0.4771712369471092
8364.042732240436 0.5179811528992274
8374.054972677593 0.5429832753204856
8384.067213114753 0.6108922658969352
8394.079453551913 0.5228117836828253
8404.09169398907 0.6675694031751422
8414.103934426228 0.6376687324900246
8424.116174863386 0.5588589863316071
8434.128415300545 0.5561762458612786
8444.140655737705 0.6341624925715256
8454.152896174863 0.5912938279989812
8464.16513661202 0.6781815094659988
8474.177377049178 0.5525681297223873
8484.189617486338 0.5645131165633755
8494.201857923497 0.683300789540708
8504.214098360655 0.5305798454877324
8514.226338797813 0.6190508532133459
8524.23857923497 0.6365226250106122
8534.25081967213 0.5910094235503863
8544.26306010929 0.5423380592580016
8554.275300546447 0.5659818320740301
8564.287540983605 0.584353510484761
8574.299781420763 0.7306138042278632
8584.312021857922 0.5623652262501061
8594.324262295082 0.5462772731131674
8604.33650273224 0.5362169963494354
8614.348743169397 0.49491467866542155
8624.360983606555 0.5810849817471772
8634.373224043715 0.6218184905340012
8644.385464480874 0.7355972493420494
8654.397704918032 0.661830376093047
8664.40994535519 0.739680787842771
8674.422185792348 0.4901774344171831
8684.434426229507 0.6383903557178029
8694.446666666667 0.517964173529162
8704.458907103824 0.692393242210714
8714.471147540982 0.7102725188895492
8724.48338797814 0.5238899736819763
8734.4956284153 0.696009848034638
8744.507868852459 0.7037184820443161
8754.520109289617 0.6577383479072926
8764.532349726775 0.8495627812208166
8774.544590163932 0.6742338059258002
8784.556830601092 0.6358264708379319
8794.569071038251 0.7283130995840054
8804.58131147541 0.6149248662874607
8814.593551912567 0.7137787588080483
8824.605792349725 0.6165718651838017
8834.618032786884 0.7067238305458868
8844.630273224044 0.5458697682315986
8854.642513661202 0.6973257492147042
8864.65475409836 0.7152092707360557
8874.666994535517 0.7499448170472875
8884.679234972677 0.7125732235334069
8894.691475409836 0.7008065200781051
8904.703715846994 0.7533067323202309
8914.715956284152 0.5926564224467272
8924.72819672131 0.8047457339332711
8934.740437158469 0.6403939213855165
8944.752677595628 0.7413702351642754
8954.764918032786 0.46744205789965193
8964.777158469944 0.7015960607861448
8974.789398907102 0.7325834111554461
8984.801639344261 0.5820103574157399
8994.81387978142 0.6992783767722218
