3508.10606557377 1.2187144320509902
3518.1181967213115 1.2111882540405188
3528.130327868852 1.6857785112679262
3538.1424590163933 1.2018552242203504
3548.1545901639347 1.1490866150694288
3558.166721311475 1.2720663555656726
3568.1788524590165 1.6913271113134531
3578.190983606557 1.3590655588436147
3588.2031147540984 1.2831493284771227
3598.2152459016393 1.734862280901434
3608.22737704918 1.5275722740723878
3618.2395081967215 1.5708229000682905
3628.251639344262 1.5031015251536535
3638.2637704918034 1.6610232187571137
3648.275901639344 1.5823469155474619
3658.288032786885 1.5873264284088322
3668.3001639344266 2.0313567038470293
3678.312295081967 1.4358069656271342
3688.3244262295084 1.4370874117914865
3698.336557377049 1.2903625085363075
3708.34868852459 1.6547632597313908
3718.3608196721307 1.418335989073526
3728.372950819672 1.2668592078306398
3738.3850819672134 1.2063936945139995
3748.397213114754 1.071406214432051
3758.4093442622952 1.083150751195083
3768.4214754098357 0.8871926929205554
3778.433606557377 1.026533689961302
3788.4457377049175 0.8088293876621898
3798.457868852459 0.7685095606646938
3808.4700000000003 0.6627162531299795
3818.4821311475407 0.620973708172092
3828.494262295082 1.496272478943774
3838.5063934426225 1.007881857500569
3848.518524590164 0.8907494878215343
3858.5306557377053 0.8804063282494878
3868.5427868852457 1.039466196221261
3878.554918032787 1.0087212610972
3888.5670491803276 1.2060166742544955
3898.579180327869 0.8652970635101297
3908.5913114754094 1.1800591850671522
3918.6034426229508 1.4181368085590713
3928.615573770492 1.1566412474391075
3938.6277049180326 1.1600415433644435
3948.639836065574 1.5107842021397677
3958.6519672131144 1.729029137263829
3968.6640983606558 1.8569314819030274
3978.6762295081962 1.8569314819030274
3988.6883606557376 1.6945993626223537
3998.700491803279 1.7863646710676073
4008.7126229508194 1.9323355338037786
4018.724754098361 1.886595151377191
4028.7368852459012 2.0064591395401776
4038.7490163934426 1.7993114045071705
4048.7611475409835 1.9191042567721375
4058.7732786885244 1.9407295697700886
4068.785409836066 1.7906328249487822
4078.7975409836063 1.6051104029137262
4088.8096721311476 1.8075631686774414
4098.821803278688 1.7328704757568858
4108.8339344262295 1.741264511723196
4118.846065573771 1.8700204871386295
4128.858196721311 1.8025836558160708
4138.870327868852 1.8700204871386295
4148.882459016393 2.1049112223992714
4158.8945901639345 2.0279421807420897
4168.906721311476 2.0223935806965625
4178.918852459016 1.9899556111996357
4188.930983606557 1.9341850671522878
4198.943114754098 1.875142271796039
4208.9552459016395 1.748804916913271
4218.967377049181 1.747666742544958
4228.979508196721 1.826769861142727
4238.991639344262 1.78593785567949
4249.003770491803 1.7658775324379694
4259.0159016393445 1.776690188936945
4269.028032786886 1.706621329387662
4279.040163934426 1.7340086501251992
4289.052295081967 1.7185010243569314
4299.064426229508 1.6503528340541769
4309.0765573770495 1.6880548600045526
4319.08868852459 1.576798315501935
4329.1008196721305 1.624174823582973
4339.112950819672 1.517613248349647
4349.125081967213 1.4947074891873435
4359.137213114755 1.3831094923742318
4369.149344262295 1.3164124743910768
4379.1614754098355 1.2991406783519233
4389.173606557377 1.267314477577965
4399.185737704918 1.2453690530389256
4409.19786885246 1.139782039608468
4419.21 1.2689648304120191
4429.2221311475405 1.2086273617118142
4439.234262295082 1.4028568176644662
4449.246393442623 1.2811575233325745
4459.258524590164 1.2972626906442066
4469.270655737705 1.3968814022308218
4479.2827868852455 1.4248520373321192
4489.294918032787 1.4661108581834736
4499.307049180328 1.4178807193262006
4509.319180327869 1.403055998178921
4519.331311475409 1.4031271340769405
4529.3434426229505 1.4258479399043933
4539.355573770492 1.3395316412474392
4549.367704918033 1.3860829729114499
4559.379836065574 1.4890166173457773
4569.391967213114 1.5824891873435007
4579.404098360656 1.5316981561575234
4589.416229508197 1.5449294331891645
4599.428360655738 1.6015536080127475
4609.440491803279 1.6645800136580922
4619.452622950819 1.6479342135215114
4629.464754098361 1.643808331436376
4639.476885245902 1.633707033917596
4649.489016393443 1.5622154564079216
4659.501147540983 1.5877532437969497
4669.513278688524 1.5459253357614384
4679.525409836066 1.5829160027316183
4689.537540983607 1.6176303209651717
4699.549672131147 1.59273275665832
4709.561803278688 1.596574095151377
4719.573934426229 1.5769405872979738
4729.586065573771 1.5565957204643752
4739.598196721312 1.5262918279080353
4749.610327868852 1.4784885044388798
4759.622459016393 1.4779194172547234
4769.634590163934 1.4665376735715911
4779.646721311476 1.3806268495333485
4789.658852459017 1.4012633735488276
4799.6709836065575 1.346929774641475
4809.683114754098 1.3735061461415887
4819.695245901639 1.4218785567949008
4829.707377049181 1.3646852947871613
4839.719508196722 1.2986711814249943
4849.731639344262 1.3461045982244477
4859.743770491803 1.2906755064875937
4869.755901639344 1.3091992943318915
4879.768032786886 1.2566156385158205
4889.780163934426 1.252873890279991
4899.792295081967 1.2927669018893695
4909.804426229508 1.3209296039153198
4919.816557377049 1.319229455952652
4929.828688524591 1.3275665832005463
4939.840819672131 1.2767470976553608
4949.852950819672 1.2361569542453905
4959.865081967213 1.1740553152743
4969.877213114754 1.1099049624402457
4979.889344262296 1.091907580241293
4989.901475409836 1.0185380150239016
4999.913606557377 1.0400210562258139
5009.925737704918 1.0720179831550194
5019.937868852459 1.0899584566355565
5029.950000000001 1.1694172547234236
5039.96213114754 1.1772848850443887
5049.974262295082 1.1713806055087639
5059.986393442623 1.1323981333940358
5069.998524590164 1.1481049396767584
5080.010655737705 1.2301246300933302
5090.022786885245 1.194385954928295
5100.034918032787 1.1784799681311178
5110.047049180328 1.135769974960164
5120.059180327869 1.1333371272478943
5130.07131147541 1.1612650808103802
5140.08344262295 1.2045441611654906
5150.095573770492 1.1156242886410197
5160.107704918033 1.1981846118825403
5170.119836065574 1.2384190758024127
5180.131967213114 1.234705781925791
5190.144098360655 1.243768495333485
5200.156229508197 1.3055144548144775
5210.168360655738 1.2866918961984977
5220.1804918032785 1.2712411791486455
5230.192622950819 1.3601468244935124
5240.20475409836 1.3664494650580468
5250.216885245902 1.3485374459367174
5260.229016393443 1.3191725472342362
5270.241147540984 1.2996813111768721
5280.253278688524 1.2625625995902572
5290.265409836065 1.3153952310493966
5300.277540983607 1.2945452993398587
5310.289672131148 1.23052299112224
5320.301803278689 1.3257170498520372
5330.313934426229 1.3316924652856819
5340.32606557377 1.3373833371272479
5350.338196721312 1.2455468927839743
5360.350327868853 1.2701883678579557
5370.362459016393 1.1947700887776007
5380.374590163934 1.136438652401548
5390.386721311475 1.0791742544957887
5400.398852459017 1.1322274072387888
5410.410983606557 1.0545114386524015
5420.423114754098 1.054077509674482
5430.435245901639 1.066526291827908
5440.44737704918 1.0997609833826543
5450.459508196722 1.1278881174595947
5460.471639344262 1.1260954928295015
5470.483770491803 1.1563709310266332
5480.495901639344 1.1722484634646027
5490.508032786885 1.1742687229683588
5500.520163934427 1.20265194627817
5510.532295081967 1.1911137036193944
5520.544426229508 1.1996500113817437
5530.556557377049 1.1969895287958114
5540.5686885245905 1.1509788299567494
5550.580819672132 1.0756885954928295
5560.592950819671 1.1417027088549967
5570.605081967213 1.108852151149556
5580.617213114754 1.066839289779194
5590.6293442622955 1.0725870703391758
5600.641475409837 1.0610772820396084
5610.653606557376 1.0994195310721602
5620.665737704918 1.094240837696335
5630.677868852459 1.1515905986797177
5640.6900000000005 1.162630890052356
5650.702131147541 1.1927640564534485
5660.714262295081 1.2056823355338038
5670.726393442623 1.2358866378329159
5680.738524590164 1.2228829956749376
5690.7506557377055 1.2410511040291372
5700.762786885245 1.2253585249260186
5710.774918032786 1.2349476439790574
5720.787049180328 1.1970891190530388
5730.799180327869 1.2129808786706122
5740.811311475411 1.223281356703847
5750.82344262295 1.2241776690188937
5760.8355737704915 1.253656385158206
5770.847704918033 1.2640137719098563
5780.859836065574 1.2088976781242886
5790.871967213116 1.2073753699066696
5800.884098360655 1.2094952196676532
5810.8962295081965 1.207531868882313
5820.908360655738 1.2226695879808787
5830.920491803279 1.1815245845663556
5840.93262295082 1.2336387434554972
5850.94475409836 1.2289010926473936
5860.9568852459015 1.179589688140223
5870.969016393443 1.2311347598452083
5880.981147540984 1.184782608695652
5890.993278688524 1.1181424994309128
5901.005409836065 1.1292254723423627
5911.0175409836065 1.1643950603232416
5921.029672131148 1.12867061233781
5931.041803278689 1.1697587070339175
5941.053934426229 1.111370361939449
5951.06606557377 1.1697587070339175
5961.0781967213115 1.1912986569542454
5971.090327868853 1.1477919417254723
5981.102459016394 1.1744394491236056
5991.114590163934 1.154236854086046
6001.126721311475 1.1875569087184155
6011.138852459017 1.1595578192579101
6021.150983606558 1.1440501934896425
6031.163114754098 1.140450717049852
6041.175245901639 1.1568831094923744
6051.18737704918 1.0764568631914408
6061.199508196722 1.1259674482130664
6071.211639344263 1.1665718188026406
6081.2237704918025 1.1421864329615297
6091.235901639344 1.1299368313225586
6101.248032786885 1.1505946961074438
6111.260163934427 1.1617488049169131
6121.272295081968 1.1465826314591396
6131.2844262295075 1.1298941497837467
6141.296557377049 1.116918961984976
6151.30868852459 1.117089688140223
6161.320819672132 1.1017812428864102
6171.332950819673 1.0423685408604597
6181.3450819672125 1.0059896426132482
6191.357213114754 1.0094183928977918
6201.369344262295 0.9486541088094697
6211.381475409837 0.9363333712724788
6221.393606557376 0.8906498975643068
6231.405737704918 0.8431737992260414
6241.417868852459 0.8176360118370134
6251.43 0.7910454131572957
6261.442131147542 0.7622780559981789
6271.454262295081 0.7732045299339859
6281.466393442623 0.723779307989984
6291.478524590164 0.7013430457546095
6301.490655737705 0.7485915092192124
6311.502786885247 0.7630676644661962
6321.514918032786 0.7755520145686319
6331.527049180328 0.7698753699066696
6341.539180327869 0.8241947416344183
6351.55131147541 0.8494195310721602
6361.563442622952 0.8688538584111085
6371.575573770491 0.9040376735715911
6381.587704918033 0.9254068973366719
6391.599836065574 0.9663100386979284
6401.611967213115 0.9616008422490324
6411.624098360655 0.9354370589574322
6421.636229508196 0.9560664693831094
6431.648360655738 0.9993455497382199
6441.660491803279 1.0050719895287958
6451.67262295082 1.0
6461.68475409836 1.0029450261780104
6471.696885245901 1.0470492829501479
6481.709016393443 1.028881174595948
6491.721147540984 1.0124345549738218
6501.733278688525 1.0390678351923515
6511.745409836065 1.0010528112906896
6521.757540983606 1.0004268153881173
6531.769672131148 1.0102577964944228
6541.781803278689 0.9953334850899158
6551.79393442623 0.978332005463237
6561.80606557377 0.9970834281811973
6571.818196721311 0.9699806510357386
6581.830327868853 0.9732955838834508
6591.842459016394 0.9685863874345549
6601.854590163934 0.9629951058502162
6611.866721311475 0.9517129524243113
6621.878852459016 0.9626678807193262
6631.890983606558 0.9159600500796722
6641.903114754099 0.930272592761211
6651.915245901639 0.9442721374914637
6661.92737704918 0.9217220578192579
6671.939508196721 0.852478374687002
6681.951639344263 0.947245618028682
6691.963770491804 0.9130434782608695
6701.975901639344 0.9027358866378329
6711.988032786885 0.9108667197814705
6722.000163934426 0.9379837241065331
6732.012295081968 0.8942778283633053
6742.024426229508 1.5796437514227177
6752.036557377049 0.8465456407921693
6762.04868852459 1.282210334623264
6772.060819672131 0.8662218301843841
6782.072950819673 0.8665632824948782
6792.085081967212 0.8578847029364898
6802.097213114754 0.8797518779877077
6812.109344262295 0.8523076485317551
6822.121475409836 0.8379310835419985
6832.133606557378 0.8747296835875256
6842.145737704917 0.8588948326883677
6852.157868852459 0.8319485545185522
6862.17 0.857699749601639
6872.182131147541 0.9587980878670612
6882.194262295083 0.8485659002959254
6892.206393442622 0.8421067607557476
6902.218524590164 0.9609037104484406
6912.230655737705 0.9700091053949464
6922.2427868852465 0.8129552697473252
6932.254918032787 0.7751251991805144
6942.267049180327 0.8073782153425905
6952.279180327869 0.753528340541771
6962.29131147541 0.802583655816071
6972.3034426229515 0.7775722740723878
6982.315573770491 0.8043335989073526
6992.327704918032 0.7738589801957659
7002.339836065574 0.7960676075574777
7012.351967213115 0.7905332346915547
7022.3640983606565 0.7762918279080355
7032.376229508196 0.790832005463237
7042.388360655737 0.7609407011154108
7052.400491803279 0.7752816981561574
7062.41262295082 0.764611313453221
7072.4247540983615 0.7616947416344183
7082.436885245901 0.7668236398816298
7092.449016393442 0.787289437741862
7102.461147540984 0.7574265877532438
7112.473278688525 0.7601582062371955
7122.485409836066 0.770145686319144
7132.497540983606 0.7769035966310038
7142.509672131147 0.7829074664238561
7152.521803278689 0.7561319144092875
7162.53393442623 0.7567721374914637
7172.54606557377 0.7343358752560892
7182.558196721311 0.749487821534259
7192.5703278688525 0.7489329615297063
7202.582459016394 0.7661620760300478
7212.594590163935 0.7211543933530615
7222.606721311475 0.729840086501252
7232.618852459016 0.7831777828363305
7242.6309836065575 0.7836757341224675
7252.643114754099 0.7052412929660823
7262.65524590164 0.7182733894832689
7272.66737704918 0.7402970635101297
7282.679508196721 0.7727350330070566
7292.6916393442625 0.7115581607102208
7302.703770491804 0.7182733894832689
7312.715901639344 0.7107614386524015
7322.728032786885 0.7121414750739813
7332.740163934426 0.7443091281584339
7342.7522950819675 0.7309142385613475
7352.764426229509 0.7352748691099475
7362.776557377048 0.7425307307079444
7372.78868852459 0.7448782153425905
7382.800819672131 0.7171921238333713
7392.812950819673 0.7154137263828818
7402.825081967214 0.7533291600273161
7412.8372131147535 0.6968757113589802
7422.849344262295 0.7082859094013202
7432.861475409836 0.7408092419758706
7442.873606557378 0.7322871613931254
7452.885737704919 0.7211899613020714
7462.8978688524585 0.7216665718188026
7472.91 0.7505121784657409
7482.922131147541 0.7292567721374914
7492.934262295083 0.7170640792169359
7502.946393442622 0.7334680173002504
7512.9585245901635 0.7006885954928295
7522.970655737705 0.6088094696107443
7532.982786885246 0.6530844525381287
7542.994918032788 0.7051986114272706
7553.007049180327 0.7020544047348053
7563.0191803278685 0.7006459139540177
7573.03131147541 0.7119707489187342
7583.043442622951 0.6938310949237423
7593.055573770493 0.6524228886865467
7603.067704918032 1.2757796494422946
7613.0798360655735 1.1799026860915092
7623.091967213115 0.6975870703391759
7633.104098360656 0.8547262690644206
7643.116229508197 0.7019832688367857
7653.128360655737 0.6657181880264056
7663.140491803279 0.6302356020942408
7673.15262295082 0.6690473480537218
7683.164754098361 0.6736569542453904
7693.176885245902 0.6501109720009105
7703.189016393442 0.6741406783519235
7713.201147540984 0.7269235146824493
7723.213278688525 0.7230679490097882
7733.225409836066 0.693888003642158
7743.237540983607 0.6826200773958571
7753.249672131147 0.7401405645344866
7763.261803278689 0.7091110858183474
7773.27393442623 0.6896625312997952
7783.28606557377 0.7131516048258593
7793.298196721311 0.6871300933302982
7803.310327868852 0.6834310266332801
7813.322459016394 0.6833314363760528
7823.334590163935 0.7137491463692237
7833.346721311475 0.6735858183473707
7843.358852459016 0.6858781015251536
7853.370983606557 0.7228616549055314
7863.383114754099 0.6924226041429546
7873.39524590164 0.6728602321875711
7883.4073770491805 0.675563396312315
7893.419508196721 0.6949265877532438
7903.431639344262 0.6583342818119735
7913.443770491804 0.6918819713180059
7923.455901639345 0.6787076030047803
7933.4680327868855 0.6620902572274071
7943.480163934426 0.6855651035738675
7953.492295081967 0.6948269974960163
7963.504426229509 0.6933331436376053
7973.516557377049 0.6785084224903255
7983.52868852459 0.7246898474846346
7993.540819672131 0.7006032324152061
8003.552950819672 0.6738134532210335
8013.565081967214 0.6853801502390166
8023.577213114754 0.7049567493740041
8033.589344262295 0.6956521739130433
8043.601475409836 0.6662872752105623
8053.613606557377 0.6974874800819485
8063.625737704919 0.6987679262463009
8073.637868852459 0.6949834964716595
8083.65 0.6811689050762576
8093.662131147541 0.6885528112906897
8103.674262295082 0.6685209424083769
8113.686393442624 0.6479626678807193
8123.698524590164 0.6707972911450034
8133.710655737705 0.6718216480764853
8143.722786885246 0.6119252219440018
8153.734918032787 0.6429973821989529
8163.747049180328 0.6020657864784884
8173.759180327868 0.6489585704529933
8183.77131147541 0.6211017527885271
8193.783442622951 0.6288413384930571
8203.795573770492 0.6077282039608468
8213.807704918032 0.6571676530844526
8223.819836065573 0.6325119508308673
8233.831967213115 0.652565160482586
8243.844098360656 0.5732842021397677
8253.856229508197 0.6343045754609606
8263.868360655739 0.6017954700660141
8273.880491803278 0.6468671750512178
8283.89262295082 0.6166059640336898
8293.904754098361 0.7001052811290689
8303.916885245902 0.6570111541088095
8313.929016393442 0.6701428408832233
8323.941147540983 0.6365382426587752
8333.953278688525 0.6318005918506715
8343.965409836066 0.6149698383792397
8353.977540983607 0.6008849305713635
8363.989672131147 0.6068247780559981
8374.001803278688 0.5726439790575917
8384.01393442623 0.6001593444115638
8394.026065573771 0.5713493057136353
8404.03819672131 0.5786905303892556
8414.050327868852 0.5753186888231276
8424.062459016393 0.5597683815160482
8434.074590163935 0.6028198269974959
8444.086721311476 0.5569940814932848
8454.098852459018 0.575759731390849
8464.110983606557 0.5900865012519917
8474.123114754098 0.5564961302071477
8484.13524590164 0.5548600045526975
8494.14737704918 0.5945040405190075
8504.15950819672 0.6078277942180742
8514.171639344262 0.5691014113362166
8524.183770491803 0.5677498292738448
8534.195901639345 0.5339033689961301
8544.208032786886 0.5814221488732074
8554.220163934426 0.5321249715456408
8564.232295081967 0.5698696790348281
8574.244426229508 0.5707090826314591
8584.25655737705 0.5563680855907125
8594.26868852459 0.5830867288868654
8604.28081967213 0.5468358752560892
8614.292950819672 0.5822259845208285
8624.305081967213 0.6237764625540633
8634.317213114755 0.6063908490780787
8644.329344262296 0.6172035055770543
8654.341475409836 0.6217562030503072
8664.353606557377 0.626337354882768
8674.365737704919 0.6144434327338949
8684.377868852458 0.6098338265422263
8694.39 0.5938851582062371
8704.40213114754 0.6307904620987935
8714.414262295082 0.6065758024129295
8724.426393442624 0.6203903938083314
8734.438524590165 0.6000739813339404
8744.450655737704 0.6006075005690872
8754.462786885246 0.6074152060095607
8764.474918032787 0.6936319144092875
8774.487049180329 0.6246016389710903
8784.499180327868 0.582830639653995
8794.51131147541 0.6184697245618028
8804.52344262295 0.6008707033917595
8814.535573770492 0.5912531299795128
8824.547704918034 0.5969155474618711
8834.559836065575 0.6372353744593672
8844.571967213114 0.5937571135898019
8854.584098360656 0.5939562941042568
8864.596229508197 0.6223679717732756
8874.608360655737 0.6070879808786704
8884.620491803278 0.6136751650352833
8894.63262295082 0.5292795356248577
8904.64475409836 0.5906271340769406
8914.656885245902 0.5906840427953561
8924.669016393444 0.6153681994081494
8934.681147540983 0.597939904393353
8944.693278688525 0.5881373776462553
8954.705409836066 0.5716765308445254
8964.717540983607 0.569385954928295
8974.729672131147 0.5205298201684498
8984.741803278688 0.5619735943546551
8994.75393442623 0.5688453221033462
