3507.3261475409836 0.28694933092768005
3517.3384426229513 -0.011495263870094722
3527.350737704918 0.2715230792362051
3537.363032786885 0.11751616298301007
3547.3753278688528 0.9356487746203579
3557.3876229508196 0.453766350924673
3567.3999180327874 0.3737633438580665
3577.412213114754 -0.11248684408359645
3587.4245081967215 0.26103593444594797
3597.436803278689 1.0142083897158323
3607.4490983606556 0.4762817621410314
3617.4613934426234 0.49844384303112316
3627.47368852459 0.4743647571793715
3637.4859836065575 0.3713652082393625
3647.498278688525 0.517681551646369
3657.5105737704916 0.7134491053976846
3667.5228688524594 0.694000902119982
3677.5351639344262 0.5139978950533755
3687.547459016394 0.3897083145391671
3697.559754098361 0.2706435122537964
3707.5720491803277 0.7466320854006916
3717.5843442622954 0.632243271688468
3727.5966393442623 0.601293038640806
3737.60893442623 0.6363028116072771
3747.621229508197 0.6234175311983161
3757.633524590164 0.6368816719290332
3767.6458196721314 0.6634491053976846
3777.6581147540983 0.5083859569989475
3787.670409836066 0.7330626973387462
3797.682704918033 0.8327319200120283
3807.695 0.5550969778980605
3817.7072950819675 0.7998045406705758
3827.7195901639343 0.7573297248534056
3837.731885245902 0.6947000451059991
3847.744180327869 0.48005563073222074
3857.756475409836 0.6829424146744851
3867.7687704918035 0.4628251390768306
3877.7810655737703 0.7793564877462037
3887.793360655738 0.6906856111862878
3897.805655737705 0.5807698090512705
3907.8179508196727 0.4821079536911743
3917.8302459016395 0.43890392422192154
3927.842540983607 0.6681326116373477
3937.854836065574 0.4207186889189596
3947.867131147541 0.3350248082995039
3957.8794262295087 0.5052473312283867
3967.8917213114755 0.4766952337994287
3977.904016393443 0.5279206134415878
3987.91631147541 0.6211697489099384
3997.928606557377 0.625575101488498
4007.9409016393447 0.5333558863328822
4017.9531967213115 0.6071417831904977
4027.965491803279 0.469936851601263
4037.977786885246 0.4905127048564126
4047.990081967213 0.43580664561720045
4058.0023770491807 0.4823560366862126
4068.0146721311476 0.6340475116523832
4078.026967213115 0.8351375732972486
4088.039262295082 0.7702601112614645
4098.05155737705 0.8114569237708615
4108.063852459016 0.8070215005262367
4118.076147540984 0.9070816418583673
4128.088442622951 0.988122086904225
4138.100737704918 0.9127198917456022
4148.113032786885 0.7598857314689521
4158.125327868853 0.7991279506841077
4168.1376229508205 0.9884227935648775
4178.149918032786 0.8080739738385206
4188.162213114754 0.709021199819576
4198.174508196722 0.8155164636896708
4208.186803278689 0.8419034731619306
4218.199098360656 0.8924973688167193
4228.211393442623 0.9539918809201624
4238.223688524591 1.0483385956998947
4248.235983606557 0.9460231544128702
4258.248278688525 0.9421891444895504
4268.260573770493 0.9038490452563525
4278.2728688524585 0.9917305668320554
4288.285163934426 0.9836866636596001
4298.297459016394 0.9857916102841678
4308.309754098361 0.9427153811456923
4318.322049180328 0.9296346414073072
4328.334344262295 1.0
4338.346639344263 0.9320402946925275
4348.358934426229 1.067132761990678
4358.371229508197 1.0160126296797474
4368.383524590165 1.0217260562321455
4378.395819672131 0.95993083746805
4388.408114754098 0.9225680348819727
4398.420409836066 0.9564727108705459
4408.432704918033 0.9163283716734326
4418.445 1.044429409111412
4428.4572950819675 0.941888437828898
4438.469590163935 1.0322507893549842
4448.481885245901 1.024733122838671
4458.494180327869 0.8909938355134567
4468.506475409837 0.9551195308976094
4478.5187704918035 1.070966771913998
4488.53106557377 0.9100887084648925
4498.543360655738 0.9700045105999099
4508.555655737706 0.913697188392723
4518.567950819672 0.983010073673132
4528.5802459016395 0.7743196511802737
4538.592540983607 0.7792813110810405
4548.604836065573 0.7948428807698091
4558.617131147541 0.9380544279055781
4568.629426229509 0.9377537212449256
4578.641721311476 0.847767253044655
4588.654016393442 0.9143737783791911
4598.66631147541 0.9359494812810103
4608.678606557378 0.9747406405051872
4618.690901639344 0.8712975492407157
4628.7031967213115 0.9058036385505939
4638.715491803279 0.9161028416779432
4648.727786885246 0.8999398586678695
4658.740081967213 0.9567734175311984
4668.752377049181 0.9459479777477071
4678.7646721311485 0.9705307472560517
4688.776967213114 1.1137422943918207
4698.789262295082 0.9867689069312885
4708.80155737705 1.0796872650729215
4718.813852459016 1.1438129604570741
4728.826147540984 1.1102841677943167
4738.838442622951 1.1371974139227183
4748.850737704918 1.1580213501729064
4758.863032786885 1.1913997895053376
4768.875327868853 1.1503533303262667
4778.8876229508205 1.1050969778980604
4788.899918032786 1.1886934295594647
4798.912213114754 1.1005112013231093
4808.924508196722 1.2328973086753872
4818.936803278689 1.2268079987971734
4828.949098360656 1.2952187640956248
4838.961393442623 1.193279206134416
4848.973688524591 1.1937302661253948
4858.985983606557 1.20801383250639
4868.998278688525 1.1738836265223276
4879.010573770493 1.253721244925575
4889.0228688524585 1.256502781536611
4899.035163934426 1.1665914900015035
4909.047459016394 1.1715531499022704
4919.059754098361 1.1181025409712826
4929.072049180328 1.0768305517967223
4939.084344262295 1.1114869944369268
4949.096639344263 1.0482634190347317
4959.108934426229 1.0387911592241768
4969.121229508197 1.0064651932040294
4979.133524590165 1.135919410614945
4989.1458196721305 1.0888588182228236
4999.158114754098 1.0697639452713879
5009.170409836066 1.1247180875056382
5019.182704918034 1.0505187189896257
5029.195 1.0358592692828146
5039.2072950819675 1.121184784242971
5049.219590163935 1.0861524582769508
5059.231885245901 1.1390768305517966
5069.244180327869 1.0672079386558413
5079.256475409837 1.0899112915351075
5089.2687704918035 1.1067508645316493
5099.28106557377 1.0308224327168847
5109.293360655738 1.0811907983761841
5119.305655737706 1.0098481431363704
5129.317950819672 0.9707562772515411
5139.3302459016395 0.9642159073823486
5149.342540983607 1.0105623214554202
5159.354836065573 1.0401443391971132
5169.367131147541 1.114343707713126
5179.379426229509 1.1196812509397083
5189.391721311476 1.0702901819275297
5199.404016393442 1.0726206585475868
5209.41631147541 1.0873552849195611
5219.428606557378 1.194482032777026
5229.440901639344 1.1193805442790559
5239.4531967213115 1.0742745451811757
5249.465491803279 1.0588633288227336
5259.477786885246 1.0527740189445196
5269.490081967213 1.0342053826492257
5279.502377049181 1.0947977747707112
5289.5146721311485 0.9555330025560066
5299.526967213114 1.0039091865884828
5309.539262295082 1.018042399639152
5319.55155737705 0.9701548639302361
5329.563852459016 1.0443542324462487
5339.576147540984 1.048413772365058
5349.588442622951 1.0430010524733124
5359.600737704919 1.0436024657946175
5369.613032786885 1.048488949030221
5379.625327868853 1.0550293188994138
5389.6376229508205 1.0353330326266728
5399.649918032786 1.0720944218914448
5409.662213114754 0.8972334987219968
5419.674508196722 1.0424748158171704
5429.686803278689 1.0407081641858367
5439.699098360656 1.0931438881371223
5449.711393442623 0.9476018643812961
5459.723688524591 0.9640655540520223
5469.735983606557 0.9865433769357991
5479.748278688525 1.0540520222522929
5489.760573770493 1.0526236656141934
5499.7728688524585 1.1141933543827995
5509.785163934426 1.1718538565629228
5519.797459016394 1.0972034280559315
5529.809754098361 1.1693730266125395
5539.822049180328 1.131258457374831
5549.834344262295 1.0576605021801233
5559.846639344263 1.005224778228838
5569.858934426229 1.0972786047210945
5579.871229508197 1.1255450308224326
5589.883524590165 1.044053525785596
5599.8958196721305 1.184333182980003
5609.908114754098 1.1829048263419035
5619.920409836066 1.0729965418734024
5629.932704918034 1.1197564276048715
5639.945 1.0937453014584273
5649.9572950819675 1.1894451962110961
5659.969590163935 1.160051120132311
5669.981885245901 1.1514058036385506
5679.994180327869 1.1934295594647422
5690.006475409837 1.0762291384754172
5700.0187704918035 1.1491880920162383
5710.03106557377 1.067583821981657
5720.043360655738 1.1545632235754022
5730.055655737706 1.1576454668470906
5740.067950819672 1.1977898060442038
5750.0802459016395 1.1193053676138927
5760.092540983607 1.124567734175312
5770.104836065573 1.1019395579612088
5780.117131147541 1.0537513155916403
5790.129426229509 1.1207337242519921
5800.141721311476 1.1187039542925876
5810.154016393442 1.0935197714629379
5820.16631147541 1.122312434220418
5830.178606557378 1.1653134866937302
5840.190901639344 1.1652383100285673
5850.2031967213115 1.215305969027214
5860.215491803279 1.224402345511953
5870.227786885246 1.1774169297849948
5880.240081967213 1.1501278003307773
5890.252377049181 1.1547887535708916
5900.2646721311485 1.140805893850549
5910.276967213114 1.1591490001503535
5920.289262295082 1.1912494361750112
5930.30155737705 1.179747406405052
5940.313852459016 1.1709517365809654
5950.326147540984 1.1731318598706961
5960.338442622951 1.191099082844685
5970.350737704919 1.1371974139227186
5980.363032786885 1.1367087655991581
5990.375327868853 1.183130356337393
6000.3876229508205 1.1514058036385506
6010.399918032786 1.1648624267027514
6020.412213114754 1.121184784242971
6030.424508196722 1.163960306720794
6040.436803278689 1.1794466997443993
6050.449098360656 1.1495263870094723
6060.461393442623 1.1626823034130205
6070.473688524591 1.131258457374831
6080.485983606557 1.141482483837017
6090.498278688525 1.1481732070365358
6100.510573770493 1.091264471508044
6110.5228688524585 1.1499398586678695
6120.535163934426 1.169673733273192
6130.547459016394 1.1795970530747257
6140.559754098362 1.1944068561118628
6150.572049180328 1.175763043151406
6160.584344262295 1.197263569388062
6170.596639344263 1.2107201924522628
6180.608934426229 1.140881070515712
6190.621229508197 1.1577206435122538
6200.633524590165 1.1641106600511202
6210.6458196721305 1.0560066155465344
6220.658114754098 1.024883476168997
6230.670409836066 1.137498120583371
6240.682704918034 1.127950684107653
6250.695 1.1698616749361
6260.7072950819675 1.1095324011426855
6270.719590163935 1.1483235603668622
6280.731885245901 1.1334385806645617
6290.744180327869 1.1259960908134115
6300.756475409837 1.1466696737332733
6310.768770491804 1.128552097428958
6320.78106557377 1.152157570290182
6330.793360655738 1.113817471056984
6340.805655737706 1.0887836415576606
6350.817950819672 1.1117877010975794
6360.8302459016395 1.1417831904976696
6370.842540983607 1.1238911441888437
6380.854836065573 1.108780634491054
6390.867131147541 1.0919034731619306
6400.879426229509 1.0829950383400992
6410.891721311476 1.0739738385205233
6420.904016393442 1.0122537964215907
6430.91631147541 1.019771462937904
6440.928606557378 1.0340550293188995
6450.940901639344 1.0357840926176516
6460.9531967213115 1.0148849797023005
6470.965491803279 0.9872199669222673
6480.977786885246 1.0199218162682304
6490.990081967213 1.0297699594046008
6501.002377049181 0.9455720944218914
6511.0146721311485 0.9689520372876259
6521.026967213114 1.0025560066155466
6531.039262295082 1.0103743797925124
6541.05155737705 1.023079236205082
6551.063852459016 1.0122537964215907
6561.076147540984 0.9651932040294693
6571.088442622951 0.9883476168997144
6581.100737704919 0.9987971733573898
6591.113032786885 0.9775973537813862
6601.125327868853 0.9889490302210194
6611.1376229508205 1.0447301157720643
6621.149918032786 1.0787851450909638
6631.162213114754 1.0654788753570892
6641.174508196722 1.065929935348068
6651.186803278689 1.0610434521124643
6661.199098360656 1.0437528191249437
6671.211393442623 1.082318448353631
6681.223688524591 1.0864531649376035
6691.235983606557 1.0490903623515262
6701.248278688525 1.0736731318598707
6711.260573770493 1.0334536159975944
6721.2728688524585 1.0966771913997895
6731.285163934426 1.0870545782589085
6741.297459016394 1.0832957450007519
6751.309754098362 1.0633739287325215
6761.322049180328 1.0813411517065104
6771.334344262295 1.0712674785746505
6781.346639344263 1.061344158773117
6791.358934426229 1.0661554653435574
6801.371229508197 1.0745376635092467
6811.383524590165 1.0841978649827095
6821.395819672131 1.0972034280559315
6831.408114754098 1.0949481281010374
6841.420409836066 1.05517967222974
6851.432704918034 0.9873703202525936
6861.445 1.054127198917456
6871.4572950819675 1.0751766651631334
6881.469590163935 1.0905127048564127
6891.481885245901 1.084573748308525
6901.494180327869 1.0660802886783942
6911.506475409837 1.0486393023605474
6921.518770491804 1.2898812208690424
6931.53106557377 1.027665012780033
6941.543360655738 1.1818147646970383
6951.555655737706 1.1322357540219516
6961.567950819672 1.008419786498271
6971.5802459016395 1.041121635844234
6981.592540983607 1.0586377988272442
6991.604836065573 1.0293940760787852
7001.617131147541 1.042775522477823
7011.629426229509 1.034355735979552
7021.641721311476 1.0282664261013383
7031.654016393442 1.0252593594948127
7041.66631147541 1.0272139527890543
7051.678606557378 1.025860772816118
7061.690901639344 1.0274394827845437
7071.7031967213115 1.0257480078183732
7081.715491803279 1.024883476168997
7091.727786885246 1.0354082092918357
7101.740081967213 1.0481882423695685
7111.752377049181 0.9972184633889641
7121.7646721311485 0.9912043301759135
7131.776967213114 1.011802736430612
7141.789262295082 0.9761689971432868
7151.80155737705 1.013531799729364
7161.813852459016 0.9786498270936702
7171.826147540984 0.9653435573597955
7181.838442622951 0.9902270335287927
7191.850737704919 1.0200721695985566
7201.863032786885 0.9702300405953993
7211.875327868853 1.009209141482484
7221.8876229508205 0.9885731468952038
7231.899918032786 0.9757179371523079
7241.912213114754 0.9677492106450157
7251.924508196722 1.0104495564576756
7261.936803278689 0.9768455871297549
7271.949098360656 0.9845136069763946
7281.961393442623 1.0115772064351225
7291.973688524591 1.0906630581867387
7301.985983606557 0.9760938204781237
7311.998278688525 0.9777477071117125
7322.010573770493 0.9977447000451061
7332.0228688524585 0.9871447902571042
7342.035163934426 1.0295444294091114
7352.047459016394 1.0011652383100285
7362.059754098362 0.9989475266877161
7372.072049180328 1.011727559765449
7382.084344262295 0.9987219966922267
7392.096639344263 0.9924071568185237
7402.108934426229 0.9916553901668923
7412.121229508197 0.9873703202525936
7422.133524590165 0.9967674033979853
7432.145819672131 1.0256352428206286
7442.158114754098 0.9820327770260112
7452.170409836066 0.9460983310780334
7462.182704918034 0.9860171402796571
7472.195 0.9432416178018344
7482.2072950819675 0.9327168846789957
7492.219590163935 0.9429033228086002
7502.231885245901 0.9331679446699744
7512.244180327869 0.9313637047060592
7522.256475409837 0.9717335738986619
7532.268770491804 0.9485039843632538
7542.28106557377 0.9173056683205533
7552.293360655738 0.9237708615245828
7562.305655737706 0.9209893249135468
7572.317950819672 0.9392572545481882
7582.3302459016395 0.8933994887986769
7592.342540983607 0.8767102691324614
7602.354836065574 0.876484739136972
7612.367131147541 0.9913546835062397
7622.379426229509 0.9097504134716584
7632.3917213114755 0.9920312734927079
7642.404016393442 1.1333634039993987
7652.41631147541 1.021951586227635
7662.428606557378 0.9252743948278455
7672.440901639345 0.9421139678243874
7682.4531967213115 0.9129454217410916
7692.465491803279 0.9238460381897459
7702.477786885246 0.9429409111411817
7712.490081967213 0.9846639603067209
7722.502377049181 1.0102240264621862
7732.514672131148 0.966095324011427
7742.526967213114 1.012855209742896
7752.539262295082 0.9892497368816721
7762.55155737705 0.9708690422492858
7772.563852459017 0.9708314539167042
7782.576147540984 1.0054878965569087
7792.588442622951 0.9828597203428057
7802.600737704918 0.9901518568636295
7812.613032786885 0.9972936400541272
7822.625327868853 0.9736129905277403
7832.6376229508205 0.9897007968726507
7842.649918032787 1.01751616298301
7852.662213114754 0.9968425800631484
7862.674508196722 0.998872350022553
7872.686803278689 0.9778228837768757
7882.699098360656 0.9778228837768757
7892.711393442623 0.9790257104194858
7902.72368852459 0.9853781386257706
7912.735983606557 0.9993234100135318
7922.748278688525 1.0081942565027815
7932.760573770493 0.9929333934746655
7942.772868852459 1.0037588332581566
7952.785163934426 1.0159374530145842
7962.797459016394 0.9996992933393475
7972.809754098361 1.02255299954894
7982.822049180328 1.019771462937904
7992.834344262295 1.0588633288227336
8002.846639344263 0.9895504435423245
8012.85893442623 0.9826341903473162
8022.871229508197 0.9748158171703504
8032.883524590165 0.9531273492707864
8042.895819672131 0.9716583972334988
8052.908114754098 0.9586528341602767
8062.920409836066 0.9857916102841678
8072.932704918033 0.9385806645617201
8082.945 0.8969327920613441
8092.9572950819675 0.9312885280408961
8102.969590163935 0.8943016087806346
8112.981885245902 0.9361750112764997
8122.994180327869 0.9786498270936702
8133.006475409837 0.9991730566832056
8143.0187704918035 0.9987219966922267
8153.03106557377 1.0351826792963463
8163.043360655738 1.068185235302962
8173.055655737706 0.9853781386257706
8183.067950819673 1.0302961960607429
8193.08024590164 1.0605923921214855
8203.092540983607 1.0460081190798376
8213.104836065573 1.0085701398285973
8223.117131147541 1.0487896556908736
8233.129426229509 1.147722147045557
8243.141721311476 1.0685611186287778
8253.154016393442 1.0134566230642008
8263.16631147541 1.0307472560517217
8273.178606557378 1.0471357690572847
8283.190901639344 1.053074725605172
8293.203196721312 1.0471357690572847
8303.21549180328 1.0436776424597805
8313.227786885247 1.0551044955645767
8323.240081967213 1.025334536159976
8333.25237704918 1.0337543226582468
8343.264672131148 0.9846639603067209
8353.276967213114 0.8707713125845737
8363.289262295082 0.916553901668922
8373.30155737705 0.9000902119981958
8383.313852459018 0.9127198917456022
8393.326147540984 0.9325665313486694
8403.338442622951 0.9491053976845587
8413.350737704917 0.948052924372275
8423.363032786885 0.9282062847692076
8433.375327868853 0.9656442640204481
8443.38762295082 0.9139227183882124
8453.399918032788 0.9323034130205985
8463.412213114754 0.9312885280408961
8473.424508196722 0.9501578709968426
8483.436803278688 0.9424146744850398
8493.449098360656 0.9395579612088407
8503.461393442623 0.9183581416328371
8513.473688524591 0.914900015035333
8523.485983606557 0.9029469252743948
8533.498278688525 0.9212900315741994
8543.510573770493 0.9073823485190198
8553.522868852458 0.947000451059991
8563.535163934426 0.9327920613441587
8573.547459016394 0.9512103443091265
8583.559754098362 0.9184709066305818
8593.572049180328 0.9373026612539468
8603.584344262295 0.9410614945121035
8613.596639344263 0.9321154713576906
8623.60893442623 0.9733874605322509
8633.621229508197 0.9501578709968426
8643.633524590165 0.9406856111862878
8653.645819672132 0.89851150202977
8663.658114754098 0.9158021350172907
8673.670409836066 0.9286573447601865
8683.682704918032 0.9624116674184333
8693.695 0.9497068110058637
8703.707295081967 0.948128101037438
8713.719590163935 0.9200120282664261
8723.731885245903 0.9433543827995791
8733.744180327869 0.9414373778379191
8743.756475409837 0.912043301759134
8753.768770491803 0.8853555856262216
8763.78106557377 0.8717486092316945
8773.793360655738 0.9265523981356186
8783.805655737706 0.880544279055781
8793.817950819674 0.8808449857164337
8803.83024590164 0.8786648624267028
8813.842540983607 0.890091715531499
8823.854836065573 0.9202375582619156
8833.867131147541 0.9224176815516464
8843.879426229509 0.9021951586227634
8853.891721311476 0.9141482483837018
8863.904016393442 0.8716734325665313
8873.91631147541 0.9574500075176666
8883.928606557378 0.9114418884378289
8893.940901639344 0.8909938355134567
8903.953196721312 0.8558111562171102
8913.96549180328 0.8818974590287175
8923.977786885247 0.8904675988573147
8933.990081967213 0.8958803187490603
8944.00237704918 0.8984363253646069
8954.014672131148 0.8764095624718088
8964.026967213114 0.7704104645917906
8974.039262295082 0.8692677792813112
8984.05155737705 0.8605472861223876
8994.063852459018 0.8705457825890843
