3508.10606557377 0.1998397902709001
3518.1181967213115 0.008981697252160404
3528.130327868852 0.24152344887853192
3538.1424590163933 0.04539275657830858
3548.1545901639347 0.27951742887659
3558.166721311475 0.26187008447422083
3568.1788524590165 0.3981939994174192
3578.190983606557 0.21121953587726963
3588.2031147540984 0.30133993591610836
3598.2152459016393 0.406617147295854
3608.22737704918 0.42761433148849404
3618.2395081967215 0.3564423730459268
3628.251639344262 0.47588358093018746
3638.2637704918034 0.502694436353044
3648.275901639344 0.606636566656957
3658.288032786885 0.6437032721623459
3668.3001639344266 0.8376541411787554
3678.312295081967 0.8367317215263618
3688.3244262295084 1.0
3698.336557377049 1.1207884260607825
3708.34868852459 1.2449752403145937
3718.3608196721307 1.385741334110108
3728.372950819672 1.4626177298766871
3738.3850819672134 1.709947567725022
3748.397213114754 1.804932517720167
3758.4093442622952 1.9879235848140595
3768.4214754098357 2.1287989125157782
3778.433606557377 2.2700262161374893
3788.4457377049175 2.4587338576560835
3798.457868852459 2.6220992329352364
3808.4700000000003 2.8087678415380135
3818.4821311475407 2.993009030002913
3828.494262295082 3.2359937858044474
3838.5063934426225 3.245703466355957
3848.518524590164 3.274104281969123
3858.5306557377053 3.316098650354404
3868.5427868852457 3.3330905913195457
3878.554918032787 3.4243615885037384
3888.5670491803276 3.5452471113700366
3898.579180327869 3.6649189241673947
3908.5913114754094 3.680454413049811
3918.6034426229508 3.71929313525585
3928.615573770492 3.6022914846101566
3938.6277049180326 3.5153898436741433
3948.639836065574 3.5551995339353337
3958.6519672131144 3.539664045052918
3968.6640983606558 3.466598698902806
3978.6762295081962 3.699145548111467
3988.6883606557376 3.6933197397805615
3998.700491803279 3.91324400427226
4008.7126229508194 4.038256141372949
4018.724754098361 4.169336828818332
4028.7368852459012 4.276871540926304
4038.7490163934426 4.3865909311583655
4048.7611475409835 4.156228760073794
4058.7732786885244 4.2856102534226626
4068.785409836066 4.306486066608409
4078.7975409836063 4.137537625012137
4088.8096721311476 4.132440042722595
4098.821803278688 4.050393242062337
4108.8339344262295 3.942373045926789
4118.846065573771 3.906932711913778
4128.858196721311 3.8656665695698615
4138.870327868852 3.7940576755024766
4148.882459016393 3.5889406738518304
4158.8945901639345 3.3515389843674144
4168.906721311476 3.2185163608117295
4178.918852459016 3.037916302553646
4188.930983606557 2.7917759005728713
4198.943114754098 2.632294397514322
4208.9552459016395 2.467472570152442
4218.967377049181 2.2850519467909507
4228.979508196721 2.1246722982813866
4238.991639344262 2.0202932323526555
4249.003770491803 1.8838722206039422
4259.0159016393445 1.8302747839596079
4269.028032786886 1.765948150305855
4279.040163934426 1.835736479269832
4289.052295081967 1.8165598601806
4299.064426229508 1.883580930187397
4309.0765573770495 1.9842217691037967
4319.08868852459 2.1101077774541217
4329.1008196721305 2.1659141664239248
4339.112950819672 2.2690309738809593
4349.125081967213 2.3489416448198854
4359.137213114755 2.440528206622002
4369.149344262295 2.5
4379.1614754098355 2.5917564812117684
4389.173606557377 2.692737158947471
4399.185737704918 2.785343237207496
4409.19786885246 2.945188853286727
4419.21 3.0284493640159242
4429.2221311475405 3.0784542188561996
4439.234262295082 3.082338091076804
4449.246393442623 3.012185649092145
4459.258524590164 2.9172735217011363
4469.270655737705 2.886930769977668
4479.2827868852455 2.8369259151373925
4489.294918032787 2.799543645014079
4499.307049180328 2.7327895912224487
4509.319180327869 2.6956500631129234
4519.331311475409 2.584474220798136
4529.3434426229505 2.54417904650937
4539.355573770492 2.502670162151665
4549.367704918033 2.4286338479464025
4559.379836065574 2.365763666375376
4569.391967213114 2.3068259054277114
4579.404098360656 2.2789833964462574
4589.416229508197 2.2245363627536654
4599.428360655738 2.138023109039713
4609.440491803279 2.0740605884066414
4619.452622950819 2.0082289542674046
4629.464754098361 1.9554082920671914
4639.476885245902 1.89520827264783
4649.489016393443 1.8503859598019226
4659.501147540983 1.7860471890474805
4669.513278688524 1.7914846101563262
4679.525409836066 1.7943246917176425
4689.537540983607 1.7851975919992236
4699.549672131147 1.7425235459753374
4709.561803278688 1.7651471016603555
4719.573934426229 1.7538353238178466
4729.586065573771 1.817118166812312
4739.598196721312 1.7910234003301293
4749.610327868852 1.7674774249927179
4759.622459016393 1.7403145936498692
4769.634590163934 1.6390183512962424
4779.646721311476 1.5571900184483933
4789.658852459017 1.4561122439071754
4799.6709836065575 1.4215700553451793
4809.683114754098 1.3814690746674436
4819.695245901639 1.3577531799203806
4829.707377049181 1.3756918147392951
4839.719508196722 1.362680842800272
4849.731639344262 1.3759831051558404
4859.743770491803 1.41263714923779
4869.755901639344 1.4669628119234879
4879.768032786886 1.5015535488882417
4889.780163934426 1.518545489853384
4899.792295081967 1.5495921934168368
4909.804426229508 1.5507088066802603
4919.816557377049 1.6123652781823479
4929.828688524591 1.6451354500436937
4939.840819672131 1.6745557821147685
4949.852950819672 1.7425963685794736
4959.865081967213 1.8317069618409556
4969.877213114754 1.866419069812603
4979.889344262296 1.8924652878920285
4989.901475409836 1.929337799786387
4999.913606557377 1.962302165258763
5009.925737704918 2.0481357413341104
5019.937868852459 2.1526847266724927
5029.950000000001 2.153170210700068
5039.96213114754 2.185867559957278
5049.974262295082 2.2730362171084573
5059.986393442623 2.2984513059520344
5069.998524590164 2.3087678415380135
5080.010655737705 2.2793232352655597
5090.022786885245 2.3065588892125453
5100.034918032787 2.2611661326342363
5110.047049180328 2.2404116904553844
5120.059180327869 2.2613846004466454
5130.07131147541 2.2656325856879307
5140.08344262295 2.2778182347800757
5150.095573770492 2.298038644528595
5160.107704918033 2.2912175939411594
5170.119836065574 2.218067288086222
5180.131967213114 2.1810612680842802
5190.144098360655 2.0963200310709778
5200.156229508197 2.050490338867851
5210.168360655738 1.9573502281774933
5220.1804918032785 1.9499951451597242
5230.192622950819 1.8940673851830276
5240.20475409836 1.8810321390426257
5250.216885245902 1.8655451985629672
5260.229016393443 1.8455675308282358
5270.241147540984 1.7992523545975339
5280.253278688524 1.8228711525390815
5290.265409836065 1.869040683561511
5300.277540983607 1.8209534906301585
5310.289672131148 1.8160501019516457
5320.301803278689 1.8231138945528693
5330.313934426229 1.8054180017477428
5340.32606557377 1.7598553257597824
5350.338196721312 1.7466258860083503
5360.350327868853 1.7077386153995535
5370.362459016393 1.6669822312845908
5380.374590163934 1.6332896397708516
5390.386721311475 1.578745509272745
5400.398852459017 1.5393484804349937
5410.410983606557 1.5328672686668607
5420.423114754098 1.5506481211768133
5430.435245901639 1.565394698514419
5440.44737704918 1.6235071366152056
5450.459508196722 1.6455966598698903
5460.471639344262 1.6547237595883098
5470.483770491803 1.7132003107097777
5480.495901639344 1.7163316826876398
5490.508032786885 1.7030051461306923
5500.520163934427 1.6881978832896398
5510.532295081967 1.719632974075153
5520.544426229508 1.7445625788911545
5530.556557377049 1.7610690358287215
5540.5686885245905 1.7765802505097583
5550.580819672132 1.7808889212544907
5560.592950819671 1.7888144480046606
5570.605081967213 1.7814108165841345
5580.617213114754 1.800854451888533
5590.6293442622955 1.7750024274201381
5600.641475409837 1.7682299252354596
5610.653606557376 1.7527429847558016
5620.665737704918 1.7575735508301777
5630.677868852459 1.7281774929604818
5640.6900000000005 1.7183707156034569
5650.702131147541 1.6820807845421888
5660.714262295081 1.6545052917759009
5670.726393442623 1.6162976988057092
5680.738524590164 1.5675915137391983
5690.7506557377055 1.482546849208661
5700.762786885245 1.4464025633556656
5710.774918032786 1.4022235168462958
5720.787049180328 1.3862025439363046
5730.799180327869 1.4088260996213224
5740.811311475411 1.3958394018836782
5750.82344262295 1.4152102145839403
5760.8355737704915 1.422565297601709
5770.847704918033 1.42848820273813
5780.859836065574 1.4311583648897952
5790.871967213116 1.432372074958734
5800.884098360655 1.4351878823186717
5810.8962295081965 1.401762307020099
5820.908360655738 1.4372511894358677
5830.920491803279 1.4414263520730168
5840.93262295082 1.4416205456840472
5850.94475409836 1.3936304495582095
5860.9568852459015 1.3428973686765706
5870.969016393443 1.2882318671715702
5880.981147540984 1.2161374890766095
5890.993278688524 1.1499417419166909
5901.005409836065 1.0500534032430333
5911.0175409836065 0.9962132245849112
5921.029672131148 0.8753277017186135
5931.041803278689 0.8537964850956404
5941.053934426229 0.8399601903097389
5951.06606557377 0.7876735605398583
5961.0781967213115 0.7846635595688903
5971.090327868853 0.7377415283037189
5981.102459016394 0.7113554714049908
5991.114590163934 0.6793620739877658
6001.126721311475 0.6757452179823284
6011.138852459017 0.6614477133702301
6021.150983606558 0.6402077871638023
6031.163114754098 0.6410331100106808
6041.175245901639 0.6374890766093796
6051.18737704918 0.6239683464414021
6061.199508196722 0.6523934362559471
6071.211639344263 0.6755510243712982
6081.2237704918025 0.6952374016894844
6091.235901639344 0.7394892708029905
6101.248032786885 0.7769929119331974
6111.260163934427 0.8235508301776872
6121.272295081968 0.8670987474512089
6131.2844262295075 0.9195067482279834
6141.296557377049 0.9734197494902418
6151.30868852459 1.0094426643363434
6161.320819672132 1.0626517137586173
6171.332950819673 1.0937955141275852
6181.3450819672125 1.138969802893485
6191.357213114754 1.172880862219633
6201.369344262295 1.2212836197689096
6211.381475409837 1.2425963685794736
6221.393606557376 1.2706573453733372
6231.405737704918 1.2942033207107488
6241.417868852459 1.3340615593746965
6251.43 1.3381881736090884
6261.442131147542 1.361709874745121
6271.454262295081 1.3563452762404118
6281.466393442623 1.36945334498495
6291.478524590164 1.3361248664918925
6301.490655737705 1.3826342363336248
6311.502786885247 1.3473395475288865
6321.514918032786 1.325298572676959
6331.527049180328 1.3434314011069037
6341.539180327869 1.3214875230604912
6351.55131147541 1.3331634139236819
6361.563442622952 1.3451548694047966
6371.575573770491 1.2898825128653268
6381.587704918033 1.277041460335955
6391.599836065574 1.2528886299640742
6401.611967213115 1.2652927468686281
6411.624098360655 1.2415768521215653
6421.636229508196 1.2524516943392563
6431.648360655738 1.2311874939314498
6441.660491803279 1.2291120497135646
6451.67262295082 1.227716283134285
6461.68475409836 1.2129090202932324
6471.696885245901 1.1993397417224974
6481.709016393443 1.1655257792018643
6491.721147540984 1.165671424410137
6501.733278688525 1.1879794154772307
6511.745409836065 1.164918924167395
6521.757540983606 1.1437760947664823
6531.769672131148 1.1573453733372172
6541.781803278689 1.140887464802408
6551.79393442623 1.1342848820273814
6561.80606557377 1.1012234197494903
6571.818196721311 1.090215069424216
6581.830327868853 1.0851296242353627
6591.842459016394 1.076172443926595
6601.854590163934 1.0707350228177492
6611.866721311475 1.0570443732401205
6621.878852459016 1.0588649383435287
6631.890983606558 1.0278910573842122
6641.903114754099 1.0450771919603845
6651.915245901639 1.0232061365181087
6661.92737704918 1.0155354888824157
6671.939508196721 0.9962860471890476
6681.951639344263 0.9823041071948733
6691.963770491804 0.9742207981357414
6701.975901639344 0.9624842217691039
6711.988032786885 0.9531750655403438
6722.000163934426 0.9349936887076415
6732.012295081968 0.9422759491212739
6742.024426229508 0.9352607049228082
6752.036557377049 0.9263035246140402
6762.04868852459 0.9195310224293621
6772.060819672131 0.9160112632294397
6782.072950819673 0.9239732012816779
6792.085081967212 0.922128361976891
6802.097213114754 0.912006020001942
6812.109344262295 0.9065928730944752
6822.121475409836 0.8999296048160015
6832.133606557378 0.9445819982522574
6842.145737704917 0.8894067385183028
6852.157868852459 0.8832653655694728
6862.17 0.8801825419943684
6872.182131147541 1.0379163025536462
6882.194262295083 0.927517234682979
6892.206393442622 0.9121516652102146
6902.218524590164 0.9132682784736382
6912.230655737705 0.8858141567142441
6922.2427868852465 0.8738469754345083
6932.254918032787 0.8358578502767259
6942.267049180327 0.850276725895718
6952.279180327869 0.8874890766093796
6962.29131147541 0.8274104281969124
6972.3034426229515 0.8488930964171278
6982.315573770491 0.8556898728031848
6992.327704918032 0.8181862316729781
7002.339836065574 0.820346635595689
7012.351967213115 0.826803573162443
7022.3640983606565 0.8134770366054958
7032.376229508196 0.8203223613943101
7042.388360655737 0.8109282454607243
7052.400491803279 0.8255655888921254
7062.41262295082 0.827119137780367
7072.4247540983615 0.8301048645499565
7082.436885245901 0.8249708709583455
7092.449016393442 0.8285027672589572
7102.461147540984 0.8206136518108554
7112.473278688525 0.8144722788620254
7122.485409836066 0.8133071171958444
7132.497540983606 0.809350422371104
7142.509672131147 0.8152005049033887
7152.521803278689 0.801388484318866
7162.53393442623 0.795247111370036
7172.54606557377 0.7630837945431596
7182.558196721311 0.7218662006020002
7192.5703278688525 0.7701961355471405
7202.582459016394 0.7554374211088455
7212.594590163935 0.7383969317409458
7222.606721311475 0.7468929022235169
7232.618852459016 0.7411399164967473
7242.6309836065575 0.8163413923681911
7252.643114754099 0.7116710360229149
7262.65524590164 0.6923002233226527
7272.66737704918 0.7163559568890183
7282.679508196721 0.7402660452471114
7292.6916393442625 0.6849208661035052
7302.703770491804 0.6851878823186718
7312.715901639344 0.6846781240897175
7322.728032786885 0.6836100592290514
7332.740163934426 0.6813525585008253
7342.7522950819675 0.696790950577726
7352.764426229509 0.6742887658996018
7362.776557377048 0.6722497329837849
7372.78868852459 0.6757209437809496
7382.800819672131 0.6478298863967376
7392.812950819673 0.6442373045926789
7402.825081967214 0.6496019030973881
7412.8372131147535 0.6088697931838043
7422.849344262295 0.5845713176036509
7432.861475409836 0.5921448684338285
7442.873606557378 0.5923633362462375
7452.885737704919 0.5788426060782601
7462.8978688524585 0.5865375279153316
7472.91 0.5851053500339839
7482.922131147541 0.599427128847461
7492.934262295083 0.5847412370133023
7502.946393442622 0.563015826779299
7512.9585245901635 0.5488882415768521
7522.970655737705 0.553427517234683
7532.982786885246 0.5313137197786193
7542.994918032788 0.5034954849985436
7553.007049180327 0.4973298378483348
7563.0191803278685 0.4845858821244782
7573.03131147541 0.4648266822021556
7583.043442622951 0.43977570637926017
7593.055573770493 0.4039833964462569
7603.067704918032 0.7749538790173803
7613.0798360655735 0.6406932711913778
7623.091967213115 0.366758908631906
7633.104098360656 0.3960335954947083
7643.116229508197 0.321633168268764
7653.128360655737 0.26451597242450725
7663.140491803279 0.21635110204874264
7673.15262295082 0.19909457228857172
7683.164754098361 0.17501941936110302
7693.176885245902 0.15857850276725896
7703.189016393442 0.1483857656083115
7713.201147540984 0.1399407709486358
7723.213278688525 0.11978954267404603
7733.225409836066 0.11157393921739975
7743.237540983607 0.10991115642295368
7753.249672131147 0.09514515972424507
7763.261803278689 0.09650694242159433
7773.27393442623 0.10163365375279153
7783.28606557377 0.09781046703563454
7793.298196721311 0.1018861054471308
7803.310327868852 0.08961549665016022
7813.322459016394 0.08811777842508982
7823.334590163935 0.09622536168560056
7833.346721311475 0.09860180600058259
7843.358852459016 0.09918681425381105
7853.370983606557 0.09432226429750462
7863.383114754099 0.10497135644237304
7873.39524590164 0.10262646858918342
7883.4073770491805 0.10873871249635887
7893.419508196721 0.11744586853092534
7903.431639344262 0.11820079619380522
7913.443770491804 0.12063549859209631
7923.455901639345 0.13320225264588795
7933.4680327868855 0.13269734925720944
7943.480163934426 0.13927808525099525
7953.492295081967 0.14437081270026217
7963.504426229509 0.1444873288668803
7973.516557377049 0.1364464996601612
7983.52868852459 0.1480653461501117
7993.540819672131 0.160816584134382
8003.552950819672 0.16205699582483737
8013.565081967214 0.17918729973783865
8023.577213114754 0.18387707544421789
8033.589344262295 0.20040052432274977
8043.601475409836 0.2164579085348092
8053.613606557377 0.2274662588600835
8063.625737704919 0.24235119914554812
8073.637868852459 0.2511408874648024
8083.65 0.2561656471502088
8093.662131147541 0.26628798912515783
8103.674262295082 0.2760462180794252
8113.686393442624 0.2884017865812215
8123.698524590164 0.3094475191766191
8133.710655737705 0.32471599184386835
8143.722786885246 0.32971647732789594
8153.734918032787 0.36370035925818045
8163.747049180328 0.37967278376541413
8173.759180327868 0.3798912515778231
8183.77131147541 0.3920283522672104
8193.783442622951 0.41923973201281683
8203.795573770492 0.4060345664627634
8213.807704918032 0.45633071171958445
8223.819836065573 0.4508204680066026
8233.831967213115 0.4713564423730459
8243.844098360656 0.45086901640936017
8253.856229508197 0.48677056024856785
8263.868360655739 0.4824254782017672
8273.880491803278 0.524128556170502
8283.89262295082 0.5500291290416546
8293.904754098361 0.6047189047480338
8303.916885245902 0.5287406544324692
8313.929016393442 0.6221235071366152
8323.941147540983 0.5842072045829693
8333.953278688525 0.5978735799592193
8343.965409836066 0.611588503738227
8353.977540983607 0.601150597145354
8363.989672131147 0.6138095931643849
8374.001803278688 0.6104476162734246
8384.01393442623 0.636372463345956
8394.026065573771 0.6358627051170017
8404.03819672131 0.657369647538596
8414.050327868852 0.6463977085153899
8424.062459016393 0.6619817458005632
8434.074590163935 0.6839984464511119
8444.086721311476 0.6480483542091465
8454.098852459018 0.6551849694145063
8464.110983606557 0.6914991746771532
8474.123114754098 0.6540926303524615
8484.13524590164 0.6238227012331296
8494.14737704918 0.6633289639770853
8504.15950819672 0.6651373919798039
8514.171639344262 0.6266870569958248
8524.183770491803 0.6305223808136713
8534.195901639345 0.6254490727255073
8544.208032786886 0.6251335081075833
8554.220163934426 0.6052043887756092
8564.232295081967 0.596732692494417
8574.244426229508 0.6064909214486843
8584.25655737705 0.5831391397223031
8594.26868852459 0.5918535780172833
8604.28081967213 0.590154383920769
8614.292950819672 0.5903971259345568
8624.305081967213 0.6235071366152054
8634.317213114755 0.6332653655694728
8644.329344262296 0.6005437421108846
8654.341475409836 0.6271482668220215
8664.353606557377 0.6108117292941062
8674.365737704919 0.5878726089911642
8684.377868852458 0.57389066899699
8694.39 0.546315176230702
8704.40213114754 0.5614865520924361
8714.414262295082 0.5260219438780465
8724.426393442624 0.5449072725507331
8734.438524590165 0.537382270123313
8744.450655737704 0.5154141178755219
8754.462786885246 0.5222594426643364
8764.474918032787 0.5877512379842704
8774.487049180329 0.5359986406447228
8784.499180327868 0.49354306243324597
8794.51131147541 0.4867948344499466
8804.52344262295 0.4768666860860278
8814.535573770492 0.4530536945334499
8824.547704918034 0.4535391785610254
8834.559836065575 0.484925720943781
8844.571967213114 0.4441207884260608
8854.584098360656 0.45608796970579674
8864.596229508197 0.46951160306825906
8874.608360655737 0.4564642198271677
8884.620491803278 0.4683221672006991
8894.63262295082 0.44834449946596755
8904.64475409836 0.4765753956694825
8914.656885245902 0.4687833770268959
8924.669016393444 0.4828866880279639
8934.681147540983 0.4535634527624041
8944.693278688525 0.4468152247791048
8954.705409836066 0.44972812894455777
8964.717540983607 0.42436158850373823
8974.729672131147 0.41307408486260805
8984.741803278688 0.4266676376347219
8994.75393442623 0.425356830760268
