3507.325919854281 -0.35530484256804806
3517.3377595628417 0.24784379646990368
3527.3495992714024 0.7417081528415336
3537.361438979964 -0.5602573220404732
3547.373278688525 1.2116118187108036
3557.3851183970855 0.527749401952544
3567.396958105647 -0.2306652873860477
3577.408797814208 1.1591129501519364
3587.4206375227686 0.5217624620159048
3597.43247723133 -0.5009504105514967
3607.444316939891 -0.6926359345703755
3617.4561566484517 0.4134803129242904
3627.467996357013 1.0399560354302708
3637.479836065574 0.9041184457231525
3647.491675774135 0.30195254412620415
3657.503515482696 0.047241223249498934
3667.515355191257 -0.07812762655977241
3677.527194899818 0.26594038921574964
3687.5390346083786 0.719014676407836
3697.5508743169403 1.0330380810758388
3707.562714025501 0.6218853041960303
3717.5745537340617 1.5518846576582401
3727.5863934426234 0.8421154716493179
3737.598233151184 1.2383784832223443
3747.610072859745 0.18301545225318422
3757.6219125683065 1.2087023986552015
3767.633752276867 0.6650934247106743
3777.645591985428 0.5373634188918343
3787.6574316939896 0.7014935022952091
3797.6692714025503 1.0144824464989979
3807.681111111111 0.9379970259261653
3817.6929508196727 0.5443007693799702
3827.7047905282334 0.8760587056313441
3837.716630236794 0.6764724898170297
3847.7284699453553 0.680545677894873
3857.7403096539165 1.014999676731105
3867.752149362477 0.8286028318355209
3877.7639890710384 0.409439451735954
3887.7758287795996 0.8750242451671301
3897.7876684881603 0.6943815866037369
3907.7995081967215 0.7036270770026507
3917.8113479052827 0.4918730199780177
3927.8231876138434 0.8748302838300899
3937.835027322404 0.7302644339561647
3947.8468670309658 0.9703885692118704
3957.8587067395265 0.4669748496799638
3967.870546448087 0.7464278787095106
3977.882386156649 0.8443783539147863
3987.8942258652096 1.0408611883364582
3997.9060655737703 1.0669166612788517
4007.917905282332 1.1959009504105516
4017.9297449908927 0.9976078101765048
4027.9415846994534 1.2368914463050364
4037.953424408015 1.20275425098597
4047.965264116576 1.0545677894872956
4057.9771038251365 1.1512251891123035
4067.988943533698 1.2502747785608068
4078.000783242259 0.9873925130923902
4088.0126229508196 1.2012672140686622
4098.024462659381 1.1699747850261848
4108.036302367942 1.3922544772741965
4118.048142076503 1.1688756707829573
4128.059981785063 1.1757936251373893
4138.071821493625 1.0368526540376284
4148.083661202186 0.9288808430852784
4158.095500910747 1.0572185944268442
4168.107340619308 1.1641559449149803
4178.119180327869 1.151483804228357
4188.13102003643 0.891058382362449
4198.142859744991 0.8403698196159565
4208.154699453552 1.0172625589965734
4218.166539162114 1.0246330898040992
4228.178378870674 0.9868752828602831
4238.190218579235 1.059158207797246
4248.202058287796 1.115310014870369
4258.2138979963565 0.952091549751083
4268.225737704918 0.9098726320553436
4278.23757741348 1.0235339755608714
4288.2494171220405 0.881618930626495
4298.261256830601 1.063942587444236
4308.273096539162 0.897976336716881
4318.284936247723 0.9190534686752441
4328.296775956284 1.0029094200556024
4338.308615664845 1.0145471002780113
4348.320455373407 0.964569729100666
4358.3322950819675 1.0
4368.344134790528 0.9731686817094458
4378.355974499089 0.9210577358246589
4388.367814207651 0.8575030710545031
4398.379653916211 0.9577164285252473
4408.391493624773 0.9802159436219047
4418.403333333334 0.889183422771061
4428.415173041894 0.9008857567724833
4438.427012750455 0.9024374474688045
4448.438852459017 0.8873084631796728
4458.4506921675775 0.924613693670395
4468.462531876139 0.8486455033296696
4478.4743715847 0.7984095170362707
4488.486211293261 0.9783409840305165
4498.498051001821 0.8776750501066787
4508.509890710382 0.9130406672269994
4518.521730418944 1.125816253960044
4528.533570127505 0.9945690825628757
4538.545409836066 0.9950216590159695
4548.557249544627 1.086506756319907
4558.5690892531875 0.9707764918859507
4568.580928961748 1.1589836425939095
4578.59276867031 1.0813344539988363
4588.6046083788715 1.1710738992694123
4598.616448087432 1.2556410422189177
4608.628287795993 1.223508114049266
4618.640127504554 1.1809659274584599
4628.651967213114 1.155492338527187
4638.663806921676 1.2723863709833838
4648.675646630237 1.2242193056184132
4658.687486338798 1.283700782310726
4668.699326047359 1.2539600439645697
4678.71116575592 1.2695416047067951
4688.723005464481 1.2615245361091356
4698.734845173041 1.2558996573349712
4708.746684881603 1.3394323398202623
4718.758524590165 1.3250145471002779
4728.770364298725 1.2949505398590546
4738.782204007286 1.1677765565397298
4748.794043715847 1.2213422124523177
4758.8058834244075 1.2352104480506885
4768.817723132969 1.1093941940906444
4778.829562841531 1.2388310596754382
4788.8414025500915 1.1660955582853818
4798.853242258652 1.194284605935217
4808.865081967213 1.1741772806620547
4818.876921675774 1.2118057800478437
4828.888761384335 1.120773259197
4838.900601092897 1.0627788194219951
4848.912440801458 1.1691342858990106
4858.924280510018 1.1660309045063684
4868.936120218579 1.0606452447145536
4878.94795992714 1.1007629145923579
4888.9597996357015 1.0574125557638845
4898.971639344262 1.0638779336652227
4908.983479052824 1.0923255964311114
4918.995318761385 1.1739833193250147
4929.007158469945 1.0583177086700717
4939.018998178506 0.9970259261653843
4949.030837887067 1.0549557121613757
4959.042677595628 0.9852589383849486
4969.05451730419 1.0369819615956553
4979.066357012751 1.076744035688886
4989.0781967213115 1.1775392771707507
4999.090036429872 1.1865908062326243
5009.101876138433 1.1863968448955842
5019.113715846995 1.156720760328441
5029.125555555556 1.20275425098597
5039.137395264117 1.1569147216654811
5049.149234972678 1.1018297019460788
5059.1610746812385 1.0845671429495052
5069.172914389799 1.1382297795306136
5079.184754098361 1.0744811534234175
5089.1965938069225 1.0268959720695674
5099.208433515483 1.0535333290230815
5109.220273224044 1.0912264821878839
5119.232112932605 1.0799767246395553
5129.243952641165 1.084373181612465
5139.255792349727 1.1238766405896423
5149.267632058288 1.0910325208508438
5159.279471766849 1.0640072412232495
5169.29131147541 1.1313764789551948
5179.303151183971 1.0724122324949892
5189.314990892532 1.0899334066076163
5199.326830601093 1.1364841274972521
5209.338670309654 1.0852136807396393
5219.350510018216 0.9934699683196482
5229.362349726776 1.0786836490592875
5239.374189435337 1.031551044158531
5249.386029143898 1.0539212516971619
5259.3978688524585 1.1014417792719986
5269.40970856102 1.166160212064395
5279.421548269582 0.9785349453675567
5289.4333879781425 1.1260748690760976
5299.445227686703 1.0930367880002585
5309.457067395264 1.1675179414236763
5319.468907103825 1.1852977306523564
5329.480746812386 1.246589513157044
5339.492586520948 1.1664188271804488
5349.504426229509 1.2661796081980992
5359.516265938069 1.2162668907997674
5369.52810564663 1.2264821878838816
5379.539945355191 1.1650610978211675
5389.5517850637525 1.2982478825887371
5399.563624772313 1.2754897523760265
5409.575464480875 1.18956488006724
5419.587304189436 1.2416758259520266
5429.599143897996 1.389797633671688
5439.610983606557 1.2687657593586343
5449.622823315119 1.2689597206956746
5459.634663023679 1.3226223572767828
5469.646502732241 1.3183552078618994
5479.658342440802 1.2635934570375638
5489.6701821493625 1.3353591517424193
5499.682021857923 1.3863709833839786
5509.693861566484 1.3559837072476886
5519.705701275046 1.3248852395422512
5529.717540983607 1.3352298441843926
5539.729380692168 1.3709833839787935
5549.741220400729 1.3883105967543803
5559.753060109289 1.3338721148251116
5569.76489981785 1.229714876834551
5579.776739526412 1.290618736665158
5589.788579234973 1.2182065041701686
5599.800418943534 1.333807461046098
5609.812258652095 1.3696256546195125
5619.824098360656 1.3519105191698455
5629.835938069216 1.2747785608068791
5639.847777777777 1.3003168035171655
5649.85961748634 1.2752311372599727
5659.8714571949 1.3162216331544578
5669.883296903461 1.3890217883235276
5679.895136612022 1.3289584276200943
5689.9069763205825 1.2731622163315446
5699.918816029143 1.3336134997090578
5709.930655737706 1.2965668843343892
5719.942495446267 1.2346932178185814
5729.954335154827 1.301092648865326
5739.966174863388 1.2063102088317061
5749.978014571949 1.1915044934376413
5759.9898542805095 1.1710092454903989
5770.001693989071 1.1505786513221696
5780.013533697633 1.106614081593069
5790.0253734061935 1.156009568759294
5800.037213114754 1.1589836425939095
5810.049052823315 1.199004331803194
5820.060892531876 1.1181871080364647
5830.072732240437 1.1319583629663152
5840.084571948999 1.1743712419990948
5850.09641165756 1.1814185039115537
5860.10825136612 1.2372147152001034
5870.120091074681 1.245619706471843
5880.131930783242 1.1968707570957522
5890.143770491803 1.1916338009956682
5900.155610200365 1.1907933018684942
5910.167449908926 1.155492338527187
5920.179289617487 1.170879937932372
5930.191129326047 1.1644145600310338
5940.202969034608 1.158531066140816
5950.214808743169 1.2232494989332128
5960.226648451731 1.187754574254865
5970.238488160292 1.230426068403698
5980.250327868853 1.164802482705114
5990.2621675774135 1.2132281631861381
6000.274007285974 1.1779918536238443
6010.285846994535 1.1827115794918213
6020.297686703097 1.0385983060709898
6030.309526411658 1.1267860606452447
6040.321366120219 1.143854658304778
6050.33320582878 1.1868494213486778
6060.34504553734 1.1184457231525182
6070.356885245901 1.1646731751470873
6080.368724954463 1.153811340272839
6090.380564663024 1.1923449925648153
6100.392404371585 1.1790909678670716
6110.404244080146 1.1657722893903149
6120.416083788707 1.1676472489817031
6130.427923497267 1.138617702204694
6140.439763205828 1.1080364647313636
6150.451602914391 1.0996961272386372
6160.463442622951 1.1145664964117152
6170.475282331512 1.1349970905799442
6180.487122040073 1.1406219693541086
6190.4989617486335 1.1094588478696579
6200.510801457194 1.15956552660503
6210.522641165757 1.1464408094653131
6220.5344808743175 1.1492209219628886
6230.546320582878 1.1555569923062003
6240.558160291439 1.1137906510635547
6250.57 1.119641818064266
6260.58183970856 1.1274972522143918
6270.593679417122 1.0521109458847868
6280.605519125684 1.149608844636969
6290.617358834244 1.1009245490398913
6300.629198542805 1.2020430594168228
6310.641038251366 1.0358181935734143
6320.652877959927 1.0213357470744164
6330.664717668488 1.057994439775005
6340.67655737705 1.0464214133316092
6350.688397085611 1.0139005624878774
6360.700236794171 1.061550397620741
6370.712076502732 1.0047843796469904
6380.723916211293 1.0299993534622098
6390.735755919854 0.9757548328699812
6400.747595628416 1.0314217366005043
6410.759435336977 1.0312924290424774
6420.771275045538 1.0469386435637165
6430.783114754098 1.023146052886791
6440.794954462659 1.05178767698972
6450.80679417122 1.0959462080558608
6460.818633879782 1.117734531583371
6470.830473588343 1.079588801965475
6480.842313296904 1.1265274455291912
6490.8541530054645 1.0735760005172301
6500.865992714025 1.1242645632637227
6510.877832422586 1.1004073188077843
6520.889672131148 1.111851037693153
6530.901511839709 1.1084890411844572
6540.91335154827 1.0963987845089544
6550.925191256831 1.1322816318613824
6560.937030965391 1.1478631926036078
6570.948870673952 1.11198034525118
6580.960710382514 1.1197387987327858
6590.972550091075 1.1139199586215813
6600.984389799636 1.14676407836038
6610.996229508197 1.1269153682032713
6621.008069216758 1.1532294562617187
6631.019908925318 1.1229068339044417
6641.03174863388 1.1112044999030193
6651.043588342442 1.1311825176181547
6661.055428051002 1.1209672205340402
6671.067267759563 1.1130794594944076
6681.079107468124 1.1677119027607163
6691.0909471766845 1.1269153682032713
6701.102786885245 1.415594491498028
6711.114626593808 1.0521755996638005
6721.1264663023685 1.1466994245813669
6731.138306010929 1.0396327665352039
6741.15014571949 1.0832094135902244
6751.161985428051 1.021271093295403
6761.173825136611 1.0659468545936508
6771.185664845173 1.0516583694316932
6781.197504553735 1.0904506368397233
6791.209344262295 1.0854722958556928
6801.221183970856 1.0546970970453222
6811.233023679417 1.0687269670912265
6821.244863387978 1.0846317967285188
6831.256703096539 1.0837912976013448
6841.268542805101 1.0587702851231655
6851.280382513662 1.0650417016874636
6861.292222222222 1.1790263140880584
6871.304061930783 1.2192086377448763
6881.315901639344 1.050429947630439
6891.327741347905 1.020753863063296
6901.339581056467 1.0369819615956553
6911.351420765028 0.9864227064071894
6921.3632604735885 0.9833839787935605
6931.375100182149 0.9350229520915497
6941.38693989071 0.9652809206698131
6951.398779599271 0.9828667485614534
6961.410619307833 0.9923708540764208
6971.422459016394 1.014353138940971
6981.434298724955 0.9736212581625395
6991.446138433515 0.9682549945044288
7001.457978142076 0.982284864550333
7011.469817850637 0.969483416305683
7021.481657559199 0.9998060386629598
7031.49349726776 1.0043318031938966
7041.505336976321 0.9699359927587767
7051.517176684882 0.99579750436413
7061.529016393442 0.999676731104933
7071.540856102003 0.9568759293980733
7081.552695810565 0.9854528997219888
7091.564535519126 0.9665093424710673
7101.576375227687 0.9607551561388763
7111.588214936248 0.9762074093230749
7121.600054644809 0.9804745587379582
7131.611894353369 0.9482123230102799
7141.623734061931 0.9729747203724057
7151.635573770493 0.967802418051335
7161.647413479053 0.9516389732979892
7171.659253187614 0.9259067692506626
7181.671092896175 0.9212516971616991
7191.6829326047355 0.9182129695480701
7201.694772313296 0.973362643046486
7211.706612021859 0.8773517812116118
7221.7184517304195 0.8840111204499903
7231.73029143898 0.9292687657593586
7241.742131147541 0.8664899463373633
7251.753970856102 0.9268442490463568
7261.765810564662 0.8671364841274972
7271.777650273225 0.9193120837912976
7281.789489981786 0.9112303614146247
7291.801329690346 0.8698519428460594
7301.813169398907 0.9087088640331027
7311.825009107468 0.9213810047197258
7321.836848816029 0.9625008081722377
7331.84868852459 0.9375444494730716
7341.860528233152 0.9231913105321006
7351.872367941713 0.898299605611948
7361.884207650273 0.9193120837912976
7371.896047358834 0.9352492403180965
7381.907887067395 0.9063166742096076
7391.919726775956 0.9316609555828538
7401.931566484518 0.9454968642917179
7411.943406193079 0.9033426003749918
7421.9552459016395 0.9311437253507466
7431.9670856102 0.9304971875606128
7441.978925318761 0.9201525829184715
7451.990765027322 0.9591388116635418
7462.002604735884 1.0139005624878774
7472.014444444445 0.9756255253119545
7482.026284153006 0.9735566043835262
7492.038123861566 0.9928880843085277
7502.049963570127 1.0010021335747075
7512.061803278688 0.9542251244585246
7522.07364298725 0.9277170750630375
7532.085482695811 0.994439775004849
7542.097322404372 0.9633413072994116
7552.109162112933 0.9579750436413008
7562.121001821493 0.9472425163250792
7572.132841530054 0.8852395422512446
7582.144681238616 0.9288808430852784
7592.156520947177 0.9328247236050947
7602.168360655738 1.4768862740027153
7612.180200364299 1.1243292170427361
7622.1920400728595 0.9685136096204823
7632.20387978142 1.0756449214456585
7642.215719489982 0.8926747268377837
7652.2275591985435 0.8404344733949699
7662.239398907104 0.8617702204693864
7672.251238615665 0.8201978405637809
7682.263078324226 0.862869334712614
7692.274918032786 0.8457360832740674
7702.286757741348 0.8946143402081851
7712.29859744991 0.856468610590289
7722.31043715847 0.9208637744876188
7732.322276867031 0.8784508954548393
7742.334116575592 0.8984289131699748
7752.345956284153 0.9182129695480702
7762.357795992713 0.8509730393741515
7772.369635701275 0.8670071765694705
7782.381475409837 0.8727613629016616
7792.393315118397 0.8574384172754898
7802.405154826958 0.9116182840887049
7812.416994535519 0.8972651451477338
7822.42883424408 0.8490334260037499
7832.440673952641 0.8811663541734014
7842.452513661203 0.9232559643111139
7852.464353369764 0.8766405896424645
7862.476193078324 0.9268765759358635
7872.488032786885 0.9094523824917568
7882.499872495446 0.9317256093618671
7892.511712204007 0.9217689273938061
7902.523551912569 0.9089674791491562
7912.53539162113 0.925777461692636
7922.5472313296905 0.9136872050171332
7932.559071038251 0.9473718238831059
7942.570910746812 0.9063813279886209
7952.582750455374 0.9153035494924678
7962.594590163935 0.9584922738734079
7972.606429872496 0.9269412297148768
7982.618269581057 0.9440744811534234
7992.630109289617 1.0157108683002523
8002.641948998178 0.8644533522984418
8012.653788706739 0.9314669942458136
8022.6656284153005 0.8950669166612788
8032.677468123862 0.9301092648865326
8042.689307832423 0.9142690890282537
8052.701147540984 0.9106484774035043
8062.712987249544 0.9186655460011637
8072.724826958105 0.8732139393547552
8082.736666666667 0.8675890605805909
8092.748506375228 0.8732139393547552
8102.760346083789 0.8317062132281632
8112.77218579235 0.838430206245555
8122.7840255009105 0.8589254541927975
8132.795865209471 0.8807137777203077
8142.807704918033 0.9042477532811793
8152.8195446265945 0.9050235986293398
8162.831384335155 0.8843343893450573
8172.843224043716 0.8759293980733174
8182.855063752277 0.8462533135061744
8192.866903460837 0.8666839076744035
8202.8787431694 0.7879356048361026
8212.89058287796 0.8840757742290036
8222.902422586521 0.8699165966250727
8232.914262295082 0.8604124911101053
8242.926102003643 0.8553048425680481
8252.937941712204 0.8531389409710997
8262.949781420764 0.8195513027736471
8272.961621129325 0.8268571798021593
8282.973460837888 0.8476110428654554
8292.985300546448 0.7585181353850132
8302.997140255009 0.7683455097950476
8313.00897996357 0.7502424516713001
8323.02081967213 0.7017521174112626
8333.032659380693 0.6998771578198745
8343.044499089254 0.6910195900950411
8353.056338797815 0.6720760328441197
8363.068178506375 0.6593392383784832
8373.080018214936 0.6564621452123877
8383.091857923497 0.7209542897782375
8393.103697632057 0.6811275619059934
8403.11553734062 0.6670976918600892
8413.12737704918 0.7025279627594232
8423.139216757741 0.7265791685524018
8433.151056466302 0.6950281243938708
8443.162896174863 0.7177862546065817
8453.174735883425 0.7625913234628564
8463.186575591986 0.7150061421090061
8473.198415300547 0.6791232947565785
8483.210255009108 0.6985194284605936
8493.222094717668 0.6895325531777332
8503.23393442623 0.7061485743841728
8513.24577413479 0.6786060645244715
8523.25761384335 0.7008469645050753
8533.269453551913 0.6954807008469645
8543.281293260474 0.721536173789358
8553.293132969035 0.7698325467123553
8563.304972677595 0.7441003426650288
8573.316812386156 0.7459753022564168
8583.328652094719 0.8110170039438805
8593.34049180328 0.7823753798409517
8603.35233151184 0.7687980862481412
8613.3641712204 0.7771384237408676
8623.376010928961 0.7955647507596818
8633.387850637522 0.8549815736729812
8643.399690346083 0.8307364065429624
8653.411530054645 0.7515355272515679
8663.423369763206 0.8137971164414559
8673.435209471767 0.8670071765694705
8683.447049180328 0.8057800478437964
8693.458888888888 0.8257580655589319
8703.470728597451 0.8264692571280791
8713.482568306012 0.8330639425874442
8723.494408014572 0.7002004267149414
8733.506247723133 0.8899592681192215
8743.518087431694 0.8322557703497768
8753.529927140255 0.8674597530225642
8763.541766848815 1.03038727613629
8773.553606557376 0.8690114437188854
8783.565446265939 0.8900239218982349
8793.5772859745 0.9193120837912976
8803.58912568306 0.8890541152130341
8813.60096539162 0.8980409904958945
8823.612805100182 0.8675890605805909
8833.624644808744 0.8656494472101893
8843.636484517305 0.7919441391349324
8853.648324225866 0.824077067304584
8863.660163934426 0.8565979181483158
8873.672003642987 0.8199392254477273
8883.683843351548 0.8529126527445529
8893.695683060108 0.8732785931337687
8903.707522768671 0.7956294045386952
8913.719362477232 0.8291200620676278
8923.731202185792 0.7509536432404474
8933.743041894353 0.7743583112432921
8943.754881602914 0.7718368138617703
8953.766721311476 0.6674209607551561
8963.778561020037 0.6857179802159435
8973.790400728598 0.7462985711514837
8983.802240437159 0.7177862546065817
8993.81408014572 0.7483028383008986
