3508.106111111111 0.926262835090621
3518.118333333333 0.32747570808352283
3528.1305555555555 0.7594238853283716
3538.142777777778 0.19929019364619946
3548.1549999999997 1.2142512576665978
3558.1672222222223 0.5072289986906485
3568.179444444444 0.48221349321204604
3578.1916666666666 0.27265522706912
3588.2038888888887 0.8175866583970782
3598.216111111111 0.054328440493418784
3608.2283333333335 0.4522569085521329
3618.240555555555 0.3551926125008615
3628.2527777777777 -0.008755426917510854
3638.265 0.22515677761698025
3648.277222222222 0.07636275928605886
3658.2894444444446 0.1895251877885742
3668.3016666666663 0.5852525670181242
3678.313888888889 0.1317827854730894
3688.326111111111 0.404630969609262
3698.338333333333 0.5777065674316036
3708.3505555555557 0.3479842877816829
3718.3627777777774 0.3958927710013094
3728.375 0.5792502239680243
3738.387222222222 0.835641926814141
3748.3994444444443 0.334270553373303
3758.411666666667 0.34910068224105856
3768.4238888888885 0.6482392667631452
3778.436111111111 0.4179243332644201
3788.4483333333333 0.3429811866859624
3798.4605555555554 0.33515953414650956
3808.472777777778 0.504630969609262
3818.4849999999997 0.4159671972986011
3828.4972222222223 0.5030942043966646
3838.509444444444 0.49594790159189583
3848.5216666666665 0.3445179518985597
3858.5338888888887 0.5527737578388808
3868.546111111111 0.44256081593274066
3878.5583333333334 0.470518916683895
3888.570555555555 0.7441251464406313
3898.5827777777777 0.7465715663979051
3908.595 0.13153469781545035
3918.607222222222 0.20846943697884365
3928.6194444444445 0.605533733030115
3938.631666666666 0.3342429880780098
3948.643888888889 0.5499965543380884
3958.656111111111 0.4504238164151334
3968.668333333333 0.40164013506994695
3978.6805555555557 0.49427330990283236
3988.6927777777773 0.28942181793122457
3998.705 0.21358279925573703
4008.717222222222 0.2977120804906623
4018.729444444444 0.3024533112810971
4028.741666666667 0.3744779822203846
4038.7538888888885 0.5740472744814279
4048.766111111111 0.3929088277858177
4058.778333333333 0.5420646406174626
4068.7905555555553 0.5866032664874923
4078.802777777778 0.6745089931775895
4088.8149999999996 0.7568051822755151
4098.827222222222 0.48858107642478127
4108.839444444444 0.3666666666666667
4118.8516666666665 0.5881331403762663
4128.863888888889 0.5410722899869065
4138.876111111111 0.4992557370270829
4148.888333333333 0.37039487285507544
4158.900555555556 0.6139445937564607
4168.912777777778 0.6623595892771001
4178.924999999999 0.727861622217628
4188.937222222222 0.7303424987940185
4198.949444444444 0.7891254910068225
4208.961666666666 0.7572875749431467
4218.973888888889 0.653518020811798
4228.986111111111 0.7058093859830474
4238.998333333333 0.7579767073254773
4249.010555555556 0.6837984976914065
4259.022777777778 0.7338570739439046
4269.035 0.717180070291503
4279.0472222222215 0.7163531114327062
4289.059444444444 0.6074874233340224
4299.071666666667 0.7079456963682723
4309.083888888888 0.6312039142719317
4319.096111111111 0.654958307490869
4329.108333333334 0.6253462890221212
4339.120555555555 0.6802012266556405
4349.132777777777 0.733099028323341
4359.1449999999995 0.6493487698986976
4369.157222222222 0.7365446902349942
4379.169444444444 0.7314451106057475
4389.181666666666 0.6902349941423748
4399.193888888889 0.7504651643580733
4409.206111111111 0.7755495830749087
4419.218333333333 0.6403831576045759
4429.230555555556 0.7560471366549515
4439.2427777777775 0.7945007235890015
4449.254999999999 0.7763765419337055
4459.267222222222 0.7794087244159604
4469.279444444444 0.6205499276410998
4479.291666666666 0.7399903521466473
4489.303888888889 0.6065812142512577
4499.316111111111 0.5944593756460617
4509.328333333333 0.7700365240162635
4519.3405555555555 0.7561849631314176
4529.352777777778 0.7351664254703328
4539.365 0.7000206739714699
4549.3772222222215 0.7127696230445869
4559.389444444444 0.8179312245882434
4569.401666666667 0.7379918682378885
4579.413888888888 0.7660395561987458
4589.426111111111 0.7204879057266902
4599.4383333333335 0.7592860588519056
4609.450555555555 0.7889876645303563
4619.462777777778 0.7880917924333265
4629.474999999999 0.7486045069257804
4639.487222222222 0.7610778030459652
4649.499444444444 0.8626559162015024
4659.511666666666 0.7621804148576943
4669.523888888889 0.8546619805664668
4679.536111111111 0.9246778306112604
4689.548333333333 0.9268830542347185
4699.560555555556 0.9328785059609952
4709.572777777777 0.9933843291296258
4719.584999999999 0.9160636758321273
4729.597222222222 0.91365171249397
4739.609444444444 0.8744400799393564
4749.621666666666 1.0454138239955897
4759.633888888889 0.9540348700985459
4769.646111111111 0.9793260285300807
4779.658333333333 1.1161188064227139
4789.670555555555 0.9928330232237613
4799.682777777778 1.017917441940597
4809.695 0.9978981462338915
4819.707222222221 1.0806284887326856
4829.719444444444 1.0417614223692373
4839.731666666667 1.0614706085038936
4849.743888888888 0.9526566053338846
4859.756111111111 0.9108951829646476
4869.768333333333 1.006271104679209
4879.780555555555 0.8379160636758323
4889.792777777778 0.8993866721797258
4899.804999999999 0.9101371373440839
4909.817222222222 0.8571428571428572
4919.829444444444 0.8553511129487975
4929.841666666666 0.9516229067603886
4939.853888888889 0.9579973812969471
4949.8661111111105 0.8554889394252636
4959.878333333333 0.8732685548893944
4969.890555555556 0.9513472538074564
4979.902777777777 0.9288126249052443
4989.915 0.9581007511542968
4999.927222222222 0.9600992350630557
5009.939444444444 0.9783612431948178
5019.951666666666 0.9600303218248225
5029.9638888888885 0.9833229963475985
5039.976111111111 0.9783612431948178
5049.988333333333 0.9224036937495693
5060.000555555555 0.9237130452759975
5070.012777777778 0.8953897043622079
5080.025 0.819585142305837
5090.037222222221 0.8841568465302185
5100.049444444444 0.96154641306595
5110.0616666666665 0.913513886017504
5120.073888888888 1.0273585555785267
5130.086111111111 1.0069602370615396
5140.098333333333 0.99572737922955
5150.110555555555 1.0391427193163807
5160.122777777778 1.0035834883881194
5170.135 1.0883467714147887
5180.147222222222 1.029701605678451
5190.159444444444 0.996761077803046
5200.171666666666 0.9746743849493488
5210.183888888889 0.9275721866170492
5220.19611111111 0.9467300668458412
5230.208333333333 1.019020053752326
5240.220555555556 0.8397078078698919
5250.232777777777 0.8650678795396597
5260.245 0.9778788505271863
5270.257222222222 0.8809868375714975
5280.269444444444 0.9529322582868169
5290.281666666666 0.998897388188271
5300.293888888888 0.8920129556887879
5310.306111111111 0.8492178347460548
5320.318333333333 0.9410791813107299
5330.330555555555 0.8468747846461305
5340.342777777778 0.9159603059747777
5350.355 0.904830818000138
5360.367222222221 0.8459099993108676
5370.379444444444 0.8696161532630419
5380.391666666666 0.8070429329474192
5390.403888888888 0.8962855764592379
5400.416111111111 0.7888498380538901
5410.428333333333 5.750947557025705e-27
5420.440555555555 0.8561091585693612
5430.452777777778 0.9036592929501758
5440.465 0.8808490110950314
5450.477222222222 0.9738818827096686
5460.4894444444435 0.9953138998001516
5470.501666666666 1.0155054786024396
5480.513888888889 1.033216180828337
5490.52611111111 1.0070980635380058
5500.538333333333 0.947557025704638
5510.550555555556 0.9328095927227621
5520.562777777777 1.0728412928123492
5530.575 1.083178278547309
5540.5872222222215 1.022190062711047
5550.599444444444 1.1209427330990283
5560.611666666666 1.0775273930121976
5570.623888888888 1.040383157604576
5580.636111111111 1.087381986079526
5590.648333333333 1.071463028047688
5600.660555555555 1.1549858727861622
5610.672777777778 1.0376955413134863
5620.6849999999995 1.1509889049686446
5630.697222222222 1.1574667493625526
5640.709444444444 1.185859003514575
5650.721666666666 1.1148094548962857
5660.733888888888 1.2713803321618085
5670.746111111111 1.2434015574391841
5680.758333333333 1.2257597684515196
5690.770555555555 1.3047343394666115
5700.7827777777775 1.3055612983254083
5710.794999999999 1.289091034387706
5720.807222222222 1.1905451037144237
5730.819444444444 1.2672799944869408
5740.831666666666 1.2841292812349254
5750.843888888889 1.2856453724760526
5760.85611111111 1.302942595272552
5770.868333333333 1.3858452208669285
5780.8805555555555 1.3200330783543521
5790.892777777777 1.3240989594101027
5800.905 1.271104679208876
5810.917222222221 1.3792984632347876
5820.929444444444 1.2849562400937222
5830.941666666667 1.29143408448763
5840.953888888888 1.260423127282751
5850.966111111111 1.2682792364413205
5860.978333333333 1.303666184273999
5870.990555555555 1.250844187168355
5881.002777777778 1.238853283715802
5891.014999999999 1.1114327062228655
5901.027222222222 1.2226586727310318
5911.039444444444 1.189924884570326
5921.051666666666 1.1856522637998759
5931.063888888888 1.1842050857969817
5941.076111111111 1.1830335607470197
5951.088333333333 1.1819309489352905
5961.100555555555 1.1490593342981188
5971.112777777777 1.111019226793467
5981.124999999999 1.1773826752119083
5991.137222222222 1.1538488043553166
6001.149444444444 1.1928192405761149
6011.161666666666 1.1873061815174695
6021.1738888888885 1.2050857969816
6031.18611111111 1.1987457790641582
6041.198333333333 1.1576045758390185
6051.210555555555 1.173868100062022
6061.222777777777 1.2099097236579146
6071.235 1.1981255599200606
6081.247222222221 1.2437461236303493
6091.259444444444 1.2120460340431398
6101.2716666666665 1.2305836951278342
6111.283888888888 1.216456481290056
6121.296111111111 1.1805526841706293
6131.3083333333325 1.1798635517882985
6141.320555555555 1.1901316242850253
6151.332777777778 1.1272138377782372
6161.344999999999 0.9953138998001516
6171.357222222222 1.1385156088484598
6181.369444444444 1.1713183102473985
6191.381666666666 1.1272138377782372
6201.393888888888 1.1469230239128938
6211.4061111111105 1.114120322513955
6221.418333333333 1.0645717042243816
6231.430555555555 1.1199090345255325
6241.442777777777 1.146096065054097
6251.455 1.0840052374061058
6261.467222222222 1.107780304596513
6271.479444444444 1.1017848528702363
6281.491666666666 1.1463028047687962
6291.5038888888885 1.0546481979188203
6301.51611111111 1.1197712080490663
6311.528333333333 1.0850389359796018
6321.540555555555 1.111708359175798
6331.552777777777 1.1073668251671145
6341.565 1.082006753497347
6351.577222222221 1.0830404520708428
6361.589444444444 1.1150851078492179
6371.6016666666665 1.057611467162842
6381.613888888888 1.0342843360209497
6391.626111111111 1.0435531665632969
6401.638333333332 1.033009441113638
6411.650555555555 1.0210185376610847
6421.662777777778 1.0343187926400663
6431.674999999999 1.0195024464199574
6441.687222222222 0.9596168423954242
6451.6994444444435 1.001102611811729
6461.711666666666 1.0470677417131833
6471.723888888889 1.0002756529529324
6481.73611111111 1.004203707532217
6491.748333333333 1.008476328302667
6501.760555555555 1.029701605678451
6511.772777777777 0.9934532423678589
6521.785 1.0045482737233824
6531.7972222222215 1.0152987388877404
6541.809444444444 0.9660946867893323
6551.821666666666 1.0089587209702984
6561.833888888888 1.0323203087313073
6571.84611111111 1.1037833367789953
6581.858333333333 1.0740817311005444
6591.870555555555 1.0615395217421266
6601.882777777777 1.0498242712425057
6611.8949999999995 1.0999931086761767
6621.907222222221 1.0910343877058784
6631.919444444444 1.1494728137275172
6641.931666666666 1.1187719660946869
6651.943888888888 1.113086623940459
6661.956111111111 1.1665632968093171
6671.968333333332 1.1018537661084695
6681.980555555555 1.1325890703604162
6691.9927777777775 1.1602921921301081
6702.004999999999 1.186892702088071
6712.017222222222 1.1902005375232583
6722.0294444444435 1.1713872234856317
6732.041666666666 1.2138377782371994
6742.053888888889 1.1488525945834196
6752.06611111111 1.1885466198056647
6762.078333333333 1.1890290124732963
6772.090555555555 1.1951622906760389
6782.102777777777 1.225001722830956
6792.115 1.1346564675074082
6802.1272222222215 1.204672317552202
6812.139444444444 1.216594307766522
6822.151666666666 1.1941285921025429
6832.163888888888 1.2740679484528978
6842.17611111111 1.2432637309627181
6852.188333333333 1.1831024739852525
6862.200555555555 1.2279649920749776
6872.212777777777 1.1915788022879197
6882.224999999999 1.2767555647439874
6892.237222222222 1.131141892357522
6902.249444444444 1.1190476190476193
6912.261666666666 1.1037833367789953
6922.273888888888 1.1381021294190614
6932.286111111111 1.0670525808007718
6942.298333333332 1.1144648887051203
6952.310555555555 1.0785610915856936
6962.322777777777 1.0734615119564468
6972.334999999999 1.088484597891255
6982.347222222222 1.0453449107573565
6992.359444444443 1.0516160154365655
7002.371666666666 1.0494107918131073
7012.383888888889 1.104472469161326
7022.39611111111 1.0836606712149404
7032.408333333333 1.1455447591482326
7042.4205555555545 1.0792502239680244
7052.432777777777 1.0259113775756323
7062.445 1.057473640686376
7072.457222222221 1.0152987388877404
7082.469444444444 1.0421749017986355
7092.481666666666 1.02653159671973
7102.493888888888 1.067259320515471
7112.506111111111 1.037144235407622
7122.5183333333325 1.0398318516987115
7132.530555555555 1.0487216594307767
7142.542777777777 1.0164702639377026
7152.554999999999 1.0314244366342775
7162.567222222222 1.0135069946936808
7172.579444444444 0.9616153263041831
7182.591666666666 0.9521742126662532
7192.603888888888 0.9293639308111089
7202.6161111111105 0.9391496106402041
7212.628333333332 1.0093032871614638
7222.640555555555 1.033974226448901
7232.652777777777 0.9554820481014403
7242.664999999999 0.9810488594859074
7252.677222222222 1.0161256977465372
7262.689444444443 0.9695403487009856
7272.701666666666 1.0172283095582662
7282.7138888888885 1.0150919991730412
7292.72611111111 0.9468678933223073
7302.738333333333 1.0089242643511818
7312.7505555555545 0.9835986493005306
7322.762777777777 1.0418992488457033
7332.775 0.9688512163186548
7342.787222222221 1.0653297498449452
7352.799444444444 1.05216732134243
7362.811666666666 1.0410033767486735
7372.823888888888 1.0446557783750259
7382.836111111111 0.9639583764041072
7392.848333333332 1.032182482254841
7402.860555555555 0.9736751429949694
7412.872777777777 0.9616153263041831
7422.884999999999 0.9646475087864379
7432.897222222222 1.001171525049962
7442.909444444444 0.9536903039073806
7452.921666666666 0.9524498656191854
7462.933888888888 0.9556887878161395
7472.94611111111 0.9567913996278686
7482.958333333332 0.9813245124388396
7492.970555555555 0.9705740472744815
7502.982777777777 0.9733305768038041
7512.994999999999 0.9585142305836952
7523.007222222222 0.9891117083591758
7533.019444444444 0.9274343601405831
7543.031666666666 0.9653366411687685
7553.043888888888 1.0
7563.05611111111 1.0131624285025154
7573.068333333333 1.0012404382881952
7583.080555555554 1.008614154779133
7593.092777777777 0.9237130452759975
7603.104999999999 1.1582937082213494
7613.117222222221 1.1436151884777066
7623.129444444444 1.0107504651643582
7633.1416666666655 1.0822134932120462
7643.153888888888 1.0605058231686306
7653.166111111111 1.5219488663772311
7663.178333333332 1.1281097098752673
7673.190555555555 1.028598993866722
7683.202777777778 1.0268761629108951
7693.214999999999 1.0120942733099028
7703.227222222221 1.109709875267039
7713.2394444444435 1.1190131624285025
7723.251666666666 1.1018537661084695
7733.263888888888 1.098063538005651
7743.27611111111 1.0283922541520227
7753.288333333333 1.0659499689890428
7763.300555555555 1.112948797463993
7773.312777777777 1.0849700227413686
7783.325 1.0727723795741162
7793.3372222222215 1.0877954655089244
7803.349444444443 1.062917786506788
7813.361666666666 1.0899317758941494
7823.373888888888 1.1200124043828819
7833.38611111111 1.0652608366067122
7843.398333333333 1.0795258769209566
7853.410555555555 1.1300392805457928
7863.422777777777 1.1030942043966647
7873.434999999999 1.10681551926125
7883.447222222221 1.1219764316725243
7893.459444444444 0.9996554338088347
7903.471666666665 1.0729791192888154
7913.483888888888 1.14189235752188
7923.496111111111 1.1020605058231687
7933.508333333332 1.070360416235959
7943.520555555555 1.0761491282475364
7953.5327777777775 1.0608848459789126
7963.544999999999 1.042657294466267
7973.557222222221 1.0528564537247607
7983.569444444443 1.1019226793467025
7993.581666666666 1.0933774378058025
8003.593888888888 1.0216387568051823
8013.60611111111 0.9971056439942113
8023.618333333333 1.0408655502722073
8033.630555555555 1.0562332023981806
8043.642777777777 1.0550616773482187
8053.655 1.0720832471917856
8063.667222222221 1.037282061884088
8073.679444444443 1.0760802150093034
8083.691666666666 1.0460684997588037
8093.703888888888 1.039556198745779
8103.71611111111 1.0573358142099099
8113.728333333333 1.043897732754462
8123.740555555555 1.1377575632278962
8133.752777777777 1.0530631934394599
8143.764999999999 1.085383502170767
8153.777222222222 1.1446488870512026
8163.789444444444 1.1038522500172283
8173.801666666665 1.054441458204121
8183.813888888888 1.1371373440837986
8193.82611111111 1.052236234580663
8203.838333333333 1.1077113913582801
8213.850555555555 1.0861070911722142
8223.862777777777 1.069326717662463
8233.875 1.1073668251671145
8243.88722222222 1.1209427330990283
8253.899444444443 1.0851078492178348
8263.911666666667 1.0966163600027565
8273.923888888887 1.066156708703742
8283.93611111111 1.0740128178623114
8293.948333333334 1.0806974019709188
8303.960555555554 1.0407966370339743
8313.972777777777 1.0805595754944526
8323.985 1.0769760871063332
8333.99722222222 1.073668251671146
8344.009444444444 1.0675349734684032
8354.021666666666 0.9622355454482806
8364.033888888887 0.9658879470746331
8374.04611111111 1.0298394321549171
8384.058333333332 0.9937288953207911
8394.070555555554 0.9832540831093655
8404.082777777778 1.006202191440976
8414.095 0.9683688236510234
8424.107222222221 1.0154365653642066
8434.119444444445 0.9575494452484322
8444.131666666664 1.002136310385225
8454.143888888888 1.0064778443939082
8464.156111111111 0.98718213768865
8474.168333333331 0.9980704293294743
8484.180555555555 0.9523809523809524
8494.192777777778 0.9592033629660258
8504.204999999998 0.9747777548066984
8514.217222222222 0.9681620839363242
8524.229444444443 1.0235683274757081
8534.241666666665 0.9919371511267315
8544.253888888888 0.9633381572600096
8554.26611111111 0.9451450623664807
8564.278333333332 0.9686444766039556
8574.290555555555 0.9192336847908484
8584.302777777777 0.9359796016814831
8594.314999999999 0.963682723451175
8604.327222222222 0.9569292261043346
8614.339444444442 0.9521052994280202
8624.351666666666 0.9401833092137001
8634.363888888889 0.9556887878161395
8644.376111111109 0.9744331886155332
8654.388333333332 0.9638894631658742
8664.400555555556 0.9940045482737234
8674.412777777776 0.9884914892150782
8684.425 0.9703673075597823
8694.437222222223 0.9388739576872718
8704.449444444443 0.9126180139204741
8714.461666666666 0.8800909654744677
8724.473888888888 0.9231617393701331
8734.48611111111 0.9218523878437047
8744.498333333333 0.9809799462476742
8754.510555555555 0.9024188546619807
8764.522777777776 0.9789125491006823
8774.535 0.9268141409964855
8784.547222222222 0.931569154434567
8794.559444444443 0.9682309971745573
8804.571666666667 0.9468678933223073
8814.583888888887 0.9453518020811799
8824.59611111111 0.9643029425952726
8834.608333333334 0.9869064847357177
8844.620555555553 0.979601681483013
8854.632777777777 0.9459031079870445
8864.645 0.9718144855626767
8874.65722222222 0.9801529873888774
8884.669444444444 0.8382606298669975
8894.681666666665 0.9561022672455379
8904.693888888887 0.9797395079594791
8914.70611111111 0.9853903934945903
8924.718333333332 0.7951209427330991
8934.730555555554 0.8411549858727861
8944.742777777778 0.8766453035628144
8954.755 0.8702363724071395
8964.76722222222 0.8643787471573289
8974.779444444444 0.883674453862587
8984.791666666664 0.8500447936048516
8994.803888888888 0.868651367927779
