3508.105264116575 2.912041739772832
3518.1157923497267 3.2253208975898047
3528.126320582878 2.154538738572352
3538.1368488160288 2.337519623233909
3548.1473770491802 2.7535321821036107
3558.1579052823317 2.471696370856035
3568.1684335154823 2.8973127712623508
3578.178961748634 2.895419706344076
3588.1894899817853 2.831424877643365
3598.200018214936 2.8578354418690552
3608.2105464480874 2.540123741804414
3618.221074681239 2.7712161787792042
3628.2316029143894 2.830270569766368
3638.242131147541 2.889440391541232
3648.2526593806924 2.250808015513898
3658.263187613843 2.4761750854187827
3668.2737158469945 2.6622495151906915
3678.284244080146 2.5077107766183393
3688.2947723132966 2.500692584726198
3698.305300546448 2.9710961307599963
3708.3158287795995 2.49224305106658
3718.32635701275 3.0582232893157264
3728.3368852459016 3.13994828700711
3738.3474134790526 2.973820297349709
3748.3579417122037 2.6846892603195123
3758.368469945355 2.8105088189121803
3768.378998178506 3.043401976175085
3778.3895264116572 2.733308708098624
3788.4000546448087 3.04155508357189
3798.4105828779598 2.56062424969988
3808.421111111111 3.000738757041278
3818.4316393442623 3.1766552774956134
3828.4421675774133 2.835164835164835
3838.4526958105644 2.5501893064918275
3848.463224043716 2.649182750023086
3858.473752276867 3.1208329485640407
3868.484280510018 3.004571059192908
3878.4948087431694 2.686212946717148
3888.5053369763205 2.7709853172038046
3898.5158652094715 2.635931295595161
3908.526393442623 2.966940622402807
3918.536921675774 2.974166589712808
3928.547449908925 3.0940068335026316
3938.5579781420765 3.073783359497645
3948.5685063752276 3.075907285991319
3958.5790346083786 2.9040077569489333
3968.58956284153 2.505217471604026
3978.6000910746807 2.7403730723058453
3988.610619307832 2.8059377597192725
3998.6211475409837 2.6400868039523497
4008.6316757741342 3.0585003232062054
4018.6422040072857 2.955813094468556
4028.652732240437 2.9038230676886134
4038.663260473588 2.849709114414997
4048.6737887067393 2.9250392464678177
4058.684316939891 2.766044879490258
4068.6948451730414 2.811940160679656
4078.705373406193 2.6447040354603377
4088.7159016393443 2.5776156616492747
4098.726429872495 2.585834333733493
4108.736958105646 2.3361344537815123
4118.747486338798 2.5500046172315076
4128.7580145719485 2.67406962785114
4138.7685428051 2.668575122356635
4148.7790710382515 2.782112845138055
4158.789599271402 2.8500784929356358
4168.8001275045535 2.698771816418875
4178.810655737705 2.737002493305014
4188.821183970856 2.6135838950965
4198.831712204007 2.588096777172407
4208.842240437159 2.6479822698310094
4218.852768670309 2.6335303352110073
4228.863296903461 2.5629790377689536
4238.873825136612 2.4795918367346936
4248.884353369763 2.6452119309262163
4258.894881602914 2.527934250623326
4268.905409836066 2.6092898697940714
4278.915938069216 2.5131129374826853
4288.926466302368 2.5589158740419244
4298.936994535519 2.4278788438452303
4308.94752276867 2.4383599593683627
4318.958051001821 2.316649736817804
4328.968579234973 2.3102548711792408
4338.979107468123 2.2335395696740235
4348.989635701275 2.0070181918921413
4359.000163934426 2.148443992981808
4369.010692167577 2.1948009973220057
4379.021220400728 2.3156339458860464
4389.031748633879 2.2998891864438082
4399.0422768670305 2.2354788069073783
4409.052805100182 2.2856681133992054
4419.0633333333335 2.251131221719457
4429.073861566484 2.2234740049866097
4439.084389799636 2.1159848554806535
4449.094918032786 2.225597931480284
4459.105446265938 2.2035737371871824
4469.115974499089 2.0974928432911626
4479.126502732241 2.1411949395142673
4489.137030965391 2.0918829070089573
4499.147559198543 2.1330224397451287
4509.158087431693 2.1097054206297905
4519.168615664845 2.1417951796103054
4529.179143897996 2.029227075445563
4539.189672131148 2.0453412134084403
4549.200200364298 2.0739680487579646
4559.21072859745 2.029457937020962
4569.2212568306 1.9669406224028072
4579.231785063752 2.036614645858343
4589.242313296903 1.968510481115523
4599.252841530055 1.9346430880044323
4609.263369763205 2.0084495336596175
4619.273897996357 2.029088558500323
4629.2844262295075 1.9704958906639576
4639.294954462659 2.0205466802105456
4649.3054826958105 2.0046634038230677
4659.316010928962 1.974651399021147
4669.326539162113 1.9461169083017822
4679.337067395264 2.0602548711792408
4689.347595628415 1.9275556376396712
4699.358123861566 1.8759349893803676
4709.368652094718 1.8819835626558317
4719.379180327868 1.853449071936467
4729.38970856102 1.8187736633114784
4739.400236794171 1.713639301874596
4749.410765027322 1.798457844676332
4759.421293260473 1.7971188475390156
4769.431821493625 1.771077661833964
4779.442349726775 1.722735247945332
4789.452877959927 1.7581955859266785
4799.463406193078 1.6969710961307598
4809.473934426229 1.7699233539569672
4819.48446265938 1.6797026502908856
4829.494990892532 1.6733308708098624
4839.505519125682 1.6146458583433372
4849.516047358834 1.682519161510758
4859.526575591985 1.5294579370209622
4869.537103825136 1.4603841536614646
4879.5476320582875 1.559054390987164
4889.558160291439 1.5961307599963062
4899.56868852459 1.626465971003786
4909.579216757741 1.660633484162896
4919.5897449908925 1.6614645858343335
4929.600273224043 1.5857881614184133
4939.610801457195 1.5501431341767475
4949.621329690346 1.6420722135007848
4959.631857923497 1.5757687690460798
4969.642386156648 1.646920306584172
4979.6529143898 1.6133068612060208
4989.66344262295 1.5804321728691477
4999.673970856102 1.5873580201311295
5009.684499089253 1.578793055683812
5019.695027322404 1.5773386277587957
5029.705555555555 1.580709206759627
5039.716083788707 1.478021978021978
5049.726612021857 1.5035552682611504
5059.737140255009 1.5532366792870993
5069.74766848816 1.549635238710869
5079.758196721311 1.548019207683073
5089.768724954462 1.512466525071567
5099.779253187614 1.5751223566349615
5109.7897814207645 1.486379167051436
5119.800309653916 1.488226059654631
5129.8108378870675 1.4609382214424231
5139.821366120218 1.4887801274355896
5149.8318943533695 1.445101117370025
5159.842422586521 1.4239080247483606
5169.852950819672 1.421922615199926
5179.863479052823 1.439698956505679
5189.874007285975 1.4076553698402436
5199.884535519125 1.4443623603287468
5209.895063752277 1.4155970080339826
5219.905591985428 1.4380367531628035
5229.916120218579 1.3501246652507157
5239.92664845173 1.3849847631360235
5249.937176684882 1.4027149321266967
5259.947704918032 1.3884015144519344
5269.958233151184 1.3720103425985777
5279.968761384334 1.3457844676332071
5289.979289617486 1.3932034352202418
5299.989817850637 1.3721950318588974
5310.000346083789 1.3707175177763413
5320.010874316939 1.3971742543171115
5330.021402550091 1.3346107673838765
5340.0319307832415 1.3588512328008127
5350.042459016393 1.3562194108412595
5360.0529872495445 1.3023824914581217
5370.063515482696 1.3264844399298181
5380.0740437158465 1.3009511496906454
5390.084571948998 1.2825283959737739
5400.095100182149 1.3103241296518608
5410.1056284153 1.2630898513251454
5420.116156648452 1.324221996490904
5430.126684881602 1.2558869701726845
5440.137213114754 1.256025487117924
5450.147741347905 1.2318773663311477
5460.158269581056 1.1858897405115891
5470.168797814207 1.2849755286730076
5480.179326047359 1.3412134084402991
5490.189854280509 1.2134546126142765
5500.200382513661 1.2446209252931941
5510.210910746812 1.2557946255425247
5520.221438979963 1.2141933696555547
5530.231967213114 1.268168805983932
5540.242495446266 1.2072213500784927
5550.253023679416 1.2137778188198356
5560.263551912568 1.2162249515190688
5570.274080145719 1.1668667466986793
5580.28460837887 1.179564133345646
5590.295136612021 1.213177578723797
5600.305664845173 1.165112198725644
5610.3161930783235 1.2989195678271308
5620.326721311475 1.187459599224305
5630.3372495446265 1.340474651399021
5640.347777777777 1.2739403453689169
5650.358306010929 1.208652691845969
5660.36883424408 1.265814017914858
5670.379362477231 1.2861298365500047
5680.389890710382 1.252608735802013
5690.400418943534 1.2899159663865545
5700.410947176684 1.3243835995936837
5710.421475409836 1.2677532551482131
5720.432003642987 1.2995659802382489
5730.442531876138 1.3053375196232337
5740.453060109289 1.1943854464862869
5750.463588342441 1.2529781143226522
5760.474116575591 1.3412134084402991
5770.484644808743 1.2505309816234185
5780.495173041894 1.2409733124018836
5790.505701275045 1.2315541601255886
5800.516229508196 1.234463015975621
5810.526757741348 1.214008680395235
5820.537285974498 1.230215162988272
5830.54781420765 1.2059746975713361
5840.558342440801 1.242012189491181
5850.568870673952 1.2175639486563854
5860.5793989071035 1.101809954751131
5870.589927140255 1.1547234278326715
5880.600455373406 1.1059654631083202
5890.610983606557 1.1369932588419982
5900.621511839708 1.0752608735802012
5910.632040072859 1.1831194016067965
5920.642568306011 1.1388863237602733
5930.653096539162 1.1381013944039153
5940.663624772313 1.143180349062702
5950.674153005464 1.1325145442792501
5960.684681238615 1.1106288669313877
5970.695209471766 1.1101209714655091
5980.705737704918 1.1078585280265951
5990.716265938069 1.087819743281928
6000.72679417122 1.0818635146366238
6010.737322404371 1.051112752793425
6020.747850637522 1.063948656385631
6030.758378870673 1.0971927232431433
6040.768907103825 1.0945147289685104
6050.779435336976 1.0762304921968786
6060.789963570127 1.098116169544741
6070.800491803278 1.0914211838581587
6080.811020036429 1.0962231046264659
6090.8215482695805 1.0255794625542525
6100.832076502732 1.04169360051713
6110.8426047358835 1.0673192353864622
6120.853132969034 1.063163727029273
6130.8636612021855 1.0407701542155323
6140.874189435336 1.063579277864992
6150.884717668488 1.035598854926586
6160.895245901639 1.0487117924092713
6170.905774134791 1.0085418782897775
6180.916302367941 1.0096038415366146
6190.926830601093 1.009834703112014
6200.937358834243 1.0002308615753994
6210.947887067395 0.9895188844768676
6220.958415300546 1.0
6230.968943533698 0.998845692123003
6240.979471766848 1.0009234463015975
6250.99 0.9969987995198079
6261.00052823315 1.0045710591929078
6271.011056466302 1.002585649644473
6281.021584699453 0.9900729522578262
6291.032112932604 0.9678640687044048
6301.042641165755 1.0043863699325883
6311.053169398907 0.9731277126235108
6321.0636976320575 0.9473635608089389
6331.074225865209 0.9751131221719457
6341.0847540983605 0.9459783913565425
6351.095282331511 0.9361898605596084
6361.1058105646625 0.9517961030566071
6371.116338797814 0.9221073044602456
6381.126867030965 0.9114876719918736
6391.137395264116 0.9149044233077845
6401.147923497268 0.9107027426355158
6411.158451730418 0.9335118662849755
6421.16897996357 0.8974051158925108
6431.179508196721 0.9090867116077199
6441.190036429872 0.895465878659156
6451.200564663023 0.8993443531258657
6461.211092896175 0.8674392834056699
6471.221621129325 0.8614368824452857
6481.232149362477 0.845415089112568
6491.242677595628 0.8661002862683534
6501.253205828779 0.9123649459783912
6511.26373406193 0.8863699325884199
6521.274262295082 0.8360190229938128
6531.284790528232 0.7978114322652137
6541.295318761384 0.8797672915319973
6551.305846994535 0.8990673192353864
6561.316375227686 0.9209991688983286
6571.3269034608375 0.8505402160864346
6581.337431693989 0.8653153569119955
6591.3479599271395 0.8093083387201034
6601.358488160291 0.7904238618524332
6611.3690163934425 0.8455997783728875
6621.379544626593 0.8141564318034906
6631.390072859745 0.8121710222550559
6641.400601092896 0.7898697940714746
6651.411129326047 0.8313325330132053
6661.421657559198 0.7843752885769691
6671.432185792349 0.8148951888447686
6681.4427140255 0.7993351186628497
6691.453242258652 0.811709299104257
6701.463770491803 0.8130482962415735
6711.474298724954 0.8081078585280266
6721.484826958105 0.8209899344353125
6731.495355191256 0.764752054668021
6741.505883424407 0.811339920583618
6751.516411657559 0.8071382399113491
6761.52693989071 0.7964262628128175
6771.537468123861 0.7714932126696832
6781.547996357012 0.7675685658878936
6791.558524590163 0.7560716594330039
6801.569052823314 0.791278049681411
6811.579581056466 0.7922245821405486
6821.590109289617 0.7584726198171576
6831.600637522768 0.7705235940530057
6841.6111657559195 0.7788807830824637
6851.62169398907 0.7578723797211191
6861.632222222222 0.753024286637732
6871.642750455373 0.7519623233908949
6881.653278688525 0.7504848093083386
6891.663806921675 0.7324776064271862
6901.674335154827 0.7518238064456552
6911.684863387977 0.7519623233908949
6921.695391621129 0.7650290885585003
6931.70591985428 0.6978483701172776
6941.716448087432 0.7642672453596823
6951.726976320582 0.7515006002400959
6961.737504553734 0.72347400498661
6971.748032786884 0.7521008403361343
6981.758561020036 0.7471604026225874
6991.769089253187 0.7408347954566441
7001.779617486338 0.7150706436420722
7011.790145719489 0.7043586665435405
7021.800673952641 0.7460060947455904
7031.811202185791 0.711330686120602
7041.821730418943 0.7384800073875704
7051.832258652094 0.7069904885030935
7061.842786885245 0.6873210822790655
7071.8533151183965 0.7214193369655554
7081.863843351548 0.717009880875427
7091.874371584699 0.7226429033151721
7101.88489981785 0.7034352202419428
7111.8954280510015 0.6956782713085233
7121.905956284152 0.6754086249884569
7131.916484517304 0.6872287376489057
7141.927012750455 0.6949395142672453
7151.937540983606 0.686720842183027
7161.948069216757 0.6530612244897959
7171.958597449909 0.6634499953827685
7181.969125683059 0.6567088373811062
7191.979653916211 0.6664511958629605
7201.990182149362 0.6270200387847447
7212.000710382513 0.6562702003878473
7222.011238615664 0.6506602641056421
7232.021766848816 0.6542155323667929
7242.032295081966 0.7277218579739588
7252.042823315118 0.6774863791670513
7262.053351548269 0.6077661833964354
7272.06387978142 0.6544463939421923
7282.074408014571 0.5882352941176471
7292.084936247723 0.6169544740973312
7302.0954644808735 0.6229568750577154
7312.105992714025 0.6164004063163727
7322.1165209471765 0.6455351371317758
7332.127049180327 0.637824360513436
7342.1375774134785 0.6286360698125404
7352.14810564663 0.6358851232800812
7362.158633879781 0.6459045156524147
7372.169162112932 0.6103518330409087
7382.179690346083 0.6330224397451287
7392.190218579234 0.6046264659710037
7402.200746812386 0.6644196139994459
7412.211275045537 0.6293748268538184
7422.221803278688 0.6591097977652599
7432.232331511839 0.6374088096777173
7442.24285974499 0.6513066765167606
7452.253387978141 0.6237879767291531
7462.263916211293 0.6661279896574014
7472.274444444444 0.6483516483516483
7482.284972677595 0.6091975251639117
7492.295500910746 0.6342690922522856
7502.306029143897 0.6457659987071752
7512.316557377048 0.6509834703112014
7522.3270856102 0.6623880321359313
7532.337613843351 0.6422107304460245
7542.348142076502 0.6089204912734324
7552.3586703096535 0.5895281189398837
7562.369198542804 0.6171391633576507
7572.3797267759555 0.6304367901006556
7582.390255009107 0.595807553790747
7592.4007832422585 0.5257641518145719
7602.411311475409 0.6102594884107488
7612.42183970856 0.6098901098901098
7622.432367941711 0.5255563763967125
7632.442896174863 0.616677440206852
7642.453424408014 0.6839966755933141
7652.463952641166 0.7052359405300582
7662.474480874316 0.5528211284513805
7672.485009107467 0.5650567919475482
7682.495537340618 0.5884661556930464
7692.50606557377 0.5588697017268446
7702.516593806921 0.6032412965186075
7712.527122040073 0.5906362545018007
7722.537650273223 0.6115061409179056
7732.548178506374 0.5555452950410933
7742.558706739525 0.5453412134084402
7752.569234972677 0.5945609012835904
7762.579763205828 0.5476498291624342
7772.59029143898 0.5539292640132976
7782.6008196721305 0.5525440945609013
7792.611347905281 0.5212854372518239
7802.6218761384325 0.5512974420537445
7812.632404371584 0.5694893341952165
7822.6429326047355 0.6051805337519622
7832.653460837887 0.5460799704497183
7842.663989071038 0.5660264105642256
7852.674517304188 0.5640410010157909
7862.68504553734 0.5750761843198817
7872.695573770491 0.5461723150798781
7882.706102003643 0.5354141656662664
7892.716630236794 0.560208698864161
7902.727158469945 0.5301274355896204
7912.737686703095 0.6485363376119678
7922.748214936247 0.5470957613814756
7932.758743169398 0.5386000554067781
7942.76927140255 0.5046172315079878
7952.779799635701 0.5247021885677348
7962.790327868852 0.537076369009142
7972.800856102002 0.5733216363468464
7982.811384335154 0.5740142210730446
7992.821912568305 0.5476036568473542
8002.832440801457 0.5469110721211561
8012.842969034608 0.5769692492381567
8022.853497267759 0.5894357743097238
8032.8640255009095 0.5109197525163911
8042.874553734061 0.5548988826299751
8052.8850819672125 0.5636254501800719
8062.895610200364 0.5537445747529781
8072.9061384335155 0.5417859451472896
8082.916666666666 0.5280265952534859
8092.927194899817 0.5404007756948933
8102.937723132968 0.5054945054945055
8112.94825136612 0.5463108320251177
8122.958779599271 0.5283036291439652
8132.969307832423 0.5912364945978391
8142.979836065573 0.5524055776156617
8152.990364298724 0.5687505771539385
8163.000892531875 0.4957521470126512
8173.011420765027 0.49720657493766734
8183.021948998178 0.5565610859728507
8193.032477231329 0.5430787699695263
8203.04300546448 0.49224305106658045
8213.053533697632 0.49778372887616584
8223.064061930781 0.5509742358481854
8233.074590163935 0.5161603102779574
8243.085118397084 0.5209622310462646
8253.095646630238 0.5083571890294579
8263.106174863387 0.5213316095669036
8273.116703096537 0.5260873580201311
8283.12723132969 0.5470034167513159
8293.13775956284 0.5585003232062055
8303.148287795993 0.5576230492196879
8313.158816029143 0.5395465878659156
8323.169344262293 0.5286730076646042
8333.179872495446 0.49496721765629326
8343.190400728596 0.517776341305753
8353.200928961749 0.46532459137501153
8363.211457194899 0.504894265398467
8373.22198542805 0.48079231692677066
8383.232513661202 0.4832856219410841
8393.243041894351 0.41901375934989377
8403.253570127505 0.4737279527195493
8413.264098360654 0.4568658232523778
8423.274626593808 0.4741896758703481
8433.285154826957 0.5097423584818542
8443.295683060107 0.4152830362914396
8453.30621129326 0.45337981346384704
8463.31673952641 0.48148490165296887
8473.327267759563 0.492797118847539
8483.337795992713 0.4395927601809954
8493.348324225864 0.46957244436236034
8503.358852459016 0.45940068335026313
8513.369380692166 0.44755286730076643
8523.379908925319 0.455679194754825
8533.390437158469 0.5027703389047926
8543.400965391622 0.5056330224397452
8553.411493624772 0.44963985594237693
8563.422021857921 0.46375473266229567
8573.432550091075 0.455660725828793
8583.443078324224 0.4458421830270569
8593.453606557377 0.4991227260134823
8603.464134790527 0.4122218118016437
8613.474663023679 0.4201726844583987
8623.48519125683 0.41318681318681316
8633.49571948998 0.4483516483516483
8643.506247723133 0.4894727121617878
8653.516775956283 0.36016252654908115
8663.527304189436 0.38204358666543536
8673.537832422586 0.41689445008772735
8683.548360655735 0.459474559054391
8693.558888888889 0.43543725182380644
8703.569417122038 0.4674485178686859
8713.579945355192 0.41846892603195124
8723.590473588341 0.4359059008218672
8733.601001821493 0.43418598208514175
8743.611530054644 0.4472481300212392
8753.622058287794 0.42769877181641885
8763.632586520947 0.5724443623603287
8773.643114754097 0.5010619632468372
8783.65364298725 0.4161695447409733
8793.6641712204 0.44027611044417764
8803.67469945355 0.4131175547141933
8813.685227686703 0.4063625450180072
8823.695755919853 0.43352110074799144
8833.706284153006 0.46232339089481944
8843.716812386156 0.43100009234463016
8853.727340619307 0.4417397728322098
8863.737868852459 0.44757364484255235
8873.748397085608 0.41635885123280075
8883.758925318762 0.5243328100470958
8893.769453551911 0.3750300120048019
8903.779981785065 0.4499630621479361
8913.790510018214 0.35536984024378976
8923.801038251364 0.4810231785021701
8933.811566484517 0.4039292640132976
8943.822094717667 0.42511773940345365
8953.83262295082 0.3948656385631175
8963.84315118397 0.37531628035829717
8973.853679417121 0.3853679933511866
8983.864207650273 0.39266321913380736
8993.874735883423 0.4252701080432173
