3507.325865209472 -7.639926922438133
3517.3375956284153 5.82295299784089
3527.3493260473588 -6.6060455073907995
3537.3610564663027 13.62979571499751
3547.372786885246 1.3797126723135693
3557.3845173041896 -1.7915213419697726
3567.396247723133 6.744726789569839
3577.407978142077 12.05655206776283
3587.4197085610203 4.7446437468859
3597.431438979964 4.0913469523335
3607.4431693989072 -0.21984304932735427
3617.4548998178507 2.0203869789071582
3627.466630236794 7.65321375186846
3637.478360655738 3.697683109118087
3647.4900910746815 0.4616425842883242
3657.501821493625 -0.30650224215246635
3667.5135519125683 1.4965952499584787
3677.5252823315122 -0.7624564025909318
3687.5370127504557 -1.201295465869457
3697.548743169399 3.0440541438299284
3707.5604735883426 -1.2002159109782429
3717.572204007286 -0.6645490782262083
3727.5839344262295 -0.0828849028400598
3737.5956648451734 0.14787410729114767
3747.607395264117 1.1743481149310746
3757.6191256830602 -0.9206527154957648
3767.6308561020037 -0.3704949343962797
3777.6425865209476 0.6758013619000166
3787.654316939891 1.1427296130210929
3797.6660473588345 1.0319714333167247
3807.677777777778 1.3117837568510216
3817.6895081967214 0.9410396944029231
3827.701238615665 2.795465869456901
3837.7129690346087 0.8059707689752533
3847.724699453552 -1.142542766982229
3857.7364298724956 -0.2515279853844876
3867.748160291439 -2.2946354426175053
3877.759890710383 0.9659524995847867
3887.7716211293264 -0.017438548413884737
3897.78335154827 -1.3736505563859824
3907.7950819672133 0.10081381830260754
3917.8068123861567 -0.5849941870121242
3927.8185428051 0.2785583790068095
3937.830273224044 0.03892791895034048
3947.8420036429875 1.2277445607042021
3957.853734061931 1.2793971101145991
3967.8654644808744 0.03988166417538615
3977.877194899818 0.7046586945690085
3987.8889253187617 1.0926341139345623
3997.900655737705 1.4578143165587114
4007.9123861566486 2.5775203454575655
4017.924116575592 0.9623401428334164
4027.9358469945355 1.3827022089353929
4037.9475774134794 1.197807673143996
4047.959307832423 2.299908653047667
4057.9710382513663 1.6899601395117092
4067.9827686703097 2.432776947350938
4077.994499089253 1.4018020262414883
4088.006229508197 1.970312240491613
4098.0179599271405 1.8208769307424015
4108.029690346084 1.433939544926092
4118.041420765028 0.4327769473509384
4128.053151183971 1.2827188174721809
4138.064881602915 1.1459059956817803
4148.076612021858 0.689960139511709
4158.088342440802 2.14050822122571
4168.100072859745 0.8819963461219067
4178.111803278689 1.1711509715994022
4188.1235336976315 1.3488207938880585
4198.135264116576 0.20417289486796214
4208.14699453552 0.06167164922770305
4218.158724954463 0.7592592592592593
4228.170455373407 0.9696478990200964
4238.18218579235 -0.16571998006975586
4248.193916211294 0.6855588772629132
4258.2056466302365 0.605298123235343
4268.217377049181 0.05755688423849859
4278.229107468123 0.7075651885068925
4288.240837887068 1.33212921441621
4298.25256830601 0.7539445274871285
4308.264298724955 0.9388805846204951
4318.276029143899 0.7946769639594752
4328.2877595628415 -0.5954160438465371
4338.299489981786 0.7310662680617838
4348.311220400728 0.6420860322205614
4358.322950819673 1.3640591263909652
4368.334681238615 0.6596910812157449
4378.34641165756 1.0211343630626142
4388.358142076502 1.138307590101312
4398.3698724954465 0.839229363893041
4408.381602914391 0.6490616176714832
4418.393333333333 1.3066351104467697
4428.405063752278 0.26867629961800366
4438.41679417122 0.34696478990200963
4448.428524590165 0.6109035044012623
4458.440255009107 1.465122072745391
4468.451985428052 0.2927711343630626
4478.463715846994 0.14561534628799205
4488.475446265938 0.5584828101644246
4498.487176684881 0.16046337817638268
4508.498907103825 0.6587776116924099
4518.51063752277 0.5519431988041853
4528.522367941712 0.301104467696396
4538.534098360657 0.33129048330842054
4548.545828779599 0.224817306095333
4558.5575591985435 0.9088191330343798
4568.569289617486 0.7243398106626806
4578.58102003643 0.7758677960471683
4588.592750455373 0.4928998505231689
4598.604480874317 0.44830592924763335
4608.616211293261 0.8478658030227537
4618.627941712204 0.9317389138016942
4628.6396721311485 2.070254110612855
4638.651402550091 1.1362315230028235
4648.663132969035 1.52192326856004
4658.674863387978 2.1028898854010967
4668.686593806922 2.5013286829430332
4678.698324225865 2.105090516525494
4688.710054644809 1.8060953330011627
4698.721785063752 2.2787742899850523
4708.733515482696 1.8971516359408735
4718.74524590164 2.4995432652383327
4728.756976320583 1.6662929745889388
4738.768706739527 2.069049991695732
4748.78043715847 1.8668825776449096
4758.792167577414 1.4051652549410396
4768.803897996357 0.9271508055140342
4778.815628415301 0.9000996512207275
4788.827358834244 0.6393871449925262
4798.839089253188 0.8430908486962299
4808.850819672131 0.40822122571001496
4818.862550091075 0.4644577312738748
4828.874280510019 0.858412223883076
4838.886010928962 0.8427171566185019
4848.897741347906 0.5986131871782097
4858.909471766849 0.7260006643414715
4868.921202185793 1.256601893373194
4878.9329326047355 0.6042600896860987
4888.94466302368 0.8929164590599569
4898.956393442622 0.9928583291811992
4908.968123861567 1.6217820959973428
4918.979854280511 1.3381082876598573
4928.991584699454 1.3992277030393623
4939.003315118398 1.0409815645241653
4949.0150455373405 0.7418618169739246
4959.026775956285 0.35389054974256773
4969.038506375227 0.6938631456568677
4979.050236794172 1.4701876764657034
4989.061967213114 0.8952831755522339
4999.073697632059 0.9816890881913304
5009.085428051002 1.6795382826772962
5019.0971584699455 1.8882245474173727
5029.10888888889 2.0055638598239494
5039.120619307832 1.7435641919946854
5049.132349726777 1.5229197807673143
5059.144080145719 2.104758345789736
5069.155810564664 1.9116010629463547
5079.167540983606 1.363685434313237
5089.1792714025505 1.505107125062282
5099.191001821493 1.3361983059292477
5109.202732240437 0.9743398106626807
5119.214462659382 1.0281929911974756
5129.226193078324 0.8737335990699219
5139.237923497269 1.094544095665172
5149.249653916211 0.699634612190666
5159.2613843351555 1.0736588606543764
5169.273114754098 0.7105132037867464
5179.284845173042 0.8213336655040692
5189.296575591985 0.8284960969938548
5199.308306010929 0.9059541604384654
5209.320036429873 0.8703288490284006
5219.331766848816 0.6438714499252616
5229.3434972677605 1.15877761169241
5239.355227686703 0.6750954990865304
5249.366958105647 0.9524580634446105
5259.37868852459 0.9417455572164093
5269.390418943534 1.4060787244643749
5279.402149362477 0.9311991363560871
5289.413879781421 1.0214665337983726
5299.425610200364 1.5057714665337985
5309.437340619308 1.2389968443780104
5319.449071038252 0.9661601062946356
5329.460801457195 1.3403296794552402
5339.472531876139 1.6001079554891215
5349.484262295082 1.6458644743398108
5359.495992714026 1.5826274705198473
5369.507723132969 1.5661850190998172
5379.519453551913 0.9218153130709185
5389.531183970856 1.2813070918452085
5399.5429143898 1.6707357581797042
5409.554644808743 1.7881581132702211
5419.566375227687 1.9908653047666502
5429.578105646631 1.8221640923434645
5439.589836065574 1.4252200631124399
5449.601566484518 1.3016110280684272
5459.613296903461 1.4943946188340809
5469.625027322405 1.6127719647899021
5479.6367577413475 0.9724713502740411
5489.648488160292 1.975170237502076
5499.660218579234 1.842883241986381
5509.671948998179 1.7793555887726293
5519.683679417122 1.7076897525328019
5529.695409836066 1.6715661850191
5539.70714025501 2.284005979073244
5549.718870673953 1.938714499252616
5559.730601092897 2.1625145324696895
5569.742331511839 2.766857664839728
5579.754061930784 2.8930410230858663
5589.765792349726 1.9140923434645407
5599.777522768671 2.9557797708021925
5609.789253187614 2.415005812987876
5619.800983606558 2.248525992360073
5629.812714025501 2.841056302939711
5639.824444444444 2.4966782926424185
5649.836174863389 2.25186846038864
5659.847905282331 1.9041687427337655
5669.859635701276 2.2835077229696066
5679.871366120218 2.4446935724962633
5689.883096539163 2.4566932403255275
5699.894826958106 2.3590350440126224
5709.9065573770495 1.8132370038199634
5719.918287795993 1.8547583457897359
5729.930018214936 1.600190998173061
5739.941748633881 1.3491529646238167
5749.953479052823 1.565520677628301
5759.965209471768 1.131601893373194
5769.97693989071 1.4809001826939048
5779.9886703096545 1.0875685102142503
5790.000400728597 0.777736256435808
5800.012131147541 1.1818219564856336
5810.023861566485 0.653670486630128
5820.035591985428 1.1102806842717157
5830.047322404372 0.7095582129214417
5840.059052823315 1.1715661850191
5850.0707832422595 0.9256767978741074
5860.082513661202 1.6039279189503404
5870.094244080146 1.785749875435974
5880.105974499089 1.6018933731938219
5890.117704918033 1.8640176050489954
5900.129435336977 1.7660479986713171
5910.14116575592 2.289818966949012
5920.152896174864 1.779563195482478
5930.164626593807 2.3096246470685933
5940.176357012751 1.9264657033715333
5950.188087431694 2.4818551735592096
5960.199817850638 1.750913469523335
5970.211548269581 2.013162265404418
5980.223278688525 1.9061202458063446
5990.235009107468 2.5785583790068096
6000.246739526412 2.4911144328184687
6010.2584699453555 1.942534462713835
6020.270200364299 2.4743813320046506
6030.281930783242 2.0455489121408403
6040.293661202186 1.510048164756685
6050.30539162113 1.7766982228865638
6060.317122040073 1.538158113270221
6070.328852459017 1.5726623484471018
6080.34058287796 1.5320544760006645
6090.352313296904 1.3498173060953331
6100.364043715847 1.3604052482976252
6110.375774134791 0.9902424846371035
6120.387504553734 0.9782843381498091
6130.399234972678 1.5039445274871286
6140.410965391622 1.045839561534629
6150.422695810565 1.1813237003819963
6160.434426229509 1.0280684271715663
6170.4461566484515 1.3754359740906827
6180.457887067396 1.2844211924929414
6190.469617486338 1.3699551569506727
6200.481347905283 1.0544344793223717
6210.493078324226 1.1393041023085866
6220.50480874317 1.7610861983059292
6230.516539162113 1.522836738083375
6240.5282695810565 1.4442368377345955
6250.540000000001 1.2664839727619996
6260.551730418943 1.3707855837900682
6270.563460837888 0.9320295631954825
6280.57519125683 1.010421856834413
6290.586921675775 1.134487626640093
6300.598652094718 2.0641504733432985
6310.6103825136615 1.2953828267729615
6320.622112932605 1.4598073409732604
6330.633843351548 1.7606709848862316
6340.645573770493 1.3114515861152634
6350.657304189435 1.3858578309250955
6360.66903460838 1.6668742733765156
6370.680765027322 1.4160023251951503
6380.692495446267 0.9638349111443282
6390.704225865209 0.8679621325361235
6400.715956284153 1.2564773293472846
6410.727686703097 1.1078309250954992
6420.73941712204 0.9414549078226209
6430.751147540984 1.251287161601063
6440.762877959927 1.5645656867629962
6450.774608378872 1.7351768809167913
6460.786338797814 1.3710969938548416
6470.798069216758 1.5831672479654544
6480.809799635701 1.4562780269058295
6490.821530054645 1.6118169739245973
6500.833260473589 1.9016359408736092
6510.844990892532 1.9363062614183693
6520.856721311476 1.7320627802690585
6530.868451730419 1.9035044012622486
6540.8801821493635 2.057673143996014
6550.891912568306 2.1355256601893373
6560.90364298725 2.066517189835576
6570.915373406193 1.6356502242152466
6580.927103825137 2.2849609699385485
6590.93883424408 1.9433648895532303
6600.950564663024 2.334454409566517
6610.962295081968 2.1569921939877097
6620.974025500911 1.824655372861651
6630.9857559198545 1.830842052815147
6640.997486338798 2.162223883075901
6651.009216757742 1.652549410396944
6661.020947176685 1.8434230194319883
6671.032677595629 1.4765819631290484
6681.044408014572 1.578309250954991
6691.056138433516 1.6037203122404917
6701.0678688524595 1.1112771964789903
6711.079599271403 1.2860405248297626
6721.091329690346 1.3337485467530312
6731.10306010929 0.9599734263411394
6741.114790528234 0.9081132702208936
6751.126520947177 0.799451918285999
6761.138251366121 1.0440541438299287
6771.149981785064 0.6650473343298455
6781.161712204008 0.5632370038199636
6791.1734426229505 0.3638349111443282
6801.185173041895 0.5513619000166086
6811.196903460838 0.7909400431821957
6821.208633879782 0.7726706527154958
6831.220364298725 0.3750207606709849
6841.232094717669 0.5222139179538283
6851.243825136613 0.4386314565686763
6861.2555555555555 0.6542102640757349
6871.2672859745 0.5223384819797376
6881.279016393442 0.39676548746055473
6891.290746812387 0.7937219730941705
6901.30247723133 1.9278774289985052
6911.314207650274 0.3775286497259592
6921.325938069217 0.8209599734263412
6931.3376684881605 0.433026075402757
6941.349398907105 0.24041687427337652
6951.361129326047 0.5327603388141504
6961.372859744992 0.40512373359906995
6971.384590163934 0.24826440790566354
6981.396320582879 0.5972845042351769
6991.408051001821 0.46645075568842387
7001.4197814207655 0.42646570337153294
7011.431511839709 0.7395366218236173
7021.443242258652 0.6123982727121742
7031.454972677596 0.3768103305098821
7041.466703096539 0.6311659192825112
7051.478433515484 0.4461883408071749
7061.490163934426 0.8228284338149809
7071.5018943533705 0.3731273874771633
7081.513624772313 0.8424265072247136
7091.525355191257 1.0698804185351272
7101.537085610201 0.9730526490616178
7111.548816029144 0.7820544760006644
7121.560546448088 0.8462049493439627
7131.572276867031 0.8950340475004154
7141.5840072859755 0.8655123733599069
7151.595737704918 0.8632702208935393
7161.607468123862 0.6721890051486464
7171.619198542805 0.9710596246470685
7181.630928961749 0.8471184188672979
7191.642659380692 0.9446105298123235
7201.654389799636 0.8749377179870454
7211.66612021858 1.347990367048663
7221.677850637523 1.3760172728782596
7231.6895810564665 0.9606792891546255
7241.70131147541 1.1968111609367216
7251.713041894354 1.4223550905165256
7261.724772313297 1.4890383657199802
7271.736502732241 1.48542600896861
7281.748233151184 1.086862647400764
7291.759963570128 0.945067264573991
7301.7716939890715 1.2877844211924931
7311.783424408015 1.472969606377678
7321.795154826958 1.2670652715495765
7331.806885245902 0.5976581963129048
7341.818615664845 1.412971267231357
7351.830346083789 1.543057631622654
7361.842076502733 1.3122820129546586
7371.853806921676 1.4106045507390799
7381.86553734062 1.537244643746886
7391.8772677595625 1.1822786912473011
7401.888998178507 1.0592094336488957
7411.90072859745 1.250166085367879
7421.912459016394 0.9537452250456736
7431.924189435337 1.322828433814981
7441.935919854281 0.908403919614682
7451.947650273225 1.2229280850357085
7461.9593806921675 0.9259674472678958
7471.971111111112 1.571707357581797
7481.982841530054 0.8702873276864309
7491.994571948999 1.3320461717322705
7502.006302367941 1.275037369207773
7512.018032786886 1.0678043514366384
7522.029763205829 2.074738415545591
7532.041493624773 2.0009549908653046
7542.053224043716 0.9640425178541772
7552.064954462659 1.081589436970603
7562.076684881604 1.2100979903670488
7572.088415300546 1.5865719980069757
7582.100145719491 1.0
7592.111876138433 0.9444859657864143
7602.123606557378 1.3208354094004318
7612.135336976321 1.6601062946354428
7622.1470673952645 1.2075236671649228
7632.158797814208 0.6313735259923601
7642.170528233151 0.9002242152466368
7652.182258652095 1.2282428168078392
7662.193989071038 0.9950589603055972
7672.205719489983 0.8833250290649395
7682.217449908926 0.9652466367713005
7692.2291803278695 0.8906327852516194
7702.240910746813 0.8577894037535294
7712.252641165756 1.0911393456236507
7722.2643715847 0.3652092675635277
7732.276102003643 0.8878508553396447
7742.287832422587 1.120619498422189
7752.29956284153 1.2187344294967615
7762.311293260474 1.56751370204285
7772.323023679417 0.42177379172894874
7782.334754098361 1.4349360571333667
7792.346484517305 1.489453579139678
7802.358214936248 1.0876515528981896
7812.369945355192 1.19888722803521
7822.381675774135 1.2480484969274206
7832.393406193079 1.159151303770138
7842.405136612022 1.1434562365055638
7852.4168670309655 1.4607208104965952
7862.428597449909 0.49231855173559214
7872.440327868853 1.287223883075901
7882.452058287797 1.0902673974422854
7892.46378870674 0.7669822288656369
7902.475519125684 1.0028649725959142
7912.487249544627 0.6642999501743897
7922.4989799635705 1.3510629463544261
7932.510710382514 1.0976997176548746
7942.522440801457 0.9615927586779606
7952.534171220401 0.8147317721308753
7962.545901639344 1.0126224879588108
7972.557632058288 1.0170652715495765
7982.569362477232 0.6912057797708022
7992.5810928961755 0.7813486131871782
8002.592823315119 0.9451503072579306
8012.604553734062 0.500718319216077
8022.616284153006 0.7627470519847201
8032.628014571949 0.2200174389636273
8042.639744990893 0.8312987875768145
8052.651475409836 0.9429911974755025
8062.66320582878 0.6543763494436141
8072.674936247724 0.3709433648895532
8082.686666666667 0.48102474671981404
8092.698397085611 0.25488290981564526
8102.710127504554 0.2940749045009135
8112.721857923498 0.11351934894535791
8122.733588342441 0.4256767978741073
8132.745318761385 0.5028234512539446
8142.757049180328 0.4579388805846205
8152.7687795992715 0.683586613519349
8162.780510018215 0.47587610031556216
8172.792240437158 0.6767563527653214
8182.803970856103 0.3043099152964624
8192.815701275045 0.7725045673476167
8202.82743169399 0.17475917621657533
8212.839162112934 0.45648563361567845
8222.850892531877 0.3263120744062448
8232.862622950819 0.6180036538780933
8242.874353369763 0.531929911974755
8252.886083788708 1.1323700381996347
8262.89781420765 0.6055057299451918
8272.909544626595 0.5859906992193988
8282.921275045537 0.6791230692575985
8292.933005464482 0.3118024414549078
8302.944735883426 0.18166417538614849
8312.956466302368 0.7155372861650889
8322.968196721311 0.43398106626806177
8332.979927140255 0.3831963129048331
8342.9916575592 0.7325195150307259
8353.003387978142 0.11828599900348781
8363.015118397085 0.2845623650556386
8373.026848816029 -0.2440458395615346
8383.038579234973 0.6004816475668494
8393.050309653918 0.4033922936389304
8403.06204007286 0.0670611194153795
8413.073770491803 0.3224298289320711
8423.085500910747 0.30648978574987545
8433.097231329692 0.8206485633615679
8443.108961748634 0.6224879588108289
8453.120692167577 0.3073409732602558
8463.132422586521 0.08578309250954992
8473.144153005465 0.36582793555887727
8483.15588342441 0.3510463378176383
8493.167613843352 0.608952001328683
8503.179344262295 0.5184769971765487
8513.19107468124 0.5570503238664674
8523.202805100183 0.23621906660023254
8533.214535519126 0.6114432818468692
8543.226265938069 0.3704700215910979
8553.237996357013 0.22353844876266402
8563.249726775957 0.15482477993688756
8573.2614571949 0.5550157781099485
8583.273187613844 0.4101851851851852
8593.284918032787 0.5825444278359077
8603.296648451731 -0.003441953163926258
8613.308378870675 0.7776947350938382
8623.320109289618 0.4814814814814815
8633.33183970856 0.8442949676133532
8643.343570127505 0.6440790566351104
8653.35530054645 0.7851685766483973
8663.367030965392 0.20766483972762
8673.378761384334 0.38413884736754694
8683.390491803279 0.8572081049659525
8693.402222222223 0.5135774788241156
8703.413952641167 0.5247882411559542
8713.42568306011 0.7921856834412889
8723.437413479052 0.5693821624314898
8733.449143897997 0.7115927586779605
8743.460874316941 0.9598073409732603
8753.472604735884 1.1920362066101977
8763.484335154826 1.9209433648895535
8773.49606557377 0.7922272047832586
8783.507795992715 0.7842551071250623
8793.51952641166 0.3794510878591596
8803.531256830602 0.8643082544427836
8813.542987249544 1.4853014449427007
8823.554717668489 0.7166998837402425
8833.566448087433 1.9338980235841225
8843.578178506375 0.9644577312738748
8853.589908925318 1.0758802524497593
8863.601639344262 0.9353512705530643
8873.613369763207 0.6309167912306927
8883.62510018215 1.1713170569672813
8893.636830601094 1.0296047168244478
8903.648561020036 0.5223800033217074
8913.66029143898 0.8025244975917623
8923.672021857925 1.381954824779937
8933.683752276867 1.1661268892210597
8943.69548269581 0.15886065437634944
8953.707213114754 0.49613851519681124
8963.718943533699 1.072081049659525
8973.730673952641 0.2563610695897691
8983.742404371586 0.624813153961136
8993.754134790528 0.34253031057963795
