3507.325919854281 0.0730150459193643
3517.3377595628417 -1.0674135348140428
3527.3495992714024 0.0028514948218589195
3537.361438979964 2.4277339933563473
3547.373278688525 0.4585878981306585
3557.3851183970855 0.6162704357454569
3567.396958105647 0.8351462254933889
3577.408797814208 2.0135478408128704
3587.4206375227686 0.04200416856640396
3597.43247723133 2.226274995114961
3607.444316939891 2.9391649840422067
3617.4561566484517 1.05412622940142
3627.467996357013 0.5729759656093271
3637.479836065574 1.4982739529733602
3647.491675774135 1.6474956034651207
3657.503515482696 1.1602292711522177
3667.515355191257 1.4221324822510255
3677.527194899818 1.6682081677847975
3687.5390346083786 0.18072038038168434
3697.5508743169403 0.704683123819449
3707.562714025501 2.092620334787989
3717.5745537340617 1.7382921904513775
3727.5863934426234 1.200286588940272
3737.598233151184 1.8047287175144922
3747.610072859745 0.8375561779456784
3757.6219125683065 0.4009704943659219
3767.633752276867 1.873282094704618
3777.645591985428 0.9599426822119455
3787.6574316939896 0.4314987298899237
3797.6692714025503 1.220087279359083
3807.681111111111 0.6270566013157037
3817.6929508196727 0.31294209600729495
3827.7047905282334 0.9234025923272323
3837.716630236794 0.474636878785905
3847.7284699453553 -0.04055949977203152
3857.7403096539165 0.21109229466553767
3867.752149362477 1.1342408649775289
3877.7639890710384 0.3579691265550707
3887.7758287795996 1.0701491565166417
3897.7876684881603 0.48074643392170907
3907.7995081967215 1.116557024685729
3917.8113479052827 1.02325278447209
3927.8231876138434 0.79424216765453
3937.835027322404 0.3446166872923858
3947.8468670309658 0.7728131309841725
3957.8587067395265 0.0699798085064808
3967.870546448087 0.8744870709307626
3977.882386156649 0.6169413144010942
3987.8942258652096 1.5133850061877157
3997.9060655737703 0.8280466358366443
4007.917905282332 0.8477821924053931
4017.9297449908927 1.0438350810916432
4027.9415846994534 1.5526607177750276
4037.953424408015 1.6317332117501464
4047.965264116576 1.7143880674786685
4057.9771038251365 1.5794958640005208
4067.988943533698 1.753859180616166
4078.000783242259 2.56002084283202
4088.0126229508196 2.640851950758809
4098.024462659381 1.8443300983521134
4108.036302367942 2.062072559108969
4118.048142076503 1.6954341171106624
4128.059981785063 2.264443431251221
4138.071821493625 2.003647495603465
4148.083661202186 1.9349312837881845
4158.095500910747 0.995245228945483
4168.107340619308 1.3535139712108384
4178.119180327869 1.1814629062723898
4188.13102003643 1.5924575001628345
4198.142859744991 2.0537354263010483
4208.154699453552 1.699732951214746
4218.166539162114 2.080896241776851
4228.178378870674 1.7662346121279227
4238.190218579235 2.353025467335374
4248.202058287796 1.7896176643001365
4258.2138979963565 2.2478342994854423
4268.225737704918 2.167980199309581
4278.23757741348 2.2557154953429297
4288.2494171220405 1.9635250439653487
4298.261256830601 2.6255454959942677
4308.273096539162 2.0174558718165834
4318.284936247723 1.8813912590373216
4328.296775956284 1.7281964436917867
4338.308615664845 1.9762912785774764
4348.320455373407 2.0220152413209145
4358.3322950819675 1.9957662997459777
4368.344134790528 1.9891226470396663
4378.355974499089 1.8593108838663452
4388.367814207651 1.6396144076076336
4398.379653916211 2.4360059923142057
4408.391493624773 1.7550967237673416
4418.403333333334 1.9716667752230832
4428.415173041894 2.2961636162313552
4438.427012750455 1.833550446166873
4448.438852459017 1.1419917931348922
4458.4506921675775 1.4369830000651338
4468.462531876139 1.1145704422588418
4478.4743715847 1.025402201524132
4488.486211293261 1.257669510844786
4498.498051001821 1.3141405588484334
4508.509890710382 1.1436201393864391
4518.521730418944 1.362209340194099
4528.533570127505 1.1572331140493712
4538.545409836066 1.0276818862762978
4548.557249544627 1.0209079658698625
4558.5690892531875 1.4341822445124732
4568.580928961748 1.1424477300853253
4578.59276867031 0.9100827199895786
4588.6046083788715 1.0484595844460365
4598.616448087432 1.3730215593043704
4608.628287795993 1.556177945678369
4618.640127504554 1.3479450270305477
4628.651967213114 1.1442063440369958
4638.663806921676 1.5006839054256496
4648.675646630237 1.6879437243535464
4658.687486338798 2.1136585683579754
4668.699326047359 1.7375757181006968
4678.71116575592 1.340975705073927
4688.723005464481 1.862111639419006
4698.734845173041 1.809483488569009
4708.746684881603 1.6746889858659546
4718.758524590165 2.125773464469485
4728.770364298725 1.8511040187585488
4738.782204007286 2.059141535856184
4748.794043715847 1.8012114896111509
4758.8058834244075 1.9775288217286522
4768.817723132969 1.5897870123102975
4778.829562841531 1.6562235393734124
4788.8414025500915 1.6597407672767537
4798.853242258652 1.7011007620660454
4808.865081967213 1.7842115547450008
4818.876921675774 1.8718165830782256
4828.888761384335 1.5617143229336286
4838.900601092897 1.6955643848107862
4848.912440801458 1.4562626196834492
4858.924280510018 1.8743568032306388
4868.936120218579 1.714192665928483
4878.94795992714 1.456458021233635
4888.9597996357015 1.0393408454373736
4898.971639344262 1.383833778414642
4908.983479052824 1.2262749951149612
4918.995318761385 1.6047026639744673
4929.007158469945 0.9785709633296423
4939.018998178506 1.4653813586921123
4949.030837887067 1.1393213052823552
4959.042677595628 1.1795088907705333
4969.05451730419 1.1847847326255454
4979.066357012751 0.8427017521005666
4989.0781967213115 0.8809353220868885
4999.090036429872 0.887057903992705
5009.101876138433 1.085325343581059
5019.113715846995 0.934214811437504
5029.125555555556 0.8563798606135608
5039.137395264117 0.8212075815801471
5049.149234972678 0.8916824073470982
5059.1610746812385 0.9591610760112029
5069.172914389799 1.0787468247248093
5079.184754098361 0.9335634729368852
5089.1965938069225 1.0484595844460365
5099.208433515483 0.8944831628997589
5109.220273224044 1.094313814889598
5119.232112932605 0.9312837881847195
5129.243952641165 0.9914023317918321
5139.255792349727 0.7648016674265615
5149.267632058288 1.0
5159.279471766849 0.8901191949456132
5169.29131147541 0.8526020973099719
5179.303151183971 1.0203868950693675
5189.314990892532 1.004754771054517
5199.326830601093 0.8500618771575587
5209.338670309654 0.911939034716342
5219.350510018216 0.830261186738748
5229.362349726776 1.036605223734775
5239.374189435337 0.8539047743112095
5249.386029143898 0.9142187194685077
5259.3978688524585 1.0033218263531556
5269.40970856102 1.048850387546408
5279.421548269582 1.069367550315899
5289.4333879781425 1.151566469093988
5299.445227686703 1.1438806747866865
5309.457067395264 1.1209535595649058
5319.468907103825 1.1365205497296944
5329.480746812386 1.0726893766690548
5339.492586520948 1.3242363056080244
5349.504426229509 1.5245228945482965
5359.516265938069 1.3540676089363641
5369.52810564663 1.617078095486224
5379.539945355191 1.5737966521201066
5389.5517850637525 1.3056731583403893
5399.563624772313 1.2999413795349442
5409.575464480875 1.0471569074447988
5419.587304189436 1.260274864847261
5429.599143897996 1.3390868234221323
5439.610983606557 1.6899628737054644
5449.622823315119 1.2731713671595128
5459.634663023679 1.3394776265225037
5469.646502732241 1.46218980003908
5479.658342440802 1.2833322477691655
5489.6701821493625 1.2406695759786361
5499.682021857923 1.0648081808115677
5509.693861566484 1.0896567446101737
5519.705701275046 1.034390672832671
5529.717540983607 1.1644629714062398
5539.729380692168 1.069432684165961
5549.741220400729 1.0718426366182503
5559.753060109289 1.2499185826874226
5569.76489981785 1.0708656288673222
5579.776739526412 0.9162378688204259
5589.788579234973 1.028593760177164
5599.800418943534 1.1599036019019082
5609.812258652095 1.26717905295382
5619.824098360656 1.4767797824529407
5629.835938069216 1.2469875594346382
5639.847777777777 1.3803165505113006
5649.85961748634 1.5311991141796393
5659.8714571949 1.32964241516316
5669.883296903461 1.512603399986973
5679.895136612022 1.144792548687553
5689.9069763205825 1.7244186803881976
5699.918816029143 1.6129095290822641
5709.930655737706 1.5300592718035562
5719.942495446267 1.1661564515078486
5729.954335154827 0.9956360320458542
5739.966174863388 1.3915847065720053
5749.978014571949 1.5737640851950756
5759.9898542805095 1.2161792483553702
5770.001693989071 1.3782974011593823
5780.013533697633 1.3792418419852797
5790.0253734061935 1.5096723767341886
5800.037213114754 1.4650556894418028
5810.049052823315 2.0040382987038363
5820.060892531876 1.726893766690549
5830.072732240437 1.8513645541587962
5840.084571948999 1.7748322803360905
5850.09641165756 1.800104214160099
5860.10825136612 1.5869211229075748
5870.120091074681 1.6751774897414184
5880.131930783242 1.844069562951866
5890.143770491803 1.7573112746694455
5900.155610200365 1.839835862697844
5910.167449908926 1.8152478342994853
5920.179289617487 1.7877287826483421
5930.191129326047 2.0700840226665798
5940.202969034608 1.8664756073731519
5950.214808743169 1.6278903145964956
5960.226648451731 2.055754575652967
5970.238488160292 1.5506415684231094
5980.250327868853 1.756985605419136
5990.2621675774135 1.4683775157949586
6000.274007285974 1.7763303588875137
6010.285846994535 1.6463883280140688
6020.297686703097 1.8057708591154824
6030.309526411658 1.7545756529668468
6040.321366120219 1.7366638441998306
6050.33320582878 1.689669771380186
6060.34504553734 1.7627173842245816
6070.356885245901 1.7474109294600402
6080.368724954463 1.6327102195010745
6090.380564663024 1.702468572917345
6100.392404371585 1.5432163095160554
6110.404244080146 1.6957597863609717
6120.416083788707 1.7318439392952516
6130.427923497267 1.6618250504787337
6140.439763205828 1.8014068911613363
6150.451602914391 1.5869211229075748
6160.463442622951 1.6397446753077574
6170.475282331512 1.631016739399466
6180.487122040073 1.7264703966651467
6190.4989617486335 1.3855923923663127
6200.510801457194 1.366443040448121
6210.522641165757 1.5204845958444604
6220.5344808743175 1.5060248811307233
6230.546320582878 1.4472741483749103
6240.558160291439 1.4907184263661823
6250.57 1.592131830912525
6260.58183970856 1.327688399661304
6270.593679417122 1.0916433270370611
6280.605519125684 1.4193968605484268
6290.617358834244 1.061356086758288
6300.629198542805 0.90562105126034
6310.641038251366 0.8105907640200611
6320.652877959927 0.8337132807920276
6330.664717668488 0.8638051195206148
6340.67655737705 0.6149417052041946
6350.688397085611 0.5118478473262554
6360.700236794171 0.7085911548231616
6370.712076502732 0.7052693284700058
6380.723916211293 0.6152869146095226
6390.735755919854 0.6340715169673679
6400.747595628416 0.5826288021884973
6410.759435336977 0.8755943463818145
6420.771275045538 0.7666254152282941
6430.783114754098 0.652185240669576
6440.794954462659 0.7002540220152412
6450.80679417122 0.7953494431055819
6460.818633879782 0.8523415619097244
6470.830473588343 0.7148440044291017
6480.842313296904 1.0882563668338434
6490.8541530054645 1.1320914479254869
6500.865992714025 1.142122060835016
6510.877832422586 1.2243861134631666
6520.889672131148 1.1883019605288867
6530.901511839709 1.1014134045463426
6540.91335154827 1.1518921383442975
6550.925191256831 1.254412818341692
6560.937030965391 1.4668794372435354
6570.948870673952 1.1662867192079722
6580.960710382514 1.4417703380446818
6590.972550091075 1.4033087995831433
6600.984389799636 1.4248681039536248
6610.996229508197 1.467009704943659
6621.008069216758 1.4524197225297988
6631.019908925318 1.3489220347814759
6641.03174863388 1.442649645020517
6651.043588342442 1.342929720575783
6661.055428051002 1.3105581970950304
6671.067267759563 1.1037582231485703
6681.079107468124 1.2886080896241776
6691.0909471766845 1.3956230052758418
6701.102786885245 1.5081091643327036
6711.114626593808 1.50693675503159
6721.1264663023685 1.6009574675959093
6731.138306010929 1.435745456913958
6741.15014571949 1.2193056731583403
6751.161985428051 1.3528951996352505
6761.173825136611 1.3192861330033219
6771.185664845173 1.3224125578062917
6781.197504553735 1.2504396534879176
6791.209344262295 1.3310102260144596
6801.221183970856 1.4228489546017062
6811.233023679417 1.4483814238259622
6821.244863387978 1.214681169803947
6831.256703096539 1.1348922034781475
6841.268542805101 1.1148309776590895
6851.280382513662 1.0565361818537093
6861.292222222222 0.945352699798085
6871.304061930783 1.0049501726047025
6881.315901639344 1.1943594085846414
6891.327741347905 1.138344297531427
6901.339581056467 1.2432749299811112
6911.351420765028 1.068911613365466
6921.3632604735885 1.008011463557611
6931.375100182149 0.9393603855923922
6941.38693989071 1.1592522634012896
6951.398779599271 0.948023187650622
6961.410619307833 0.9614407607633686
6971.422459016394 1.0787468247248093
6981.434298724955 0.8993030678043379
6991.446138433515 1.1400703445580669
7001.457978142076 0.8274604311860874
7011.469817850637 1.027030547775679
7021.481657559199 1.0082068651077964
7031.49349726776 1.086367485182049
7041.505336976321 0.942161141145053
7051.517176684882 0.863739985670553
7061.529016393442 1.0369308929850842
7071.540856102003 0.8632840487201198
7081.552695810565 0.7814107991923402
7091.564535519126 0.8357975639940075
7101.576375227687 0.853644238910962
7111.588214936248 0.9095290822640526
7121.600054644809 0.9357128899889271
7131.611894353369 0.9382531101413403
7141.623734061931 0.8725981892789682
7151.635573770493 0.771966390933368
7161.647413479053 0.7744414772357194
7171.659253187614 0.8418550120497622
7181.671092896175 0.9359082915391128
7191.6829326047355 0.8275906988862111
7201.694772313296 0.8645215918712954
7211.706612021859 0.6353090601185436
7221.7184517304195 0.7476714648602878
7231.73029143898 0.8507783495082394
7241.742131147541 0.8195141014785383
7251.753970856102 0.7367615449749233
7261.765810564662 0.9235328600273561
7271.777650273225 0.8545561128118283
7281.789489981786 0.9148700579691266
7291.801329690346 0.6837100240995245
7301.813169398907 0.6115482316159708
7311.825009107468 0.8359929655441933
7321.836848816029 0.8066175991662866
7331.84868852459 0.8104604963199374
7341.860528233152 0.9426170780954862
7351.872367941713 0.8199049045789095
7361.884207650273 0.8955904383508109
7371.896047358834 0.7356868364489024
7381.907887067395 0.7873379795479711
7391.919726775956 0.6766430013678109
7401.931566484518 0.6908747476063309
7411.943406193079 0.6544649254217416
7421.9552459016395 0.7274148374910441
7431.9670856102 0.68182114244773
7441.978925318761 0.6939360385592391
7451.990765027322 0.7870123102976616
7462.002604735884 0.6346902885429557
7472.014444444445 0.7937862307040968
7482.026284153006 0.8716211815280401
7492.038123861566 0.7902038689506936
7502.049963570127 0.6972578649123949
7512.061803278688 0.12804012245163812
7522.07364298725 0.4324496841008271
7532.085482695811 0.16211815280401223
7542.097322404372 0.7498208819123298
7552.109162112933 0.7663648798280467
7562.121001821493 0.736468442649645
7572.132841530054 0.6930241646583729
7582.144681238616 0.6209535595649058
7592.156520947177 0.6959551879111574
7602.168360655738 0.41614016804533316
7612.180200364299 0.6798019930958119
7622.1920400728595 0.6658633491825702
7632.20387978142 0.4189213834429753
7642.215719489982 0.6305608024490327
7652.2275591985435 0.6794111899954405
7662.239398907104 0.648860157623917
7672.251238615665 0.6299159773334202
7682.263078324226 0.48555982544128184
7692.274918032786 0.7589396209209925
7702.286757741348 0.5879502377385527
7712.29859744991 0.6693154432358497
7722.31043715847 0.7376408519507588
7732.322276867031 0.5963394776265225
7742.334116575592 0.5708460887123037
7752.345956284153 0.6232527844720901
7762.357795992713 0.4748648472611216
7772.369635701275 0.5218458933107535
7782.381475409837 0.6465967563342669
7792.393315118397 0.38520484595844456
7802.405154826958 0.47227903341366506
7812.416994535519 0.5197420699537549
7822.42883424408 0.5306715299941379
7832.440673952641 0.4780629192991597
7842.452513661203 0.35984498143685273
7852.464353369764 0.33371328079202756
7862.476193078324 0.593441021298769
7872.488032786885 0.5772552595583925
7882.499872495446 0.4378362535009444
7892.511712204007 0.6096593499641764
7902.523551912569 0.6708786556373347
7912.53539162113 0.5753728912916042
7922.5472313296905 0.7066371393213052
7932.559071038251 0.5446883345274539
7942.570910746812 0.5234677261772943
7952.582750455374 0.6193838337784145
7962.594590163935 0.4845828176903536
7972.606429872496 0.5634338565752621
7982.618269581057 0.6335243926268481
7992.630109289617 0.5308994984693545
8002.641948998178 0.4868234221324822
8012.653788706739 0.6939360385592391
8022.6656284153005 0.5618120237087214
8032.677468123862 0.6177880544518987
8042.689307832423 0.6436852732365009
8052.701147540984 0.5734514427147788
8062.712987249544 0.7269589005406109
8072.724826958105 0.6072624242818992
8082.736666666667 0.615580016934801
8092.748506375228 0.6613039796782388
8102.760346083789 0.7037061160685207
8112.77218579235 0.6753728912916042
8122.7840255009105 0.5612323324431706
8132.795865209471 0.5954080635706376
8142.807704918033 0.6754380251416661
8152.8195446265945 0.5236891812675046
8162.831384335155 0.5962417768514297
8172.843224043716 0.5855077183612323
8182.855063752277 0.7450009770077508
8192.866903460837 0.5338435484921513
8202.8787431694 0.656418940923598
8212.89058287796 0.580225363121214
8222.902422586521 0.707288477821924
8232.914262295082 0.5125708330619423
8242.926102003643 0.6586334918257019
8252.937941712204 0.6143620139386439
8262.949781420764 0.6447664951475282
8272.961621129325 0.49312186543346576
8282.973460837888 0.340285286263271
8292.985300546448 0.3892594281247964
8302.997140255009 0.46609131765778666
8313.00897996357 0.5836774571744936
8323.02081967213 0.5759688660196703
8333.032659380693 0.4932521331335895
8343.044499089254 0.5221976161010877
8353.056338797815 0.7252002865889402
8363.068178506375 0.4437699472415814
8373.080018214936 0.5359799387741809
8383.091857923497 0.6247052693284699
8393.103697632057 0.4340454634273432
8403.11553734062 0.5702077769816973
8413.12737704918 0.5713997264378297
8423.139216757741 0.49792874356803224
8433.151056466302 0.32392366312772747
8443.162896174863 0.4529798736403308
8453.174735883425 0.4405262815085
8463.186575591986 0.49751188692763626
8473.198415300547 0.4865172930371914
8483.210255009108 0.48521461603595384
8493.222094717668 0.4681039536246987
8503.23393442623 0.6015762391714974
8513.24577413479 0.5025662736924379
8523.25761384335 0.37150394059792874
8533.269453551913 0.415996873575197
8543.281293260474 0.4451638116329056
8553.293132969035 0.4103367420048199
8563.304972677595 0.385045268025793
8573.316812386156 0.3440891031068846
8583.328652094719 0.4421871946850778
8593.34049180328 0.4132058881000456
8603.35233151184 0.43803816843613624
8613.3641712204 0.29714713736728976
8623.376010928961 0.2344102129876897
8633.387850637522 0.24901322217156252
8643.399690346083 0.4518204911092294
8653.411530054645 0.2946981046049632
8663.423369763206 0.4462124666189018
8673.435209471767 0.19309581189344102
8683.447049180328 0.2685208102650948
8693.458888888888 0.3933433205236761
8703.470728597451 0.36183156386374
8713.482568306012 0.4724093011137888
8723.494408014572 0.32595583924965804
8733.506247723133 0.4291083175926529
8743.518087431694 0.40722334397186216
8753.529927140255 0.4805380056015111
8763.541766848815 0.7933954276037256
8773.553606557376 0.662802058229662
8783.565446265939 0.5620660457239627
8793.5772859745 0.6603269719273106
8803.58912568306 0.44135999478929194
8813.60096539162 0.5537940467661043
8823.612805100182 0.7016218328665407
8833.624644808744 0.6715951279880152
8843.636484517305 0.5947436983000065
8853.648324225866 0.619572721943594
8863.660163934426 0.6888555982544127
8873.672003642987 0.6643001367810851
8883.683843351548 0.8097440239692568
8893.695683060108 0.6778479775939555
8903.707522768671 0.7511235589135673
8913.719362477232 0.6450661108578127
8923.731202185792 0.6555722008727936
8933.743041894353 0.5477561388653683
8943.754881602914 0.6614993812284244
8953.766721311476 0.5533641633556959
8963.778561020037 0.5856249592913436
8973.790400728598 0.6541392561714322
8983.802240437159 0.645111704552856
8993.81408014572 0.6563538070735361
