3508.105373406193 3.9576678718101723
3518.116120218579 -0.17639088771104636
3528.1268670309655 4.179156867562919
3538.1376138433516 2.0340833304082278
3548.1483606557376 5.844009968759873
3558.1591074681237 3.5220611464073857
3568.1698542805098 3.9552107831092704
3578.180601092896 5.202709817824423
3588.1913479052823 5.291867036400014
3598.2020947176684 2.963670188493804
3608.2128415300544 1.5716943381656077
3618.223588342441 1.1645196391589736
3628.234335154827 4.7695601811225385
3638.245081967213 1.253571553933097
3648.255828779599 4.640738530660957
3658.266575591985 1.740952648390607
3668.2773224043713 2.1988837797044476
3678.288069216758 2.6543929235845414
3688.298816029144 2.7671030924216367
3698.30956284153 3.5799782372143634
3708.320309653916 4.450489662676823
3718.3310564663025 5.073537154691285
3728.3418032786885 1.7528168766892485
3738.3525500910746 4.267261048123837
3748.3632969034607 2.333462037979571
3758.3740437158467 5.347678051177647
3768.3847905282328 2.6857032538874654
3778.3955373406193 4.697953596124821
3788.4062841530053 1.5544947172592931
3798.4170309653914 2.370528976096037
3808.427777777778 3.8449928042402335
3818.438524590164 2.7213661413177017
3828.44927140255 4.730597774579662
3838.460018214936 2.8119625118466773
3848.470765027322 1.8200709045596546
3858.481511839708 2.568640527923058
3868.4922586520947 2.5368738811471094
3878.503005464481 1.93327249113693
3888.513752276867 2.4029976482151008
3898.5244990892534 2.3140159359752888
3908.5352459016394 1.6416511636070061
3918.5459927140255 3.1312085366281726
3928.5567395264115 2.8251956895643935
3938.5674863387976 1.9533153146828601
3948.5782331511837 2.9128084523851308
3958.5889799635697 2.852820386815964
3968.5997267759562 1.776755940889466
3978.6104735883423 2.1257327389518763
3988.6212204007284 1.9947172592930607
3998.631967213115 2.428516269437327
4008.642714025501 2.09831864930324
4018.653460837887 2.0694303064340622
4028.664207650273 2.8031169925234303
4038.674954462659 2.68261434237776
4048.685701275045 1.1260486503562779
4058.6964480874312 1.0840675348380078
4068.7071948998178 2.1221173084348344
4078.717941712204 2.2221910210958615
4088.7286885245903 1.9036821229246377
4098.739435336976 2.161325423847801
4108.750182149362 1.9661272771947067
4118.7609289617485 2.093299168099968
4128.771675774135 1.9349924532275615
4138.782422586521 1.8474498929411354
4148.793169398907 1.919934009617747
4158.803916211293 2.215978096809295
4168.814663023679 2.242760363649128
4178.825409836066 1.9048404647407773
4188.836156648452 1.663203341640633
4198.846903460838 2.54280599529643
4208.857650273224 2.5239566148337955
4218.86839708561 2.7280704833444487
4228.879143897996 1.7617676998139633
4238.889890710382 1.789936466706448
4248.900637522768 2.220611464073853
4258.911384335155 2.0343641405454735
4268.922131147541 1.7986591315946505
4278.932877959927 1.7569237249464706
4288.943624772313 2.0634981922847415
4298.954371584699 2.178349538418337
4308.9651183970855 2.382814419600548
4318.9758652094715 1.511004247253326
4328.986612021858 1.6065147951841063
4338.997358834244 1.3661062164344133
4349.00810564663 1.9299729720242902
4359.018852459016 1.8505914563515742
4369.029599271403 2.1255572326160976
4379.040346083789 1.7896732072027801
4389.051092896175 1.6873530134437853
4399.061839708561 2.4973498543297414
4409.072586520947 1.6238197198918882
4419.083333333333 1.9496998841658184
4429.094080145719 2.042683140861385
4439.104826958105 1.971146758397978
4449.115573770492 2.2305451226789286
4459.126320582878 1.8679490329600899
4469.137067395264 1.730211660640949
4479.14781420765 1.5875776615535822
4489.158561020036 1.7602583453262663
4499.169307832422 1.7536593071009865
4509.1800546448085 2.1613605251149566
4519.1908014571945 1.7678402190319071
4529.201548269581 1.2874442767383902
4539.212295081967 1.9751132015865773
4549.223041894353 1.9289550352767735
4559.233788706739 1.8997507810031944
4569.244535519126 1.8296886517603286
4579.255282331512 1.9264979465758716
4589.266029143898 1.799290954403454
4599.276775956284 1.6929516655551267
4609.28752276867 1.7406016357190495
4619.298269581056 1.8752851977956406
4629.309016393443 1.9294113517497982
4639.319763205829 1.6818421145003335
4649.330510018215 1.6828249499806942
4659.341256830601 1.7090104952788796
4669.352003642987 1.6301730492470776
4679.362750455373 1.9110182877601882
4689.373497267759 1.4858366387026571
4699.384244080145 1.6486012145038436
4709.3949908925315 1.491487942714732
4719.405737704918 2.0542665590227807
4729.416484517304 1.595440345396469
4739.42723132969 1.5401031977254378
4749.437978142076 1.777457966232581
4759.448724954463 1.4175295728175787
4769.459471766849 1.8814630208150516
4779.470218579235 1.6645371897925514
4789.480965391621 1.4113868510653236
4799.491712204007 1.7465688511355257
4809.502459016393 1.2180490715714838
4819.51320582878 1.8045912457439712
4829.523952641166 1.1916880199375197
4839.534699453552 1.4464179156867565
4849.545446265938 1.1742426901611147
4859.556193078324 1.4867492716487065
4869.56693989071 1.3090666573063288
4879.577686703096 1.6855277475516866
4889.588433515482 1.4689880304678997
4899.599180327868 1.359296570606199
4909.6099271402545 1.5049668293025378
4919.620673952641 1.4608445364877674
4929.631420765027 1.613394643546632
4939.642167577413 1.7498332689810103
4949.6529143898 1.9238653515391906
4959.663661202186 1.5656569202148198
4969.674408014572 1.774404155990031
4979.685154826958 1.8894310084594053
4989.695901639344 1.629049808698094
4999.70664845173 1.8706167292639264
5009.717395264117 1.4809575625680087
5019.728142076503 1.8185264488048016
5029.738888888889 1.6686440380497736
5039.749635701275 1.8785496156411245
5049.760382513661 1.7290182175576538
5059.771129326047 1.5597248060654991
5069.781876138433 1.5147951841061462
5079.792622950819 1.595703604900137
5089.803369763205 1.6230650426480397
5099.8141165755915 1.596791744181965
5109.8248633879775 1.5755905788198954
5119.835610200364 1.633577872161185
5129.84635701275 1.6193267576959527
5139.857103825137 1.389202850222893
5149.867850637523 1.574572642072379
5159.878597449909 1.5254659693214927
5169.889344262295 1.1246445996700483
5179.900091074681 1.6726455825055284
5189.910837887067 1.574432237003756
5199.921584699454 1.4609849415563902
5209.93233151184 1.5580048439748673
5219.943078324226 1.3595071782091332
5229.953825136612 1.416792446207308
5239.964571948998 1.513461335954228
5249.975318761384 1.4485941942504124
5259.98606557377 1.330302923935554
5269.996812386156 1.4004001544455755
5280.007559198542 1.232721401242585
5290.018306010928 1.449857839868019
5300.0290528233145 1.460318017480431
5310.039799635701 1.4111060409280776
5320.050546448087 1.30534592298782
5330.061293260474 1.3444311839657412
5340.07204007286 1.399908736705395
5350.082786885246 1.2733335673417812
5360.093533697632 1.0392783179472778
5370.104280510018 1.171750500193057
5380.115027322404 1.312050265014567
5390.125774134791 1.3145775562497806
5400.136520947177 1.6033205798729335
5410.147267759563 0.9168450981080417
5420.158014571949 1.4973147530625854
5430.168761384335 1.361332444101232
5440.179508196721 1.335252202604514
5450.190255009107 0.9875390501597108
5460.201001821493 1.2474463828144196
5470.211748633879 1.276492681385798
5480.222495446265 1.2054828179297272
5490.233242258651 1.2895152515005792
5500.2439890710375 1.3085401382989925
5510.254735883424 1.552844957702973
5520.2654826958105 1.4616869668995052
5530.276229508197 1.3724946470567587
5540.286976320583 1.316578328477658
5550.297723132969 1.3483800765207625
5560.308469945355 1.2278774263750922
5570.319216757742 1.0310646214328336
5580.329963570128 1.2177507108006598
5590.340710382514 1.2467970093720384
5600.3514571949 1.2161185018779177
5610.362204007286 1.1044262697883394
5620.372950819672 0.9745866825792411
5630.383697632058 0.986275404542104
5640.394444444444 1.0941415985117064
5650.40519125683 1.254413984344835
5660.415938069216 1.0664466987258239
5670.426684881602 1.1769103864649515
5680.437431693988 1.2225771350345749
5690.4481785063745 0.6877742286496543
5700.4589253187605 1.0634806416511635
5710.469672131147 0.9988416581838605
5720.480418943534 1.2205763628066975
5730.49116575592 1.2638211239425743
5740.501912568306 1.311488644740075
5750.512659380692 1.0853311804556145
5760.523406193079 1.06837726841939
5770.534153005465 0.9294113517497983
5780.544899817851 0.9846958475200954
5790.555646630237 1.1156937765453334
5800.566393442623 1.0856821931271718
5810.577140255009 1.036926533047843
5820.587887067395 0.940977219277616
5830.598633879781 1.1102881814033487
5840.609380692167 1.0459826599740252
5850.620127504553 0.948787251219769
5860.630874316939 0.9841693285127593
5870.641621129325 1.0632173821474955
5880.652367941711 0.8950121099371687
5890.6631147540975 0.9667239987363545
5900.6738615664835 1.0680613570149884
5910.6846083788705 0.9564393274597214
5920.695355191257 0.9119309207062375
5930.706102003643 1.2471831233107515
5940.716848816029 1.065498964512619
5950.727595628416 1.183948190529678
5960.738342440802 1.1398434483484854
5970.749089253188 1.1221524097019902
5980.759836065574 1.076485661132367
5990.77058287796 1.179718487837411
6000.781329690346 1.2278774263750922
6010.792076502732 1.298044859419425
6020.802823315118 1.0286075327319317
6030.813570127504 1.137421460914739
6040.82431693989 1.1669065253255642
6050.835063752276 1.1351047772824598
6060.845810564662 1.0169539120362245
6070.856557377048 1.00601986731721
6080.867304189434 1.1211344729544737
6090.8780510018205 1.1485134613359542
6100.8887978142075 1.072624521745235
6110.8995446265935 1.0613219137210854
6120.91029143898 1.1071641686264875
6130.921038251366 1.0296956720137598
6140.931785063753 1.1241531819298676
6150.942531876139 1.014286215732388
6160.953278688525 1.065885078451332
6170.964025500911 1.0
6180.974772313297 1.189195829969462
6190.985519125683 1.0000175506335778
6200.996265938069 0.9277264909263224
6211.007012750455 1.0239039629330617
6221.017759562841 0.9546491628347783
6231.028506375227 0.970199024184773
6241.039253187613 0.9215135666397558
6251.049999999999 1.000842430411738
6261.060746812385 1.1101828776018814
6271.071493624771 0.9242865667450595
6281.082240437157 0.8659482607322124
6291.092987249544 0.8883428691775773
6301.1037340619305 0.8287409175471235
6311.1144808743165 0.9662852328969076
6321.125227686703 0.9537365298887289
6331.13597449909 0.9484362385482116
6341.146721311476 0.9467513777247358
6351.157468123862 1.0207799501562007
6361.168214936248 0.8449928042402332
6371.178961748634 0.8698094001193444
6381.18970856102 0.9088069079293764
6391.200455373406 0.8898522236652743
6401.211202185792 0.7993260556706098
6411.221948998178 0.8812173119449612
6421.232695810564 0.921197655235354
6431.24344262295 0.8903611920390326
6441.254189435336 0.9017866544982275
6451.264936247722 0.7953596124820105
6461.275683060108 0.8565411211344729
6471.286429872494 1.0230264312541681
6481.297176684881 0.8902734388711433
6491.307923497267 0.8662290708694584
6501.3186703096535 0.8640527923058021
6511.32941712204 0.8661588683351469
6521.3401639344265 0.8008705114254625
6531.350910746813 0.8376917406718382
6541.361657559199 0.905823300221138
6551.372404371585 0.9203552248236161
6561.383151183971 0.8203868159640564
6571.393897996357 0.8324967531327881
6581.404644808743 0.7671732949559479
6591.415391621129 0.7466390536698375
6601.426138433515 0.8552423742497105
6611.436885245901 0.9556670995822949
6621.447632058287 1.0820667626101301
6631.458378870673 0.9411351749798168
6641.469125683059 1.053143318473797
6651.479872495445 1.0408578749692865
6661.490619307831 1.0604794833093474
6671.501366120218 1.051318052581698
6681.512112932604 1.0015795570220083
6691.5228597449905 1.0340131278739164
6701.533606557377 0.9675664291480922
6711.5443533697635 1.1271016883709501
6721.5551001821495 0.9240408578749693
6731.565846994536 0.9955421390712205
6741.576593806922 1.106848257222086
6751.587340619308 1.0055460002106076
6761.598087431694 1.0141107093966093
6771.60883424408 1.1732949559479098
6781.619581056466 1.076731370002457
6791.630327868852 1.137947979922075
6801.641074681238 0.9499455930359085
6811.651821493624 1.0507564323072063
6821.66256830601 0.9798869739197584
6831.673315118396 0.8754607041314192
6841.684061930782 0.8452034118431676
6851.694808743168 1.0280459124574397
6861.705555555555 1.0925971427568535
6871.716302367941 0.9134402751939346
6881.727049180327 0.8713538558741971
6891.737795992714 0.8792165397170838
6901.7485428051 0.9191968830074766
6911.7592896174865 0.8626487416195724
6921.770036429873 0.7732458141738916
6931.780783242259 0.90993014847836
6941.791530054645 0.8458001333848153
6951.802276867031 0.9798869739197584
6961.813023679417 0.9301835796272245
6971.823770491803 0.8890448945206921
6981.834517304189 0.8511355259924883
6991.845264116575 0.8221418793218436
7001.856010928961 0.8473094878725121
7011.866757741347 0.8197198918880972
7021.877504553733 0.7526413703534698
7031.888251366119 0.7712099406788584
7041.898998178505 0.7474463828144196
7051.909744990892 0.7442872687704026
7061.920491803278 0.7320369265330479
7071.931238615664 0.7932184351855102
7081.941985428051 0.7345291165011057
7091.952732240437 0.6851065323458176
7101.9634790528235 0.7575906490224298
7111.9742258652095 0.6377198216855628
7121.984972677596 0.6861244690933344
7131.995719489982 0.7302818631752606
7142.006466302368 0.5705359963494682
7152.017213114754 0.8090842079399067
7162.02795992714 0.8624381340166379
7172.038706739526 0.7768612446909333
7182.049453551912 0.7209449261118327
7192.060200364298 0.7223138755309066
7202.070947176684 0.7494822563094529
7212.08169398907 0.8076099547193655
7222.092440801456 0.7998876759451016
7232.103187613842 0.7882691565165502
7242.113934426229 0.6992874442767384
7252.124681238615 0.7888307767910422
7262.135428051001 0.5580048439748675
7272.146174863388 0.8315139176524272
7282.156921675774 0.8293025378216153
7292.16766848816 0.7464986486012145
7302.1784153005465 0.7455158131208536
7312.1891621129325 0.838955386289445
7322.199908925319 0.6916002667696304
7332.210655737705 0.7846888272666643
7342.221402550091 0.6845098108041701
7352.232149362477 0.6876689248481871
7362.242896174863 0.6615535820843133
7372.253642987249 0.616413352522026
7382.264389799635 0.7199269893643161
7392.275136612021 0.6670293797606094
7402.285883424407 0.6942328618063112
7412.296630236793 0.6095335041595001
7422.307377049179 0.6973217733160166
7432.318123861566 0.6000912632946049
7442.328870673952 0.6755238864122995
7452.339617486338 0.7036400014040507
7462.350364298725 0.7235775211485135
7472.361111111111 0.5980904910667275
7482.371857923497 0.8263189301133771
7492.382604735883 0.6520762399522623
7502.3933515482695 0.6936361402646636
7512.404098360656 0.65951770858928
7522.414845173042 0.6078837446031802
7532.425591985428 0.7164168626487416
7542.436338797814 0.6403875179893994
7552.4470856102 0.6092877952894099
7562.457832422586 0.6805784688827267
7572.468579234972 0.7198918880971603
7582.479326047358 0.5489487170486855
7592.490072859744 0.7211555337147671
7602.50081967213 0.8853241602021834
7612.511566484516 0.6794552283337428
7622.522313296902 0.503422373547685
7632.533060109289 0.8015023342342659
7642.543806921676 0.5714837305626733
7652.554553734062 0.6769103864649514
7662.565300546448 0.7898838148057146
7672.576047358834 0.6400014040506862
7682.58679417122 0.6721190634981923
7692.597540983606 0.6005826810347854
7702.6082877959925 0.6407034293938011
7712.619034608379 0.8070483344448734
7722.629781420765 0.774018042051318
7732.640528233151 0.5922636807188739
7742.651275045537 0.6016357190494577
7752.662021857923 0.6756291902137668
7762.672768670309 0.5510547930780302
7772.683515482695 0.5661307873214223
7782.694262295081 0.5632700340482292
7792.705009107467 0.6278563656147986
7802.715755919853 0.629190213766717
7812.726502732239 0.5991084278142441
7822.737249544626 0.7579416616939871
7832.747996357013 0.7092562041489697
7842.758743169399 0.622871985678683
7852.769489981785 0.687949734985433
7862.780236794171 0.7175401031977254
7872.790983606557 0.6369475938081365
7882.801730418943 0.6930043174558601
7892.8124772313295 0.6233634034188634
7902.8232240437155 0.5699743760749764
7912.833970856102 0.6058829723753028
7922.844717668488 0.5572326160974411
7932.855464480874 0.6609217592755099
7942.86621129326 0.6632735441749447
7952.876958105646 0.763171750500193
7962.887704918032 0.7230510021411772
7972.898451730418 0.6419319737442521
7982.909198542804 0.5239566148337955
7992.91994535519 0.6948646846151146
8002.930692167576 0.6443188599108427
8012.941438979963 0.6703288988732493
8022.95218579235 0.5502825652006037
8032.962932604736 0.6461441258029414
8042.973679417122 0.6171855803994524
8052.984426229508 0.5294324125100917
8062.995173041894 0.5571624135631296
8073.00591985428 0.6387377584330794
8083.016666666666 0.5818737056407736
8093.0274134790525 0.6502158727930079
8103.0381602914385 0.5219558426059181
8113.048907103825 0.5545649197936046
8123.059653916211 0.6396854926462845
8133.070400728597 0.5462810207448489
8143.081147540983 0.5191301905998806
8153.091894353369 0.47488504335006493
8163.102641165755 0.5271157288778126
8173.113387978141 0.6153954157745095
8183.124134790527 0.5911755414370459
8193.134881602913 0.6270139352030608
8203.1456284153 0.567411983572607
8213.156375227687 0.5367334760784864
8223.167122040073 0.40071606584997715
8233.17786885246 0.740531433184738
8243.188615664845 0.544350451051283
8253.199362477231 0.5977745796623258
8263.210109289617 0.7598195794868194
8273.220856102003 0.7382498508196147
8283.23160291439 0.5338902734388711
8293.242349726776 0.8355856646424936
8303.253096539162 0.5187265260275896
8313.263843351548 0.4959107023763558
8323.274590163934 0.6331566569553161
8333.28533697632 0.7033942925339604
8343.296083788706 0.8727579065604268
8353.306830601092 0.4753764610902454
8363.317577413478 0.43887114324827126
8373.328324225864 0.43894134578258276
8383.33907103825 0.44927866895994945
8393.349817850638 0.7029730773280916
8403.360564663024 0.49261118326371583
8413.37131147541 0.584014882937274
8423.382058287796 0.5244129313068202
8433.392805100182 0.5233949945593036
8443.403551912568 0.5437537295096353
8453.414298724954 0.6841236968654568
8463.42504553734 0.5740110217978869
8473.435792349726 0.5039137912878655
8483.446539162112 0.6788585067920951
8493.457285974499 0.4779388535926147
8503.468032786885 0.5366983748113306
8513.47877959927 0.5709923128224929
8523.489526411657 0.5243778300396644
8533.500273224043 0.6068658078556636
8543.511020036429 0.4161606233985047
8553.521766848815 0.5421039699533153
8563.532513661201 0.6972164695145494
8573.543260473587 0.6317526062690864
8583.554007285973 0.535013513987855
8593.564754098361 0.48516971462669806
8603.575500910747 0.44069640914037
8613.586247723133 0.45045456140966694
8623.59699453552 0.5543894134578258
8633.607741347905 0.4622836884411528
8643.618488160291 0.5632349327810734
8653.629234972677 0.4415037382849521
8663.639981785063 0.6858436589560883
8673.65072859745 0.6347362139773246
8683.661475409835 0.5206921969883113
8693.672222222222 0.49798167713854474
8703.682969034608 0.46846151146056375
8713.693715846994 0.4736564989996139
8723.70446265938 0.5061953736529888
8733.715209471766 0.4501386500052652
8743.725956284152 0.525676576924427
8753.736703096538 0.48141387904103344
8763.747449908924 0.808627891466882
8773.758196721312 0.6514795184106147
8783.768943533698 0.42805995296430205
8793.779690346084 0.5562146793499245
8803.79043715847 0.4435045105128295
8813.801183970856 0.41272069921724175
8823.811930783242 0.7173996981291025
8833.822677595628 0.4688827266664327
8843.833424408014 0.43258801642739303
8853.8441712204 0.49601600617782304
8863.854918032786 0.35894555793464145
8873.865664845172 0.557109761662396
8883.876411657558 0.4506300677454456
8893.887158469945 0.414475762575029
8903.89790528233 0.39864509108778823
8913.908652094717 0.39594229351679594
8923.919398907103 0.6807539752185054
8933.930145719489 0.3204078767243497
8943.940892531875 0.4692337393379901
8953.951639344261 0.4924005756607814
8963.962386156647 0.35406648179999295
8973.973132969035 0.5508441854750956
8983.983879781421 0.48632805644283755
8993.994626593807 0.5455438941345783
