3508.1051912568305 -2.7192042333712907
3518.1155737704917 -8.500234443030344
3528.125956284153 -3.7303905151048298
3538.136338797814 1.8873333779891488
3548.146721311475 -3.4778618795632665
3558.1571038251363 -0.4201821957264385
3568.1674863387975 -7.934221984057875
3578.177868852459 1.1220443432245966
3588.1882513661203 -1.8581284747806284
3598.1986338797815 -2.088686449192846
3608.2090163934427 -4.204970192243285
3618.219398907104 5.931408667693751
3628.229781420765 4.131120637685043
3638.240163934426 -3.600241141402639
3648.2505464480873 -0.8421863487172618
3658.2609289617485 0.3657914126867171
3668.2713114754097 1.919619532453614
3678.281693989071 -2.1867506195994375
3688.292076502732 0.19461450867439214
3698.302459016393 2.412150847344096
3708.3128415300544 -0.8931609618862616
3718.3232240437155 -0.8357559113135509
3728.3336065573767 -0.4327349454082658
3738.343989071038 -1.965168464063233
3748.3543715846995 1.0170138656306518
3758.3647540983607 1.4741107910777682
3768.375136612022 0.33436264987608016
3778.385519125683 1.5324536137718534
3788.395901639344 -2.1886261638421862
3798.4062841530053 2.2567486100877487
3808.4166666666665 2.6400294728381004
3818.4270491803277 0.5754906557706477
3828.437431693989 -0.4871391251925782
3838.44781420765 2.5740505057271084
3848.458196721311 1.1573447652220512
3858.4685792349724 0.4495612566146427
3868.478961748634 0.01374372027597294
3878.489344262295 0.9979235045883851
3888.4997267759563 -0.0015372764418246404
3898.5101092896175 -0.3621006095518789
3908.5204918032787 0.5755844329827853
3918.53087431694 0.6745260901600911
3928.541256830601 0.5698305311809231
3938.551639344262 -1.0700649742112667
3948.5620218579234 1.0264585705673521
3958.5724043715845 1.298613436934825
3968.5827868852457 -0.6633264116819614
3978.593169398907 0.9608815057940922
3988.603551912568 -0.775001674593074
3998.613934426229 0.06283810034161699
4008.6243169398904 1.3091968651617658
4018.6346994535515 -0.27432848817737293
4028.6450819672127 1.0561993435595152
4038.655464480874 0.7480072342420793
4048.665846994535 1.0221046285752564
4058.6762295081967 0.1855984995646058
4068.686612021858 2.192980105834282
4078.696994535519 2.477794895840311
4088.70737704918 2.2158885390850025
4098.717759562842 1.4904548194788667
4108.728142076503 2.6063366601915736
4118.738524590164 2.2366534932011524
4128.748907103825 1.542166253600375
4138.7592896174865 1.0337263045080047
4148.769672131148 2.277982450264586
4158.780054644809 1.738160626967647
4168.79043715847 1.3376649474177777
4178.800819672131 1.753968785585103
4188.811202185792 1.9308058141871525
4198.8215846994535 0.9218969790340948
4208.831967213115 1.2334382744992967
4218.842349726776 0.8707214146962289
4228.852732240437 1.19874070600844
4238.863114754098 1.7828387701788466
4248.873497267759 0.862616384218635
4258.883879781421 0.20800455489316097
4268.894262295082 0.796922097930203
4278.904644808743 1.1541295465201957
4288.915027322404 0.8820416638756783
4298.925409836065 0.8081586174559582
4308.935792349726 1.3087949628240338
4318.946174863388 -0.17397012525956193
4328.956557377049 1.2996181927791548
4338.96693989071 0.6236653493201152
4348.977322404371 1.1520530511085807
4358.987704918032 1.622211802531985
4368.998087431693 1.5485966910040863
4379.008469945355 1.479067586576462
4389.018852459016 0.9951771719472169
4399.029234972677 1.2066782771786457
4409.039617486338 0.3801460245160426
4419.049999999999 1.253466407662938
4429.06038251366 1.3911179583361244
4439.0707650273225 0.8739366333980844
4449.081147540984 0.6302565476589189
4459.091530054645 0.9826512157545718
4469.101912568306 0.5207850492330364
4479.112295081967 1.0320852032955992
4489.122677595628 1.3349855984995647
4499.1330601092895 1.844061892960011
4509.143442622951 0.9443365262241276
4519.153825136612 1.0517114341215086
4529.164207650273 1.1770714716323933
4539.174590163934 0.9342889677808294
4549.184972677595 1.3484493268135844
4559.195355191257 0.45026458570567357
4569.205737704918 0.4614173755777346
4579.216120218579 0.7331368477459977
4589.22650273224 1.38502243954719
4599.236885245901 1.483220577399692
4609.247267759562 0.6296135039185478
4619.257650273224 1.0535199946413023
4629.268032786885 0.5876816933485163
4639.278415300546 0.8702525286355416
4649.288797814207 0.5214012994842253
4659.299180327868 0.8559180119231028
4669.30956284153 1.0385826244222656
4679.3199453551915 0.8579945073347177
4689.330327868853 1.077634134905218
4699.340710382514 0.5972670641034229
4709.351092896175 1.387902739634269
4719.361475409836 0.9994641302163575
4729.371857923497 1.294058543773863
4739.3822404371585 1.7115011052314288
4749.39262295082 1.6218099001942528
4759.403005464481 1.4382075155737157
4769.413387978142 1.915734476522205
4779.423770491803 1.5734811440819882
4789.434153005464 1.857592604996986
4799.444535519126 2.3796637417107642
4809.454918032787 1.7871257284479873
4819.465300546448 2.122580213008239
4829.475683060109 2.4942059079643646
4839.48606557377 3.0418648268470765
4849.496448087431 1.8464733069864026
4859.506830601093 2.2531984727711167
4869.517213114754 2.280326880568022
4879.527595628415 1.9762207783508607
4889.537978142076 1.8555830933083262
4899.548360655737 1.3208520329559919
4909.558743169398 1.3757117020564003
4919.56912568306 1.3926585839640968
4929.579508196721 1.1324268202826715
4939.589890710382 1.058878692477728
4949.600273224043 1.06758657646192
4959.610655737704 1.4331837363520668
4969.6210382513655 0.9902873601714783
4979.631420765027 1.4051175564337868
4989.641803278688 1.4884453077902071
4999.652185792349 1.6443834148301963
5009.66256830601 1.0375778685779355
5019.672950819671 1.1738897447920156
5029.6833333333325 0.9412552749681828
5039.693715846994 1.2939915600509078
5049.704098360655 0.9027396342688727
5059.714480874317 1.1207716524884455
5069.724863387978 1.047022573514636
5079.735245901639 0.8387701788465404
5089.7456284153 0.9545850358362918
5099.756010928962 1.028468082256012
5109.766393442623 1.3961417375577734
5119.776775956284 1.1867506195994375
5129.787158469945 1.2013530712036977
5139.797540983606 1.936700381807221
5149.807923497267 1.2329024047156543
5159.818306010929 1.4124187822359169
5169.82868852459 1.3386362114006298
5179.839071038251 1.540424676803537
5189.849453551912 1.245964230691942
5199.859836065573 1.7570500368410478
5209.8702185792345 1.1477660928394402
5219.880601092896 1.0983321052984125
5229.890983606557 0.9851296135039186
5239.901366120218 1.3580949829191507
5249.911748633879 1.480340277312613
5259.92213114754 1.2491794493937973
5269.932513661202 1.136914729720678
5279.942896174864 0.8523008908835153
5289.953278688525 1.2123384017683705
5299.963661202186 1.1257284479871392
5309.974043715847 1.4603791278719274
5319.984426229508 1.374974881103892
5329.994808743169 0.9473507937571171
5340.005191256831 0.8975149038783576
5350.015573770492 0.8658316029204903
5360.025956284153 0.9883448322057741
5370.036338797814 1.1386563065175164
5380.046721311475 0.9196195324536138
5390.057103825136 1.0115212003483154
5400.067486338798 1.6640096456561058
5410.077868852459 9.253801326277715e-27
5420.08825136612 0.6834885122915131
5430.098633879781 1.3537410409270547
5440.109016393442 1.5001674593073884
5450.1193989071035 1.5990354343894435
5460.129781420765 1.8876682966039253
5470.140163934426 2.041864826847076
5480.150546448087 2.0491660526492064
5490.160928961748 2.142139460111193
5500.171311475409 1.5406256279724027
5510.1816939890705 2.318775537544377
5520.192076502732 2.0119900864090026
5530.202459016393 2.2631790474914597
5540.212841530054 2.6506798847879964
5550.223224043715 2.5062629780963226
5560.233606557376 2.433920557304575
5570.2439890710375 2.8504923303637217
5580.254371584699 2.617188023310336
5590.26475409836 2.6586509478196803
5600.275136612021 2.369884118159287
5610.285519125682 2.265724428963762
5620.295901639343 1.9103087949628241
5630.3062841530045 1.9110456159153328
5640.316666666666 2.54109451403309
5650.327049180327 2.483421528568558
5660.337431693988 2.3948020630986675
5670.347814207649 2.566213410141336
5680.35819672131 2.3869984593743725
5690.368579234972 2.314756514167058
5700.378961748634 2.9293321722821353
5710.389344262295 2.8729988612767103
5720.399726775956 2.2917141134704266
5730.410109289617 2.702793221247237
5740.420491803278 2.512090561993436
5750.4308743169395 2.121910375778686
5760.441256830601 2.098600040190234
5770.451639344262 2.344430303436265
5780.462021857923 2.225936097528301
5790.472404371584 2.333377989148637
5800.482786885245 2.2501842052381273
5810.4931693989065 2.095920691272021
5820.503551912568 2.048697166588519
5830.513934426229 2.2175631321588853
5840.524316939891 1.8748074217965036
5850.534699453552 2.2872262040324203
5860.545081967213 2.042199745461853
5870.555464480874 1.6957599303369284
5880.565846994536 1.9370353004219976
5890.576229508197 1.5903275504052516
5900.586612021858 1.8200817201420056
5910.596994535519 1.862013530712037
5920.60737704918 1.6442494473842857
5930.6177595628415 1.469957800254538
5940.628142076503 1.4915935427691072
5950.638524590164 1.382744992966709
5960.648907103825 1.2785183200482284
5970.659289617486 1.509076294460446
5980.669672131147 1.310670507066783
5990.6800546448085 1.119900864090026
6000.69043715847 1.1432111996784782
6010.700819672131 1.2653895103489854
6020.711202185792 1.1174894500636345
6030.721584699453 1.3244691539955793
6040.731967213114 1.201821957264385
6050.7423497267755 1.4183803335789404
6060.752732240437 1.579241744256146
6070.763114754098 1.3655301761671916
6080.773497267759 1.5613905820885525
6090.78387978142 1.4117489450063636
6100.794262295081 1.1574787326679619
6110.8046448087425 1.7959005961551342
6120.815027322404 1.7682363185745866
6130.825409836065 1.9322124723692142
6140.835792349726 1.9066246902002815
6150.846174863387 1.7705807488780227
6160.856557377048 1.890682564136915
6170.86693989071 1.8856587849152657
6180.877322404371 2.0446111594882446
6190.887704918032 1.747337397012526
6200.898087431693 2.0389845267599975
6210.908469945354 1.7755375443767165
6220.918852459015 1.859267198070869
6230.929234972677 1.9076294460446113
6240.939617486338 1.67010516444504
6250.949999999999 1.5249514368008577
6260.96038251366 1.4428293924576328
6270.970765027321 1.7486100877486772
6280.981147540982 2.0217027262375247
6290.991530054644 1.6325272958671042
6301.001912568306 1.2290843325072007
6311.012295081967 1.3906155804139595
6321.022677595628 1.3913189095049905
6331.033060109289 1.0770982651215757
6341.04344262295 1.2595619264518723
6351.0538251366115 1.218099001942528
6361.064207650273 1.0806484024382075
6371.074590163934 0.9158684439681157
6381.084972677595 0.9844597762743654
6391.095355191256 0.603335789403175
6401.105737704917 0.9160024114140264
6411.1161202185785 0.8559849956460581
6421.12650273224 0.8285886529573315
6431.136885245901 1.0227744658048095
6441.147267759563 0.8771853439614175
6451.157650273224 0.774398821086476
6461.168032786885 0.7534329158014603
6471.1784153005465 0.7821689329492933
6481.188797814208 0.9431308192109318
6491.199180327869 0.9413222586911382
6501.20956284153 0.8474780628307322
6511.219945355191 1.146292450934423
6521.230327868852 1.2895706343358564
6531.2407103825135 1.1967311943197803
6541.251092896175 1.4148971799852637
6551.261475409836 1.2837430504387435
6561.271857923497 1.4942059079643648
6571.282240437158 1.3313014937370218
6581.292622950819 1.4746466608614106
6591.3030054644805 1.382744992966709
6601.313387978142 1.3816062696764688
6611.323770491803 1.5741174894500638
6621.334153005464 1.5088753432915805
6631.344535519125 1.5368745394869048
6641.354918032786 1.50043539419921
6651.3653005464475 1.4729050840645725
6661.375683060109 1.6337999866032553
6671.38606557377 2.004755844329828
6681.396448087431 1.4941389242414094
6691.406830601092 1.6116283743050441
6701.417213114753 1.7705472570165453
6711.427595628415 1.7412418782235917
6721.437978142076 1.5001004755844332
6731.448360655737 1.6651483689463462
6741.458743169398 1.6034563601044949
6751.469125683059 1.7571170205640032
6761.47950819672 1.5917342085873134
6771.489890710382 1.8157277781499097
6781.500273224043 1.7480072342420792
6791.510655737704 1.6847745997722556
6801.521038251365 1.862214481880903
6811.531420765026 1.7141134704266865
6821.541803278687 1.7552079844597765
6831.552185792349 1.8389711300154064
6841.56256830601 1.7971063031683303
6851.572950819671 1.6682296202022908
6861.583333333332 1.6404983588987878
6871.593715846993 1.6315225400227746
6881.6040983606545 1.596891955254873
6891.614480874316 1.6427088217563133
6901.624863387978 1.6932815325875812
6911.635245901639 1.3921227141804542
6921.6456284153 1.6307857190702661
6931.656010928961 1.3633866970326212
6941.666393442622 1.578337463996249
6951.676775956284 1.2736285082724899
6961.687158469945 1.4031750284680824
6971.697540983606 1.4332507200750217
6981.707923497267 1.3599705271618998
6991.718306010928 1.164645991024181
7001.728688524589 1.2219170741509815
7011.739071038251 0.8538415165114878
7021.749453551912 1.202290843325072
7031.759836065573 0.9797039319445375
7041.770218579235 1.1956594547524952
7051.780601092896 1.1681291446178579
7061.790983606557 1.2231227811641772
7071.8013661202185 1.282805278317369
7081.81174863388 1.1413021635742515
7091.822131147541 0.9291982048362248
7101.832513661202 1.0344296335990355
7111.842896174863 1.1084466474646661
7121.853278688524 0.9689865362716861
7131.8636612021855 1.0
7141.874043715847 0.9157344765222052
7151.884426229508 1.049099068926251
7161.894808743169 0.9813785250184206
7171.90519125683 0.7514234041128006
7181.915573770491 0.8796972335722419
7191.925956284153 0.7844463795297744
7201.936338797814 0.6631455556299819
7211.946721311475 0.912485765958872
7221.957103825136 0.7617388974479202
7231.967486338797 0.6179248442628441
7241.977868852458 0.49821153459709294
7251.98825136612 0.7187353473106035
7261.998633879781 0.5993770513765155
7272.009016393442 0.7195391519860674
7282.019398907103 0.7018554491258625
7292.029781420764 0.7430504387433854
7302.040163934425 0.7914126867171278
7312.050546448087 0.791680621608949
7322.060928961748 0.8634201888940988
7332.071311475409 0.543184406189296
7342.08169398907 0.8722620403242013
7352.092076502731 0.7356152454953447
7362.1024590163925 0.9583361243217899
7372.112841530054 0.6995780025453815
7382.123224043715 0.765423002210463
7392.133606557376 0.540793087279791
7402.143989071037 0.944001607609351
7412.154371584698 0.9077634134905218
7422.1647540983595 0.8222921829995312
7432.175136612021 0.9982584232031617
7442.185519125682 0.8999933016277045
7452.195901639343 0.7552414763212539
7462.206284153004 0.9045147029271887
7472.216666666665 0.8030008707883985
7482.2270491803265 0.8856587849152657
7492.237431693988 0.9328823095987676
7502.247814207649 0.7212807287829058
7512.258196721311 0.39638287896041263
7522.268579234972 1.565811507803604
7532.278961748633 0.5207314622546722
7542.289344262294 1.0330899591399292
7552.299726775956 0.7991827985799451
7562.310109289617 0.743586308527028
7572.320491803278 0.992497823029004
7582.330874316939 0.9014669435327217
7592.3412568306 0.6267432513899123
7602.351639344262 0.7316632058409808
7612.3620218579235 0.7439212271418046
7622.372404371585 1.1365128273829461
7632.382786885246 0.22381941188291246
7642.393169398907 0.8982517248308661
7652.403551912568 1.4805412284814792
7662.413934426229 1.2046352736285084
7672.424316939891 0.9285283676066717
7682.434699453552 0.840377788197468
7692.445081967213 0.9020028133163642
7702.455464480874 0.7617388974479202
7712.465846994535 0.4912318306651484
7722.476229508196 0.8119766896644117
7732.486612021858 0.8703864960814524
7742.496994535519 0.6086074083997589
7752.50737704918 0.6826981043606405
7762.517759562841 0.8315359367673656
7772.528142076502 0.9691205037175967
7782.538524590163 0.8947015875142342
7792.548907103825 0.757518922901735
7802.559289617486 0.9877419786991761
7812.569672131147 1.1395270949159355
7822.580054644808 0.7555763949360306
7832.590437158469 0.8602719539151986
7842.6008196721305 0.7543706879228349
7852.611202185792 0.3824871056333311
7862.621584699453 0.40661129345569025
7872.631967213114 0.7708486837698441
7882.642349726775 0.5878223591667225
7892.652732240436 0.8625494004956796
7902.6631147540975 0.6508473440953849
7912.673497267759 0.6869850626297811
7922.68387978142 0.5623886395605868
7932.694262295081 0.5282269408533726
7942.704644808742 0.9090361042266729
7952.715027322403 0.7847143144215956
7962.7254098360645 0.8085605197936903
7972.735792349726 0.5989885457833747
7982.746174863387 0.9435327215486637
7992.756557377048 0.46907361511152795
8002.766939890709 0.7172617054055864
8012.77732240437 0.9121173554826177
8022.7877049180315 0.5462924509344229
8032.798087431693 0.6009444704936701
8042.808469945354 1.1114609149976558
8052.818852459015 0.7705137651550674
8062.829234972676 0.5407528970460178
8072.839617486337 0.9175430370419988
8082.8499999999985 0.8942327014535468
8092.86038251366 0.7650880835956864
8102.870765027321 0.5407160559983925
8112.881147540982 0.7835086074083998
8122.891530054643 0.7622747672315627
8132.901912568304 0.631931140732802
8142.912295081966 0.9324134235380802
8152.922677595627 0.757518922901735
8162.933060109288 0.7015875142340412
8172.94344262295 0.7182664612499163
8182.953825136612 0.809364324469154
8192.964207650273 0.6815593810704
8202.974590163934 0.7750686583160292
8212.984972677596 0.5590126599236386
8222.995355191257 0.7549735414294327
8233.005737704918 0.8225936097528301
8243.016120218579 0.8224931341683971
8253.02650273224 0.8665684238729989
8263.036885245901 0.7430504387433854
8273.047267759563 0.869917610020765
8283.057650273224 1.0760265255542905
8293.068032786885 0.5262978096322594
8303.078415300546 0.7772121374505996
8313.088797814207 0.6234443030343627
8323.099180327868 0.7277111661866167
8333.10956284153 0.8340813182396679
8343.11994535519 0.3182664612499163
8353.130327868852 0.6010382477058076
8363.140710382513 0.49054189831870854
8373.151092896174 0.7305914662736955
8383.161475409835 0.5503851564069931
8393.171857923497 0.7498157947618729
8403.182240437158 0.47157210797776145
8413.192622950819 0.3592738964431643
8423.20300546448 0.7081519190836627
8433.213387978141 -0.04197668966441155
8443.223770491802 0.5478799651684642
8453.234153005464 0.5249112465670842
8463.244535519125 0.2823564873735683
8473.254918032786 0.6156741911715453
8483.265300546447 0.5056333311005425
8493.275683060108 0.5566112934556903
8503.28606557377 0.06406055328555162
8513.29644808743 0.3185745863755108
8523.306830601092 0.3777413088619466
8533.317213114753 0.49029405854377395
8543.327595628414 0.298539754839574
8553.337978142075 0.331730189563936
8563.348360655737 0.42239265858396413
8573.358743169398 0.44745126934155005
8583.369125683059 0.19854645321186953
8593.37950819672 0.010839975885859736
8603.389890710381 0.33359903543438946
8613.400273224042 0.34177774800723426
8623.410655737704 0.22207113671377857
8633.421038251365 0.07653560184875076
8643.431420765026 0.10520463527362851
8653.441803278687 -0.708821756313216
8663.452185792348 0.5203630517784179
8673.46256830601 -0.058901466943532724
8683.47295081967 0.25373434255475924
8693.483333333332 0.334865027798245
8703.493715846993 0.5191573447652221
8713.504098360654 0.4634603791278719
8723.514480874315 0.24491928461383886
8733.524863387976 0.5564136914729721
8743.535245901638 0.38714917275102156
8753.545628415299 0.06785451135374104
8763.55601092896 -0.7882644517382277
8773.566393442621 -0.3656105566347378
8783.576775956284 0.4691941858128475
8793.587158469945 0.35222051041596897
8803.597540983606 0.38415834952106637
8813.607923497268 0.2595150378458035
8823.618306010929 0.2896175229419251
8833.62868852459 0.27023913189095056
8843.639071038251 0.42538013262777147
8853.649453551912 0.31768370286020503
8863.659836065573 0.32550070332909103
8873.670218579235 0.8036037242949964
8883.680601092896 0.291151450197602
8893.690983606557 0.7379596757987809
8903.701366120218 0.5881639761537947
8913.71174863388 0.6946881907696429
8923.72213114754 0.5325674861008776
8933.732513661202 0.8723290240471566
8943.742896174863 0.6740572040994038
8953.753278688524 0.38439279255141007
8963.763661202185 0.39914930671846743
8973.774043715846 0.4184473173018957
8983.784426229508 0.6308727979101079
8993.794808743169 0.4900328220242482
