3508.1046265938066 0.6367366724159311
3518.113879781421 1.8243205158555698
3528.1231329690345 0.7750572108176357
3538.132386156648 1.1003415739456865
3548.1416393442623 1.9282581983383502
3558.150892531876 1.4285231154249383
3568.16014571949 0.8366870709188677
3578.1693989071036 1.3233453955155738
3588.1786520947176 1.895791763896874
3598.1879052823315 1.5796949507930604
3608.197158469945 1.8840677736818967
3618.2064116575593 2.3610312602162176
3628.215664845173 1.8101728161249957
3638.224918032787 1.5399010224672236
3648.2341712204006 2.6454507536045635
3658.243424408014 2.3025240398164746
3668.2526775956285 2.0510219035701804
3678.261930783242 2.596525640592062
3688.2711839708563 2.347841771224368
3698.28043715847 2.3943995400588456
3708.2896903460837 2.3257465588961415
3718.2989435336976 2.8339364424453537
3728.308196721311 3.4018735838208936
3738.3174499089255 3.643906343355091
3748.326703096539 3.272120576730134
3758.335956284153 2.6867665460448444
3768.345209471767 2.8987565806531617
3778.3544626593803 2.7479229373104714
3788.3637158469946 2.834838287846506
3798.372969034608 3.451362350209116
3808.3822222222225 2.713652812066692
3818.391475409836 3.1173413597574036
3828.40072859745 2.506792023177427
3838.409981785064 2.55098244783388
3848.4192349726773 2.3532528436312807
3858.4284881602916 2.062858624460302
3868.437741347905 2.285952630570305
3878.446994535519 2.0846156447630966
3888.456247723133 1.894495361132718
3898.4655009107464 2.0845029140879525
3908.474754098361 2.215383227930152
3918.4840072859743 2.7365371391209266
3928.4932604735886 1.5950263226126464
3938.502513661202 1.6420350141476998
3948.511766848816 1.9129268265187642
3958.52102003643 1.7179027585196207
3968.5302732240434 1.9928528751958696
3978.539526411658 1.7997452286741746
3988.5487795992713 1.7900503906117895
3998.558032786885 1.9415604180053434
4008.567285974499 2.4470447653511
4018.5765391621126 2.572175814760955
4028.585792349727 2.3709515596288906
4038.5950455373404 2.4765802022388312
4048.6042987249543 2.9890538514435163
4058.6135519125683 3.2769679957613267
4068.622805100182 3.8626038531344764
4078.632058287796 3.787750684838852
4088.6413114754096 3.8154824309242787
4098.650564663023 3.9631596153629367
4108.659817850637 3.855840012625836
4118.669071038252 4.3300979629567005
4128.678324225865 4.422762577925079
4138.687577413479 4.485609929317866
4148.696830601093 4.468756693383837
4158.706083788707 4.300787987419257
4168.71533697632 4.246451801999842
4178.724590163934 3.7679100860135053
4188.733843351549 3.861251085032748
4198.743096539161 3.7233814693316205
4208.752349726776 3.699257104850801
4218.76160291439 3.995287857778981
4228.770856102004 3.5797625891981473
4238.780109289617 4.081188632238718
4248.789362477231 3.8859391028892873
4258.798615664846 4.115120565457067
4268.807868852458 4.241153460268074
4278.817122040073 4.11354233600505
4288.826375227687 4.398750944119405
4298.835628415301 4.3087918653544826
4308.844881602914 3.8569673193772758
4318.854134790528 4.258626714915396
4328.863387978143 4.057289729108188
4338.872641165755 4.030572559099057
4348.88189435337 4.01636849403091
4358.891147540984 3.7510004847419034
4368.900400728597 3.8110859345936623
4378.909653916211 3.5038948448262257
4388.918907103825 3.3960115887134052
4398.928160291439 3.5810589919623026
4408.937413479052 3.5424487357254786
4418.946666666667 3.2686259258006696
4428.955919854281 3.3394207897911103
4438.965173041894 3.007992604867711
4448.974426229508 2.9865737765903484
4458.983679417122 2.9178080647524998
4468.992932604736 2.7058743954817546
4479.002185792349 2.9651549483129855
4489.011438979964 2.7626906557543376
4499.020692167578 2.3427688908428874
4509.029945355191 2.4500884935799885
4519.039198542805 2.5681175104557705
4529.048451730419 2.2240634899162415
4539.057704918032 2.3742207492080674
4549.066958105646 2.478609354391424
4559.076211293261 2.255740809631709
4569.085464480875 2.3934976946576936
4579.094717668488 2.558084480367953
4589.103970856102 2.511977634234052
4599.113224043716 2.615351663341112
4609.122477231329 2.6444361775282674
4619.131730418943 2.7696799576132665
4629.140983606558 2.7614506183277534
4639.150236794171 2.6039658651515665
4649.159489981785 2.488811480491957
4659.168743169399 2.4852604642249205
4669.177996357013 2.481427621270024
4679.187249544626 2.6286538830081057
4689.19650273224 2.6278647682820977
4699.205755919855 2.706550779532619
4709.215009107467 2.7873786736108763
4719.224262295082 2.7889569030628927
4729.233515482696 2.858737190977037
4739.24276867031 2.829314484764449
4749.252021857923 2.882297902082136
4759.261275045537 3.037528041755442
4769.270528233152 2.933703089947806
4779.279781420764 2.8292017540893055
4789.289034608379 2.943285197335047
4799.298287795993 2.7855749828085723
4809.3075409836065 2.7192893458238925
4819.31679417122 2.732478834815742
4829.326047358834 2.7963971276223973
4839.335300546449 2.841489397680003
4849.344553734061 2.6964050187696578
4859.353806921676 2.709143585060931
4869.36306010929 2.6860337966564085
4879.3723132969035 2.53328373183627
4889.381566484517 2.4610233690689576
4899.390819672131 2.4668853641764463
4909.400072859746 2.3155444327956083
4919.409326047358 2.3195463717632205
4929.418579234973 2.286741745296313
4939.427832422587 2.1776184517569077
4949.4370856102 2.195317167754518
4959.446338797814 2.2853889771945846
4969.455591985428 2.2177505721081765
4979.464845173042 2.2680284532224064
4989.474098360655 2.1072745104670436
4999.48335154827 2.0515855569459007
5009.492604735884 2.020246429255865
5019.501857923497 2.0724407318475433
5029.511111111111 2.189004249946453
5039.520364298725 2.0174845277148368
5049.529617486339 2.0289266912419537
5059.538870673952 2.140530059634527
5069.548123861567 2.0262211550384976
5079.557377049181 1.8632125987802541
5089.566630236794 1.8588161024496375
5099.575883424408 1.7492418862096566
5109.585136612022 1.6813780197729606
5119.594389799635 1.4960487898362025
5129.603642987249 1.6570281939418536
5139.612896174864 1.71113891801098
5149.622149362478 1.853292299367581
5159.631402550091 1.609624945043796
5169.640655737705 1.6050593527004633
5179.649908925319 1.6874654762307373
5189.659162112932 1.6450787423765882
5199.668415300546 1.5886006741294374
5209.677668488161 1.6572536552921415
5219.686921675774 1.835368122019683
5229.696174863388 1.667624877405391
5239.705428051002 1.6227580686980734
5249.714681238616 1.6324529067604587
5259.723934426229 1.7457472352801924
5269.733187613843 1.877529394523544
5279.742440801458 1.7582603402211776
5289.75169398907 1.7362214932305229
5299.760947176685 1.7128298781381404
5309.770200364299 1.777311824320516
5319.779453551913 1.8351426606693948
5329.788706739526 1.8254478226070099
5339.79795992714 1.7482273101333607
5349.807213114755 1.9342329241209828
5359.816466302367 1.8366081594462669
5369.825719489982 2.0051405187865674
5379.834972677596 1.9736886604213875
5389.844225865209 1.8295061269121942
5399.853479052823 1.7903885826372214
5409.862732240437 1.9568917898249292
5419.871985428052 1.7794537071482521
5429.881238615664 1.760740415074346
5439.890491803279 1.7814828593008445
5449.899744990893 1.8326625858162264
5459.908998178506 1.896017225247162
5469.91825136612 1.953509869570609
5479.927504553734 1.8389755036242912
5489.936757741349 1.752736537139121
5499.946010928961 1.5782294520161881
5509.955264116576 1.651504390859797
5519.96451730419 1.5066454732997399
5529.9737704918025 1.47688457506172
5539.983023679417 1.3426223409652
5549.992276867031 1.3548536192183256
5560.001530054646 1.3398040740865997
5570.010783242258 1.316694285682077
5580.020036429873 1.1289977115672947
5590.029289617487 1.3355203084311273
5600.0385428050995 1.289977115672946
5610.047795992714 1.2854678886671853
5620.057049180328 1.2640490603898227
5630.066302367942 1.3029411433145073
5640.075555555555 1.208021914843248
5650.08480874317 1.232709932699787
5660.094061930784 1.1968615780039908
5670.1033151183965 1.1962979246282708
5680.112568306011 1.1848557611011532
5690.121821493625 1.076510309220242
5700.131074681238 1.0746727992153946
5710.140327868852 1.1196974308679135
5720.149581056467 0.9166920310685741
5730.158834244081 1.027833203693057
5740.1680874316935 1.0
5750.177340619308 1.0502440619116868
5760.186593806922 1.0106417757335948
5770.195846994535 0.9907222654356478
5780.205100182149 1.1074436064797593
5790.214353369764 1.1015590652372418
5800.223606557377 1.1854194144768735
5810.2328597449905 1.2000180369080231
5820.242112932605 1.2545796836777257
5830.251366120219 1.2443211922396205
5840.260619307832 1.2764494346556643
5850.269872495446 1.2188440596570733
5860.279125683061 1.2208732118096657
5870.288378870673 1.1955088099022626
5880.2976320582875 1.2091492215946882
5890.306885245902 1.1815302061844049
5900.316138433516 1.1610132233081945
5910.325391621129 1.2682200953701512
5920.334644808743 1.1641696822122267
5930.343897996358 1.24037561860958
5940.35315118397 1.173413597574036
5950.3624043715845 1.2560451824545977
5960.371657559199 1.2464630750673567
5970.380910746813 1.231357164598059
5980.390163934426 1.1951706178768304
5990.39941712204 1.2082473761935362
6000.408670309655 1.1925778123485182
6010.417923497267 1.1922396203230863
6020.4271766848815 1.1659733730145312
6030.436429872496 1.1641696822122267
6040.445683060109 1.141285355157992
6050.454936247723 1.0860247782023966
6060.464189435337 1.1150416539844659
6070.473442622952 1.109427666362294
6080.482695810564 1.0983800601981806
6090.4919489981785 1.035138151442389
6100.501202185793 1.0967229192735637
6110.510455373405 1.1015590652372418
6120.51970856102 1.041090331089993
6130.528961748634 1.0837701646995166
6140.538214936249 1.0577293787412494
6150.547468123861 1.080726436470628
6160.5567213114755 1.0467832301847657
6170.56597449909 1.0919656847824861
6180.575227686702 1.0951108706190043
6190.584480874317 1.0988986213038432
6200.593734061931 1.0333570067751137
6210.602987249545 1.0958887122774978
6220.612240437158 1.0428489296222396
6230.6214936247725 1.0834319726740844
6240.630746812387 1.0314518583651797
6250.639999999999 1.0470312376700825
6260.649253187614 1.0486996516622138
6270.658506375228 1.0448780817748318
6280.667759562841 1.0221628507333131
6290.677012750455 1.008736627323661
6300.6862659380695 0.9911280958661662
6310.695519125684 0.9986021396282143
6320.704772313296 1.0005749264432344
6330.714025500911 0.968007034394129
6340.723278688525 0.9709718511504166
6350.732531876138 0.9514018059454159
6360.741785063752 0.9872050683711546
6370.7510382513665 0.8617358269358675
6380.76029143898 0.8102179083950535
6390.769544626593 0.7206533869931347
6400.778797814208 0.6788866718522778
6410.788051001822 0.6360602883650671
6420.797304189435 0.6267825538007148
6430.806557377049 0.6150021982481654
6440.8158105646635 0.5858218629871375
6450.825063752276 0.5705412199713664
6460.83431693989 0.6054651831309819
6470.843570127505 0.6254861510365586
6480.852823315119 0.5698422897854736
6490.862076502732 0.592805528312309
6500.871329690346 0.5903705457291983
6510.8805828779605 0.6637469421804367
6520.889836065573 0.6830915260351494
6530.899089253187 0.7477312951627267
6540.908342440802 0.7967465927153439
6550.917595628416 0.7521277914933432
6560.926848816029 0.8135660094468306
6570.936102003643 0.8112775767414072
6580.9453551912575 0.8408242866966531
6590.95460837887 0.8374085472397895
6600.963861566484 0.884777976935304
6610.973114754099 0.8548818018871116
6620.982367941712 0.8923422052374672
6630.991621129326 0.9245268129910831
6641.00087431694 0.9066928201833002
6651.0101275045545 0.8965583324878534
6661.019380692167 0.8972685357412605
6671.028633879781 0.8781268671018071
6681.037887067396 0.8112663036738929
6691.047140255008 0.8460888092258786
6701.056393442623 0.879214718116947
6711.065646630237 0.818999627988772
6721.0748998178515 0.8106688310956296
6731.084153005464 0.8215698873820556
6741.093406193078 0.7923162771821841
6751.102659380693 0.791301701105888
6761.111912568305 0.7765790749320799
6771.12116575592 0.8092935168588726
6781.130418943534 0.7853495214582841
6791.139672131148 0.7791155151228201
6801.148925318761 0.7811672134104412
6811.158178506375 0.7581476095460337
6821.16743169399 0.780490829359577
6831.176684881602 0.6956666328474641
6841.185938069217 0.7063140451148162
6851.195191256831 0.7453188587146449
6861.204444444444 0.7630964861848557
6871.213697632058 0.6697216679630694
6881.222950819672 0.6934514750808843
6891.232204007287 0.6801943476839484
6901.241457194899 0.8976969123068079
6911.250710382514 0.6832268028453223
6921.259963570128 0.7224458047279245
6931.269216757741 0.6147767368978773
6941.278469945355 0.7049612770130881
6951.287723132969 0.6213489352587733
6961.296976320584 0.6704431442839911
6971.306229508196 0.6682674422537117
6981.315482695811 0.6546383036288005
6991.324735883425 0.6585838772588409
7001.333989071038 0.6089147417903886
7011.343242258652 0.6396000315645891
7021.352495446266 0.6046422492024306
7031.36174863388 0.6004261219520444
7041.371001821493 0.629657186016887
7051.380255009108 0.5825808560767471
7061.389508196722 0.6336929441870428
7071.398761384335 0.5863009683564996
7081.408014571949 0.6966924819912748
7091.417267759563 0.5744417013313493
7101.426520947176 0.6246406709729785
7111.43577413479 0.5962099947016583
7121.445027322405 0.6012152366780525
7131.454280510019 0.5982842391243082
7141.463533697632 0.5898632576910504
7151.472786885246 0.5572502733718873
7161.48204007286 0.5122256417193684
7171.491293260473 0.5886006741294374
7181.500546448087 0.5317167754517682
7191.509799635702 0.5591666948493355
7201.519052823315 0.60069667557239
7211.528306010929 0.5193727665234987
7221.537559198543 0.5118423574238787
7231.546812386157 0.5374998590866561
7241.55606557377 0.6251817782136697
7251.565318761384 0.5023053423066951
7261.574571948999 0.5304880110926985
7271.583825136611 0.5973034822505552
7281.593078324226 0.46065135784098216
7291.60233151184 0.6025229125097231
7301.611584699454 0.5086746254523319
7311.620837887067 0.5159344809316063
7321.630091074681 0.4905024406191169
7331.639344262296 0.5385595274330098
7341.648597449908 0.49982526745352673
7351.657850637523 0.5122369147868827
7361.667103825137 0.4947411140045318
7371.6763570127505 0.5110419696303561
7381.685610200364 0.5203760695322804
7391.694863387978 0.5209059037054573
7401.704116575593 0.48067232574655894
7411.713369763205 0.5238030820566585
7421.72262295082 0.5667760154215564
7431.731876138434 0.5240623626094897
7441.741129326047 0.4931290653499724
7451.750382513661 0.5034213759906208
7461.759635701275 0.5225404984950456
7471.76888888889 0.4873234355800557
7481.778142076502 0.4372259235460561
7491.787395264117 0.5119550880990227
7501.796648451731 0.5048079632948922
7511.805901639344 0.5489532956812878
7521.815154826958 0.6489454045340278
7531.824408014572 0.6412346263541773
7541.833661202187 0.48053704893638616
7551.842914389799 0.5371391209261953
7561.852167577414 0.5012005816902838
7571.861420765028 0.48175454022794145
7581.870673952641 0.5114365269933602
7591.879927140255 0.4979144825098357
7601.889180327869 0.3531513860236509
7611.898433515483 0.4150743458802575
7621.907686703096 0.4304508099699009
7631.916939890711 0.4269787051754653
7641.926193078324 0.4613164688243318
7651.935446265938 0.45928731667173955
7661.944699453552 0.46519440404928586
7671.953952641166 0.48600448668087076
7681.96320582878 0.46361617459726967
7691.972459016393 0.4919566663284747
7701.981712204008 0.44884845615340396
7711.990965391621 0.49175375111321545
7722.000218579235 0.44162805641042985
7732.009471766849 0.45017867812010326
7742.018724954463 0.4506634200232225
7752.027978142077 0.484888452996945
7762.03723132969 0.4534929599693373
7772.046484517305 0.4040380127836586
7782.055737704918 0.3900255898632577
7792.064990892532 0.49525967511019425
7802.074244080146 0.41885082349758196
7812.083497267759 0.390453966428805
7822.092750455373 0.427643816158815
7832.102003642987 0.42971806058146483
7842.111256830602 0.4257724869514244
7852.120510018215 0.3570518673836338
7862.129763205829 0.3966316074266969
7872.139016393443 0.3697227952698209
7882.148269581056 0.3674118164293686
7892.15752276867 0.36023087242269497
7902.166775956284 0.4215901789035815
7912.176029143899 0.27446537477312954
7922.185282331512 0.39359915226532294
7932.194535519126 0.4692301622194416
7942.20378870674 0.3784256033909388
7952.213041894353 0.4220749208067008
7962.222295081967 0.3949406472995367
7972.231548269581 0.43122865162839463
7982.240801457196 0.41179388323356675
7992.250054644809 0.4539889749399709
8002.259307832423 0.41374412391355814
8012.268561020037 0.4245662687273834
8022.27781420765 0.41976394196624844
8032.287067395264 0.411410598938077
8042.296320582878 0.4453087129538819
8052.305573770492 0.3996302433855277
8062.314826958105 0.45831783286550104
8072.32408014572 0.4462894698276348
8082.333333333334 0.41881700429503876
8092.342586520947 0.45277148364841563
8102.351839708561 0.42117307540554866
8112.361092896175 0.4432231954637177
8122.370346083789 0.43953690238650844
8132.379599271402 0.4614404725669902
8142.388852459017 0.4627143291961176
8152.398105646631 0.5232507017484528
8162.407358834244 0.5168588724677872
8172.416612021858 0.4731982819845108
8182.425865209472 0.48258874722400713
8192.435118397087 0.46910615847678316
8202.4443715847 0.5478936273349341
8212.453624772314 0.5170956068855896
8222.462877959926 0.5040752139064562
8232.47213114754 0.5800895081560644
8242.481384335155 0.48565502158792434
8252.49063752277 0.4588363939711635
8262.499890710384 0.5493140338417487
8272.509143897996 0.5604518245459773
8282.51839708561 0.5425276471980791
8292.527650273223 0.6152389326659677
8302.536903460837 0.38229226554837836
8312.546156648452 0.4772678593572098
8322.555409836066 0.4913591937502114
8332.56466302368 0.4799621224931517
8342.573916211293 0.5728521988118187
8352.583169398908 0.4094829043931144
8362.59242258652 0.4737619353602309
8372.601675774134 0.3998669778033301
8382.610928961749 0.494493106519215
8392.620182149363 0.44300900718094405
8402.629435336976 0.42434080737709545
8412.63868852459 0.39911168227986527
8422.647941712205 0.4334945381987893
8432.657194899817 0.4807737833541886
8442.666448087431 0.45737089519429136
8452.675701275046 0.49086317877957775
8462.68495446266 0.504717778754777
8472.694207650273 0.436042251457044
8482.703460837887 0.4717609658764247
8492.712714025502 0.46828322454823185
8502.721967213114 0.36796419673757425
8512.731220400728 0.41502925361019993
8522.740473588343 0.47511470346195905
8532.749726775957 0.49355744191551965
8542.75897996357 0.4417126044167879
8552.768233151184 0.4274634470785845
8562.777486338799 0.46974872332510403
8572.786739526411 0.4325701466626084
8582.795992714025 0.45843056354064504
8592.80524590164 0.4159761912814096
8602.814499089254 0.42044032601711256
8612.823752276867 0.3851218054944931
8622.833005464481 0.5051010630502666
8632.842258652094 0.42718162039072455
8642.851511839708 0.4943127374389845
8652.860765027322 0.33008668988918577
8662.870018214937 0.3510207762634291
8672.879271402551 0.36151600211933677
8682.888524590164 0.38252899996618084
8692.897777777778 0.44231007699505115
8702.90703096539 0.4668402719063885
8712.916284153005 0.40670972978457176
8722.92553734062 0.4279143697791607
8732.934790528234 0.4440348563247546
8742.944043715848 0.3746603988411287
8752.95329690346 0.4591858590641099
8762.962550091075 0.5586368606761586
8772.971803278688 0.44011182882974287
8782.981056466302 0.3990553169422932
8792.990309653916 0.46107973440652944
8802.99956284153 0.4860157597483852
8813.008816029143 0.4859030290732412
8823.018069216758 0.4526587529732716
8833.027322404372 0.33585850045655924
8843.036575591985 0.4962517050514616
8853.0458287796 0.46095573066387097
8863.055081967213 0.515506104366059
8873.064335154828 0.4170978614990925
8883.07358834244 0.5329793590133812
8893.082841530055 0.49015297552617043
8903.09209471767 0.5126201990823723
8913.101347905282 0.598701342622341
8923.110601092896 0.4023583257240128
8933.11985428051 0.5360794525798416
8943.129107468125 0.40878397420722157
8953.138360655737 0.5524592196782667
8963.147613843352 0.4502012242551321
8973.156867030964 0.4703461959033673
8983.166120218579 0.40973091187843125
8993.175373406193 0.5972583899804976
