3507.326183970856 -533.9119229894641
3517.3385519125686 3009.7779125293714
3527.3509198542806 634.0786780868642
3537.3632877959926 1038.732661259759
3547.375655737705 -343.01523535208065
3557.3880236794175 313.97710907299324
3567.4003916211295 694.353066019859
3577.4127595628415 884.1810050784507
3587.425127504554 911.3924050632911
3597.4374954462664 1036.534525884939
3607.4498633879784 142.63624649435306
3617.4622313296904 592.3823239596755
3627.4745992714024 1586.068369589934
3637.486967213115 2031.986659592208
3647.4993351548273 166.14871522777233
3657.5117030965393 1125.9758963086485
3667.5240710382513 196.111574319715
3677.536438979964 1089.6687637383461
3687.5488069216763 815.8114151443948
3697.5611748633883 647.7071174107481
3707.5735428051003 610.5358902448269
3717.5859107468123 -322.6104752520276
3727.5982786885247 63.42454331842644
3737.610646630237 232.85075418782688
3747.623014571949 351.3037216705829
3757.635382513661 -66.35715909952248
3767.6477504553736 668.0209201849466
3777.660118397086 220.46539831728947
3787.672486338798 361.3052376260138
3797.68485428051 230.45554460698855
3807.6972222222225 446.001667550974
3817.709590163935 895.4748730387327
3827.721958105647 361.11574319715
3837.734326047359 527.4463730766315
3847.746693989071 -67.03706511028575
3857.7590619307834 428.8183127416054
3867.771429872496 461.3203971803229
3877.783797814208 279.5876601227924
3887.79616575592 249.34434927613128
3897.8085336976324 265.2467217463807
3907.820901639345 278.1778215720458
3917.833269581057 459.04646403395736
3927.845637522769 -139.89236716440536
3937.858005464481 419.29053285833396
3947.8703734061933 -42.5089062381566
3957.8827413479057 24.795725005684833
3967.8951092896177 261.66148715227774
3977.9074772313297 2.393996816493595
3987.919845173042 23.68301371939665
3997.9322131147546 53.005381641779735
4007.9445810564666 25.233836125217916
4017.9569489981786 -34.91245357386493
4027.9693169398906 -125.02842416432956
4037.9816848816035 30.55029182142045
4047.9940528233155 79.51944212840142
4058.0064207650275 169.69605093610247
4068.0187887067395 179.99696808913816
4078.031156648452 -97.62752975062533
4088.0435245901645 228.60607898127796
4098.055892531876 412.92352004851057
4108.068260473588 -110.58136890775413
4118.0806284153 119.86659592207988
4128.092996357012 -29.923065261881302
4138.105364298725 17.368301371939666
4148.117732240437 192.42022284544836
4158.13010018215 186.87940574547108
4168.142468123862 25.981960130372165
4178.154836065574 108.61820662472523
4188.167204007286 262.06321534146895
4198.179571948998 175.17622981884335
4208.19193989071 58.30440385052679
4218.204307832423 95.50519214735087
4228.216675774135 -3.780489653604184
4238.229043715847 93.92101872204958
4248.24141165756 1.685363450314559
4258.253779599272 -94.81543242628666
4268.266147540984 -24.66459486091109
4278.278515482696 262.66201773667854
4288.290883424408 252.70219055559767
4298.30325136612 -54.65398317289471
4308.315619307833 -11.714545592359585
4318.327987249545 -19.90449480785265
4328.340355191257 43.99378458273327
4338.35272313297 139.4527400894414
4348.365091074682 44.49329189721822
4358.377459016394 32.490714772985676
4368.389826958106 8.477980747366027
4378.402194899818 39.98825134541044
4388.41456284153 -55.890244826802096
4398.426930783243 -10.513908891078602
4408.439298724955 61.747138634124155
4418.451666666667 -45.355112559690745
4428.46403460838 89.33525354354583
4438.476402550092 129.50049268551504
4448.488770491804 171.68953232774956
4458.501138433516 -36.63306298794816
4468.513506375228 106.62472523307815
4478.52587431694 27.2849238232396
4488.538242258653 97.5517319790798
4498.550610200365 96.3177442583188
4508.562978142077 51.858561358296065
4518.57534608379 44.50617751838096
4528.587714025502 39.428484802546805
4538.600081967214 86.78844841961647
4548.612449908926 14.100659440612446
4558.624817850638 -58.735693170620785
4568.63718579235 -33.420753429849164
4578.6495537340625 48.0489653604184
4588.6619216757745 81.58872129159403
4598.674289617487 -34.57666944591829
4608.686657559199 -26.130523762601378
4618.699025500911 95.86902145076934
4628.711393442623 5.453649662699916
4638.723761384335 5.219813537481998
4648.736129326047 16.329113924050635
4658.748497267759 67.92693094823012
4668.760865209472 84.96172212536952
4678.773233151184 30.008337754870006
4688.785601092897 49.0244826802092
4698.797969034609 26.084287121958614
4708.810336976321 -30.178124763131965
4718.822704918033 8.170241794891231
4728.835072859745 -35.26718714469795
4738.847440801457 -7.954218145986508
4748.859808743169 6.539831728947169
4758.872176684882 -36.69521716061548
4768.884544626594 11.631168043659518
4778.896912568307 -3.7927688925945575
4788.909280510019 -5.265746987038582
4798.921648451731 47.49033578412794
4808.934016393443 30.553323732282273
4818.946384335155 46.561813082695366
4828.958752276867 -0.2491700144015766
4838.97112021858 75.05267945122414
4848.983488160292 77.8139922686273
4858.995856102004 8.388539376942319
4869.008224043717 -5.410596528462063
4879.020591985429 -0.7738952474797238
4889.032959927141 83.14257560827711
4899.045327868853 32.63245660577579
4909.057695810565 -5.787311453043281
4919.070063752277 132.73705753050862
4929.08243169399 37.70256954445539
4939.094799635702 -2.826423103160767
4949.107167577414 105.65451375729553
4959.119535519127 102.68324111271129
4969.131903460839 23.489729401955582
4979.144271402551 -12.928825892518761
4989.156639344263 64.95262639278405
4999.169007285975 9.00591222618055
5009.181375227687 -94.98976730084136
5019.1937431694 26.801334040779203
5029.206111111112 63.98241491700144
5039.2184790528245 64.71386341241568
5049.2308469945365 26.404153717880693
5059.2432149362485 -54.857879178352164
5069.2555828779605 7.744258318805427
5079.2679508196725 27.76396573940726
5089.2803187613845 -20.056090350943684
5099.2926867030965 20.36989312514212
5109.305054644809 -2.3153945274008945
5119.317422586521 59.00325930417645
5129.329790528234 108.34912453573865
5139.342158469946 119.73773971045252
5149.354526411658 49.784734328810735
5159.36689435337 -53.26839990904268
5169.379262295082 96.16463275979686
5179.391630236794 65.7159099522474
5189.403998178506 -4.8714469794588044
5199.416366120219 56.257864018797854
5209.428734061931 -1.912529371636474
5219.441102003644 -3.4644887440309255
5229.453469945356 26.783142575608277
5239.465837887068 102.31183203213827
5249.47820582878 -5.596528462063216
5259.490573770492 86.2654437959524
5269.502941712204 33.77548700068218
5279.515309653916 49.22458879708937
5289.527677595629 97.35465777306148
5299.540045537341 46.58379443644357
5309.552413479054 32.94550140225877
5319.564781420766 135.86750549533843
5329.577149362478 37.222011672856816
5339.58951730419 5.9188205866747525
5349.601885245902 73.28507541878268
5359.614253187614 8.323353293413174
5369.626621129327 -33.3813385886455
5379.638989071039 -11.92412643068294
5389.651357012751 8.113393466232093
5399.663724954464 110.12658227848102
5409.676092896176 14.879860532100357
5419.688460837888 -53.94830591980596
5429.7008287796 4.165466535283863
5439.713196721312 -33.6905934965512
5449.725564663024 49.0820889865838
5459.737932604737 63.84522095050406
5469.750300546449 -0.54547866292731
5479.762668488161 30.210717804896536
5489.775036429874 33.72546047146214
5499.787404371586 68.09595997877662
5509.799772313298 58.32411127112863
5519.81214025501 -4.2961418934283335
5529.824508196722 42.541499279921176
5539.836876138434 22.852270143257787
5549.8492440801465 -80.30015917532023
5559.8616120218585 40.607140150079594
5569.873979963571 -40.69203365421057
5579.886347905283 -11.107405442279997
5589.898715846995 -100.97021147578262
5599.911083788707 68.24755552186765
5609.923451730419 -89.6687637383461
5619.935819672131 -1.8003486697491093
5629.948187613843 -82.13825513529902
5639.960555555556 22.107936026680814
5649.972923497268 38.20662472523308
5659.985291438981 75.89630864852575
5669.997659380693 -3.1794133252482375
5680.010027322405 -74.95490032593041
5690.022395264117 -49.61873720912605
5700.034763205829 -37.76017585082999
5710.047131147541 -1.3375274766921852
5720.059499089253 -25.321003562495264
5730.071867030966 18.782687788979004
5740.084234972679 -40.90199348139165
5750.096602914391 6.658910028045176
5760.108970856103 -92.97354657773062
5770.121338797815 44.002122337603275
5780.133706739527 18.09823391192299
5790.146074681239 38.399909042674146
5800.158442622951 -25.90995224740393
5810.170810564663 -6.383385128477223
5820.183178506376 -16.510270598044418
5830.195546448089 -42.825740923216856
5840.207914389801 98.18843326006217
5850.220282331513 -10.025771242325476
5860.232650273225 14.801030849693019
5870.245018214937 -39.41711513681498
5880.257386156649 -71.43068293792163
5890.269754098361 -26.398089896157057
5900.282122040073 -2.0140225877359206
5910.294489981786 -16.038808459031305
5920.306857923499 15.963768665201243
5930.319225865211 -24.854089289774883
5940.331593806923 -28.82437656332904
5950.343961748635 -9.235958462821193
5960.356329690347 -45.36799818085348
5970.368697632059 -30.660198590161453
5980.381065573771 -32.51572803759569
5990.393433515483 -3.2756006973394984
6000.405801457196 7.8058819070719325
6010.4181693989085 -28.768286212385355
6020.4305373406205 -64.97536572424771
6030.4429052823325 -36.355643144091566
6040.4552732240445 -40.701129386796026
6050.4676411657565 15.479420905025393
6060.4800091074685 -28.845599939361783
6070.4923770491805 -29.273099370878494
6080.5047449908925 9.011597059046464
6090.517112932605 -12.300462366406428
6100.529480874318 0.970211475782612
6110.54184881603 -33.760327446373076
6120.554216757742 -33.52308042143561
6130.566584699454 59.897673008413555
6140.578952641166 -31.689532327749564
6150.591320582878 -15.154248465095126
6160.60368852459 -14.810126582278482
6170.616056466303 26.320776169180625
6180.628424408015 1.6949897673008414
6190.640792349728 -38.31122564996589
6200.65316029144 -39.5452133707269
6210.665528233152 -34.48798605321004
6220.677896174864 8.904722201167285
6230.690264116576 10.609414083225953
6240.702632058288 43.7716971121049
6250.715 18.068263473053893
6260.727367941713 24.812400515424844
6270.739735883426 -22.402789357992873
6280.752103825138 -66.09186689911317
6290.76447176685 -22.803759569468657
6300.776839708562 38.656863488213446
6310.789207650274 -19.164708557568407
6320.801575591986 -5.746380656408702
6330.813943533698 -14.127188660653376
6340.82631147541 7.375881149094217
6350.838679417123 9.019934813916471
6360.851047358836 -56.00394148412037
6370.863415300548 -47.9348897142424
6380.87578324226 -1.687713181232472
6390.888151183972 -23.000833775487
6400.900519125684 -55.711362085954676
6410.912887067396 -24.049116955961495
6420.925255009108 1.4611536420829228
6430.93762295082 -28.845599939361783
6440.949990892533 -13.987720761009626
6450.962358834246 9.457287955734103
6460.974726775958 7.549988630334268
6470.98709471767 -60.22511938149018
6480.999462659382 -2.4080194042295155
6491.011830601094 -56.0524520579095
6501.024198542806 -42.725308875919055
6511.036566484518 2.996513302508906
6521.04893442623 19.383006139619496
6531.0613023679425 -22.047297809444405
6541.073670309655 -9.72258015614341
6551.086038251367 -23.784582733267644
6561.098406193079 -46.9415599181384
6571.110774134791 -34.658531039187444
6581.123142076503 13.000833775487001
6591.135510018215 13.701205184567574
6601.147877959927 18.24528158872129
6611.160245901639 11.97377397104525
6621.172613843352 7.245205790949746
6631.184981785065 15.91904797998939
6641.197349726777 0.3572727961797923
6651.209717668489 -1.5541575077692718
6661.222085610201 -18.336996892291367
6671.234453551913 -34.710831501553855
6681.246821493625 -7.7290987644963245
6691.259189435337 -40.90578336996892
6701.27155737705 27.47214431895702
6711.283925318762 15.223224437201546
6721.296293260475 -22.567270522246645
6731.308661202187 -44.725991055862956
6741.321029143899 13.84597892821951
6751.333397085611 -10.758053513226711
6761.345765027323 -0.3653983172894717
6771.358132969035 -41.46820283483665
6781.370500910747 -12.975062533161525
6791.38286885246 -18.491624346244222
6801.395236794173 -2.3195634048358977
6811.407604735885 -6.926855150458576
6821.419972677597 -19.75744713105435
6831.432340619309 19.784734328810732
6841.444708561021 13.065261881300689
6851.457076502733 5.048586371560676
6861.469444444445 -25.42787842037444
6871.481812386157 -3.664325778822103
6881.49418032787 20.66474645645418
6891.506548269583 -9.740771621314334
6901.518916211295 5.318123247176533
6911.531284153007 -1.9444402334571362
6921.543652094719 30.617751838095963
6931.556020036431 -15.821268854695672
6941.568387978143 -4.543166830895172
6951.580755919855 -32.7370575305086
6961.593123861567 -0.9767300841355264
6971.60549180328 -27.073448040627607
6981.6178597449925 14.040779201091487
6991.6302276867045 -21.80626089592966
7001.6425956284165 -51.13317668460547
7011.6549635701285 -14.212082164784356
7021.6673315118405 -40.48737967103767
7031.6796994535525 -30.702645342226937
7041.6920673952645 -38.31046767225044
7051.7044353369765 2.0980823163798985
7061.716803278689 -17.990601076328357
7071.729171220402 0.3369665731827484
7081.741539162114 -1.3934662320927766
7091.753907103826 -33.12286818767528
7101.766275045538 2.0543470021981354
7111.77864298725 -31.399984840445693
7121.791010928962 -5.25765178503752
7131.803378870674 7.2489198817554765
7141.815746812386 -17.54642613507163
7151.828114754099 -29.0244826802092
7161.840482695812 15.613582960660958
7171.852850637524 4.779428484802547
7181.865218579236 -0.6891760782233002
7191.877586520948 -22.529371636473886
7201.88995446266 -3.0055332373228225
7211.902322404372 -8.983551883574624
7221.914690346084 -28.722807549458047
7231.927058287797 -7.5956946865762145
7241.939426229509 37.580535132267116
7251.951794171222 19.277647237171227
7261.964162112934 -19.487607064352307
7271.976530054646 -3.043432123095581
7281.988897996358 -12.713560221329493
7292.00126593807 -12.470249374668384
7302.013633879782 -27.903433639051013
7312.026001821494 25.715909952247404
7322.038369763207 -25.769726370044722
7332.05073770492 -19.584628211930568
7342.063105646632 9.502008640945956
7352.075473588344 -4.815963010687486
7362.087841530056 24.115061017206095
7372.100209471768 24.067687409990146
7382.11257741348 37.00295611309028
7392.124945355192 39.044190100811036
7402.137313296904 1.6148715227772303
7412.149681238617 -23.105434700219813
7422.16204918033 1.4804820738270295
7432.174417122042 -22.34594102933374
7442.186785063754 14.398544682786325
7452.199153005466 -49.54824528158872
7462.211520947178 -22.95080724626696
7472.22388888889 -23.84294701735769
7482.236256830602 -26.44053664822254
7492.248624772314 -26.42234518305162
7502.2609927140265 4.7783294171151365
7512.273360655739 -11.233229743045554
7522.285728597451 -12.820435079208673
7532.298096539163 -12.21708481770636
7542.310464480875 -40.43811111953308
7552.322832422587 22.272417190934586
7562.335200364299 -7.792768892594558
7572.347568306011 76.11612218600773
7582.359936247723 -39.54748730387327
7592.372304189436 -6.832183733798226
7602.384672131149 -0.7167285681800956
7612.397040072861 18.624270446448875
7622.409408014573 -32.15265671189267
7632.421775956285 -65.6332903812628
7642.434143897997 5.629273099370878
7652.446511839709 21.606154779049497
7662.458879781421 -47.19320851966952
7672.471247723133 -24.859395133783067
7682.483615664846 -3.7899643750473735
7692.495983606559 34.58803911165012
7702.508351548271 -40.491169559614946
7712.520719489983 -2.0953535966042596
7722.533087431695 -22.637004472068522
7732.545455373407 21.697112104904118
7742.557823315119 -42.38459789282195
7752.570191256831 -4.242060183430607
7762.582559198544 -14.174183279011597
7772.594927140257 9.854468278632607
7782.607295081969 -35.26188130068976
7792.619663023681 -45.37557795800803
7802.632030965393 -29.987872356552717
7812.644398907105 -52.30046236640642
7822.656766848817 -35.564314409156374
7832.669134790529 -44.999621011142274
7842.681502732241 -60.865610551049805
7852.693870673954 3.731903282043508
7862.706238615667 -19.75517319790798
7872.718606557379 -39.44743424543318
7882.730974499091 21.236261653907373
7892.743342440803 -23.56855908436292
7902.755710382515 4.1896460244068825
7912.768078324227 -1.673766391268097
7922.780446265939 -40.26529220040931
7932.792814207651 23.611005836428408
7942.805182149364 5.82907602516486
7952.817550091077 -36.31622830288789
7962.829918032789 5.5374062002577125
7972.842285974501 -66.32305010232699
7982.854653916213 10.20086409459562
7992.867021857925 1.937012051845676
8002.879389799637 -38.93352535435458
8012.891757741349 50.19859016144925
8022.904125683061 -80.77010535890246
8032.9164936247735 3.3579170772379294
8042.928861566486 8.716743727734405
8052.941229508198 -5.172970514666869
8062.95359744991 -8.358978246039566
8072.965965391622 -22.75145910710225
8082.978333333334 -8.108845599939363
8092.990701275046 13.294929129083606
8103.003069216758 18.618964602440688
8113.01543715847 -15.661335556734633
8123.027805100183 -2.191029333737588
8133.040173041896 -3.2193587508527246
8143.052540983608 23.87250814826044
8153.06490892532 -2.8191465170923973
8163.077276867032 -45.277798832714325
8173.089644808744 -27.83673160009096
8183.102012750456 -12.123095580989919
8193.114380692168 -61.36132797695748
8203.12674863388 16.474645645418025
8213.139116575592 39.157886758129315
8223.151484517306 3.616842264837414
8233.163852459018 14.496323808080042
8243.17622040073 54.286363980898955
8253.188588342442 -33.79329947699537
8263.200956284154 9.839308724323505
8273.213324225866 -31.67361479572501
8283.225692167578 -42.84469036610324
8293.238060109292 -3.4616842264837415
8303.250428051004 -67.38876677025695
8313.262795992716 1.0
8323.275163934428 15.808383233532934
8333.28753187614 -9.870385810657167
8343.299899817852 -86.81118775108011
8353.312267759564 -29.997726066853634
8363.324635701276 -2.268248313499583
8373.337003642988 -71.45304328052755
8383.3493715847 25.016296520882285
8393.361739526414 64.94656257106041
8403.374107468126 74.96172212536952
8413.386475409838 57.32433866444326
8423.39884335155 -54.196922610475255
8433.411211293262 9.257181838853938
8443.423579234974 5.203441218828167
8453.435947176686 -80.64882892442962
8463.448315118398 26.26695975138331
8473.460683060111 -9.326915788675814
8483.473051001823 51.99120745850072
8493.485418943535 -40.767831425756086
8503.497786885247 56.50231183203214
8513.51015482696 -9.567194724475101
8523.522522768671 22.597589630864853
8533.534890710383 2.5039035852345943
8543.547258652095 44.10975517319791
8553.559626593807 9.76957477450163
8563.57199453552 -50.32593041764572
8573.584362477233 -12.619570984613052
8583.596730418945 -9.740771621314334
8593.609098360657 -3.6281361327976955
8603.62146630237 10.898961570529826
8613.633834244081 15.145152732509663
8623.646202185793 -17.068900174334875
8633.658570127505 -94.79269309482301
8643.670938069217 -31.261274918517397
8653.683306010931 -38.03835367240203
8663.695673952643 -13.495793223679225
8673.708041894355 8.37262184491776
8683.720409836067 63.164556962025316
8693.73277777778 9.273099370878496
8703.745145719491 -34.76843780792845
8713.757513661203 -17.55400591222618
8723.769881602915 -34.182521033881606
8733.782249544627 27.87538846357917
8743.79461748634 77.16213143333586
8753.806985428053 23.602668081558402
8763.819353369765 -63.921776699765026
8773.831721311477 51.753202455847806
8783.844089253189 42.06624725233078
8793.856457194901 -46.91427272038202
8803.868825136613 -38.97142424012734
8813.881193078325 -17.383460926248766
8823.893561020039 3.2124611536420833
8833.90592896175 -78.2384597892822
8843.918296903463 21.547032517243995
8853.930664845175 -17.177290987644962
8863.943032786887 -3.161146062305768
8873.955400728599 16.423103160767077
8883.96776867031 41.61146062305768
8893.980136612023 -33.7633593572349
8903.992504553735 -11.444705525657547
8914.004872495447 123.71712271659214
8924.01724043716 -30.12203441218828
8934.029608378873 -66.15174713863412
8944.041976320585 1.8246797544152202
8954.054344262297 -43.62768134616842
8964.066712204009 -24.052148866823316
8974.07908014572 -55.097400136435986
8984.091448087433 -46.46933980140984
8994.103816029145 -18.00121276434473
