3508.1052823315117 -0.2570998947421182
3518.1158469945353 4.1045561625983655
3528.126411657559 -0.5874893489048167
3538.136976320583 1.5425793193323643
3548.1475409836066 0.4249862162297629
3558.1581056466302 0.9261691143301088
3568.168670309654 2.0294220841060597
3578.1792349726775 2.6236278883263995
3588.189799635701 2.62934188762468
3598.2003642987247 0.9809032128715353
3608.2109289617483 3.7799107814144652
3618.221493624772 -0.4086712445491454
3628.232058287796 2.158638664728585
3638.2426229508196 0.673921106711443
3648.2531876138432 2.0382436970577915
3658.263752276867 1.222545235827778
3668.2743169398905 2.868678261741266
3678.284881602914 1.6701418475264396
3688.295446265938 0.12221442534208811
3698.3060109289618 2.6195178186557064
3708.3165755919854 1.0702220440078192
3718.327140255009 2.110320284697509
3728.3377049180326 1.1717207157535963
3738.3482695810562 1.9076738008119893
3748.35883424408 2.1073129166457822
3758.3693989071035 1.4373715603227908
3768.379963570127 2.8335171169364943
3778.390528233151 2.911583379279234
3788.4010928961748 1.9886722470051628
3798.4116575591984 2.6053831888125907
3808.422222222222 2.39155932033482
3818.4327868852456 1.2526690391459074
3828.4433515482697 1.1329256678863215
3838.4539162112933 1.8433662473058994
3848.464480874317 2.1200441080647585
3858.4750455373405 2.091724725577665
3868.485610200364 1.7179589995488946
3878.4961748633878 1.8923863465490451
3888.5067395264114 2.506741516715954
3898.517304189435 1.5597714400280687
3908.5278688524586 1.0734549646634253
3918.5384335154827 1.9745877399629093
3928.5489981785063 1.4802265550598968
3938.55956284153 1.681870582928174
3948.5701275045535 1.0899203047466293
3958.580692167577 1.6838754949626584
3968.5912568306007 0.9800010024560172
3978.601821493625 0.9978948423637912
3988.6123861566484 1.4265951581374368
3998.622950819672 1.1995388702320684
4008.6335154826957 1.4166207207658765
4018.6440801457193 0.7928925868377525
4028.654644808743 1.782416921457571
4038.6652094717665 1.2377825672898601
4048.67577413479 1.6273870983910583
4058.6863387978137 1.552704125106511
4068.696903460838 1.434815297478823
4078.7074681238614 1.8310360382938198
4088.718032786885 2.1167360032078593
4098.728597449909 1.869981454563681
4108.739162112933 1.618916345045361
4118.749726775956 2.2845972632950726
4128.76029143898 2.1942258533406847
4138.770856102004 2.4666933988271262
4148.781420765027 2.690040599468698
4158.791985428051 2.5417272317177084
4168.802550091074 2.412134730088717
4178.813114754098 2.23422384842865
4188.823679417122 2.5453360733797803
4198.834244080145 2.2392862513157237
4208.844808743169 1.70953836900406
4218.8553734061925 1.6548543932634954
4228.865938069216 1.8071274622825924
4238.87650273224 2.485639817553005
4248.887067395264 2.2186857801613953
4258.897632058288 2.2170818505338077
4268.9081967213115 2.1852037491855043
4278.918761384335 2.0736303944664427
4288.929326047359 1.6303443436419227
4298.939890710382 2.185153626384642
4308.950455373406 1.586211217482833
4318.9610200364295 2.3693549195529044
4328.971584699453 2.0071174377224197
4338.982149362477 2.3983258984512053
4348.9927140255 2.0004009824068967
4359.003278688524 1.9601022505137586
4369.013843351548 2.0198987519422587
4379.024408014572 2.019247155531051
4389.034972677596 1.9529848127913387
4399.045537340619 2.1381885619768433
4409.056102003643 2.072477570046614
4419.066666666667 2.263595809733848
4429.07723132969 1.9429602526189165
4439.087795992714 2.1240288707332966
4449.098360655737 2.0741817452759257
4459.108925318761 1.85785173675505
4469.119489981785 2.07879304295524
4479.130054644808 1.868578016139542
4489.140619307832 2.0853591298681766
4499.1511839708555 2.1676607688837652
4509.161748633879 2.280236579620069
4519.172313296903 1.8777504886973084
4529.182877959926 2.060448097839707
4539.19344262295 1.7132474562678561
4549.2040072859745 1.7386095935040848
4559.214571948998 1.4920555360633552
4569.225136612022 1.811488145957596
4579.235701275045 1.5767881309207559
4589.246265938069 1.6234775199238134
4599.256830601093 2.0378427146508944
4609.267395264116 1.9427597614154677
4619.27795992714 2.254774196782116
4629.288524590163 1.8030675154127611
4639.299089253187 1.840910230063656
4649.309653916211 1.8287805122550247
4659.320218579234 1.9757405643827377
4669.330783242259 1.8612600872136735
4679.341347905282 1.8370507743972735
4689.351912568306 1.8798556463335172
4699.36247723133 1.4158688787529448
4709.373041894353 1.7357776552553754
4719.383606557377 1.9600020049120344
4729.3941712204005 1.8587038243697056
4739.404735883424 2.0132324194275975
4749.415300546448 2.1030023557716406
4759.425865209471 1.953586286401684
4769.436429872495 2.0857601122750737
4779.446994535519 2.203448448699313
4789.457559198542 1.8882261540774896
4799.468123861566 2.1220490200992432
4809.478688524589 2.0851586386647285
4819.489253187613 2.141296175630294
4829.499817850637 2.1196932484587236
4839.510382513661 1.8159991980351862
4849.520947176685 2.036689890231066
4859.531511839708 2.044208310360383
4869.542076502732 2.2497117938950426
4879.552641165756 2.0427547491353817
4889.563205828779 2.1491654553656456
4899.573770491803 2.1517718410104756
4909.5843351548265 1.9190516766076888
4919.59489981785 1.9016089419076738
4929.605464480874 2.0770387449250665
4939.616029143897 1.7099393514109569
4949.626593806921 1.5426795649340883
4959.6371584699455 1.7956994636860308
4969.647723132969 1.6255325547591597
4979.658287795993 1.6284647386095934
4989.668852459016 1.8394065460377926
4999.67941712204 1.8183549696757053
5009.6899817850635 1.4947621673099092
5019.700546448087 1.6907423186807677
5029.711111111111 1.406145055385695
5039.721675774134 1.5362137236228761
5049.732240437158 1.6699413563229912
5059.742805100182 1.5973134178737907
5069.753369763205 1.6771590396471354
5079.763934426229 1.5857350508746428
5089.7744990892525 1.641722219437622
5099.785063752276 1.5341586887875294
5109.7956284153 1.523231918199589
5119.806193078323 1.5926018745927522
5129.816757741348 1.2963761214976692
5139.827322404371 1.5618264748634154
5149.837887067395 1.1713698561475616
5159.848451730419 1.48173023908576
5169.859016393442 1.2481579870683175
5179.869581056466 1.5273419878702823
5189.8801457194895 1.5045862362788833
5199.890710382513 1.7653250463635908
5209.901275045537 1.4658914340133327
5219.91183970856 1.5917497869780963
5229.922404371584 1.5860859104806775
5239.932969034608 1.5284948122901107
5249.943533697632 1.5586436770086711
5259.954098360656 1.5350107764021854
5269.964663023679 1.3141195930028569
5279.975227686703 1.626033782767781
5289.985792349727 1.5552102651496165
5299.99635701275 1.6634253922109166
5310.006921675774 1.6439276226755553
5320.017486338797 1.4326098942408902
5330.028051001821 1.3697559019598013
5340.038615664845 1.2874542629442134
5350.049180327868 1.563881509698762
5360.059744990892 1.6028269259686232
5370.0703096539155 1.6374116585634804
5380.080874316939 1.6539020600471155
5390.091438979963 1.4681469600521277
5400.102003642986 1.726880858102351
5410.11256830601 1.3792792341236029
5420.123132969034 1.6661821462583328
5430.133697632058 1.5825271916194676
5440.144262295082 1.6847777053781765
5450.154826958105 1.9163450453611346
5460.165391621129 1.4410806475865872
5470.175956284153 1.467294872437472
5480.186520947176 1.6238785023307103
5490.1970856102 1.6882361786376623
5500.207650273223 1.6932484587238732
5510.218214936247 1.5627788080797955
5520.228779599271 1.6601674101548793
5530.239344262294 1.9015588191068118
5540.249908925319 1.503132675053882
5550.260473588342 1.6362588341436521
5560.271038251366 1.2146759560924265
5570.28160291439 1.3633903062503132
5580.292167577413 1.613102100145356
5590.302732240437 1.3241942759761416
5600.3132969034605 1.1521728234173725
5610.323861566484 1.3237932935692447
5620.334426229508 1.0705227808129918
5630.344990892531 1.2579319332364294
5640.355555555555 1.2705628790536816
5650.3661202185785 1.3042203398325898
5660.376684881602 0.8875745576662822
5670.387249544626 1.1922710641070622
5680.397814207649 1.094782216430254
5690.408378870673 1.2611899152924664
5700.418943533697 1.2290110771389904
5710.42950819672 1.1111222495113027
5720.440072859744 1.1092677058794045
5730.4506375227675 1.1512706130018546
5740.461202185792 1.1737256277880808
5750.471766848816 1.0394466442784822
5760.482331511839 1.048719362437973
5770.492896174863 0.923612851486141
5780.503460837886 1.0247857250263144
5790.51402550091 1.0229562427948473
5800.524590163934 0.9381985865370157
5810.535154826957 0.8943411357826675
5820.545719489982 1.1082652498621623
5830.556284153005 1.0337827677810636
5840.566848816029 1.0008019648137938
5850.577413479053 1.1975339581975841
5860.587978142076 1.1262593353716606
5870.5985428051 1.1310210014535613
5880.6091074681235 1.2432960753846924
5890.619672131147 1.2222444990226053
5900.630236794171 1.3152222946218233
5910.640801457194 1.2600621522730688
5920.651366120218 1.0632549746879856
5930.661930783242 1.2122700616510451
5940.672495446265 1.1405944564182247
5950.683060109289 1.2606886872838454
5960.693624772312 1.292165806225252
5970.704189435336 1.2187860257631196
5980.71475409836 1.2098641672096637
5990.725318761383 1.2077088867725927
6000.735883424407 1.1912184852889578
6010.7464480874305 1.054032379329357
6020.757012750454 1.1009974437371561
6030.767577413479 1.159190015538068
6040.778142076502 1.1414966668337427
6050.788706739526 0.9270212019447647
6060.7992714025495 1.0559871685629794
6070.809836065573 1.0825021302190367
6080.820400728597 1.099644128113879
6090.83096539162 0.9140393965214776
6100.841530054644 1.0417021703172773
6110.8520947176685 1.0015538068267253
6120.862659380692 1.000902210415518
6130.873224043716 0.9914290010525788
6140.883788706739 1.1164352664026866
6150.894353369763 1.0708235176181644
6160.904918032787 1.0242594356172623
6170.91548269581 1.014736103453461
6180.926047358834 1.041150819507794
6190.936612021857 1.1076136534509549
6200.947176684881 1.1150318279785474
6210.957741347905 1.0344844869931331
6220.968306010928 1.1500175429803017
6230.978870673952 0.9307302892085609
6240.9894353369755 1.1167360032078593
6250.999999999999 1.1935241341286151
6261.010564663023 1.1311212470552854
6271.021129326046 1.0660618515362636
6281.03169398907 1.0994937597112926
6291.042258652094 1.0105759109819057
6301.052823315117 1.0453110119793494
6311.063387978141 1.1139792491604432
6321.073952641165 1.0
6331.084517304189 1.055836800160393
6341.0950819672125 1.0118289810034584
6351.105646630236 0.9693749686732495
6361.11621129326 1.0823517618164504
6371.126775956283 1.0608490802466042
6381.137340619307 0.9542378828128916
6391.147905282331 1.012981805423287
6401.158469945355 1.0117788582025964
6411.169034608379 0.9449651646534009
6421.179599271402 0.9954388251215477
6431.190163934426 0.7709889228610094
6441.20072859745 0.7709889228610094
6451.211293260473 0.7135231316725978
6461.221857923497 0.6912936694902511
6471.23242258652 0.7778056237782568
6481.242987249544 0.6441281138790036
6491.253551912568 0.6633752694100545
6501.264116575591 0.6448298330910731
6511.274681238615 0.6283895544083004
6521.2852459016385 0.5894441381384391
6531.295810564662 0.7005663876497419
6541.306375227686 0.6902912134730088
6551.316939890709 0.6549546388652198
6561.327504553733 0.6884867926419729
6571.338069216757 0.7585584682472056
6581.34863387978 0.752919653150218
6591.359198542804 0.9024610295223296
6601.369763205827 0.9225101498671746
6611.380327868852 0.945065410255125
6621.390892531876 0.9492757255275425
6631.401457194899 0.9129366949025111
6641.412021857923 0.9649641621973835
6651.422586520946 0.9261691143301088
6661.43315118397 0.9701268106861811
6671.443715846994 0.9230113778757957
6681.454280510017 0.9341887624680468
6691.464845173041 1.0028569996491403
6701.475409836065 1.0489198536414215
6711.485974499089 0.9860658613603327
6721.496539162113 0.9237130970878653
6731.507103825136 0.940554358177535
6741.51766848816 1.0883163751190417
6751.5282331511835 0.8908826625231818
6761.538797814207 1.086211217482833
6771.549362477231 1.0185454363189816
6781.559927140254 0.916846273369756
6791.570491803278 0.9892235978146459
6801.581056466302 0.849882211417974
6811.591621129325 0.9266202195378677
6821.602185792349 0.8574507543481529
6831.612750455372 0.9369956393163249
6841.623315118396 0.8827627687835196
6851.63387978142 0.9449150418525385
6861.644444444443 0.9662172322189364
6871.655009107467 0.8531903162748733
6881.6655737704905 0.9158438173525135
6891.676138433514 0.9396020249611547
6901.686703096538 0.8487795097990076
6911.697267759562 0.8894792240990426
6921.707832422586 0.7805122550248107
6931.7183970856095 0.8218635657360532
6941.728961748633 1.233171269610546
6951.739526411657 0.8331913187308907
6961.75009107468 0.9644629341887625
6971.760655737704 0.7429201543782266
6981.7712204007275 0.8477269309809032
6991.781785063752 0.7447245752092627
7001.792349726776 0.8070272166808681
7011.802914389799 0.8539421582878051
7021.813479052823 0.7775048869730841
7031.8240437158465 0.7342990326299433
7041.83460837887 0.7769034133627387
7051.845173041894 0.8718359981955791
7061.855737704917 0.7795599218084307
7071.866302367941 0.8510350358378026
7081.876867030965 0.7586587138489298
7091.887431693988 0.8072277078843165
7101.897996357012 0.9233622374818304
7111.908561020035 0.9031627487343992
7121.919125683059 0.8698812089619568
7131.929690346083 0.7285349105308004
7141.940255009106 0.7558518370006516
7151.95081967213 0.73635406746529
7161.9613843351535 0.6842263545686933
7171.971948998177 0.7647235727532454
7181.982513661201 0.6477369555410756
7191.993078324224 0.7040749837100897
7202.003642987249 0.6986115984161195
7212.0142076502725 0.685429301789384
7222.024772313296 0.6902912134730088
7232.03533697632 0.7081349305799208
7242.045901639343 0.8958448198085309
7252.056466302367 0.7246002706631246
7262.067030965391 0.6709939351410957
7272.077595628414 0.5887424189263696
7282.088160291439 0.8702821913688537
7292.098724954462 0.635356623728134
7302.109289617486 0.7948974988722369
7312.11985428051 0.6546539020600471
7322.130418943533 0.7001654052428449
7332.140983606557 0.722971279635106
7342.15154826958 0.6578617613152222
7352.162112932604 0.6768583028419628
7362.172677595628 0.6669339882712645
7372.183242258651 0.7027717908876748
7382.193806921675 0.5743070522780813
7392.2043715846985 0.6825723021402436
7402.214936247722 0.6661821462583329
7412.225500910746 0.6133527141496666
7422.236065573769 0.5462884065961605
7432.246630236793 0.6563580772893589
7442.257194899817 0.6486892887574558
7452.26775956284 0.6076387148513859
7462.278324225864 0.6722971279635106
7472.288888888887 0.6808180041100697
7482.299453551911 0.7587088366497919
7492.310018214936 0.6591649541376372
7502.320582877959 0.5885419277229211
7512.331147540983 0.5878903313117136
7522.341712204006 0.6892887574557666
7532.35227686703 0.6084406796651797
7542.362841530054 0.5185203749185505
7552.373406193077 0.6149065209763922
7562.383970856101 0.5646834745125557
7572.394535519125 0.7023708084807779
7582.405100182149 0.5289459174978698
7592.415664845173 0.5820760864117086
7602.426229508196 0.47593604330609995
7612.43679417122 0.6682873038945416
7622.4473588342435 0.6107463285048369
7632.457923497267 0.6384141145807227
7642.468488160291 0.5029823066512956
7652.479052823314 0.6415718510350359
7662.489617486338 0.5855846824720565
7672.5001821493615 0.6136033281539772
7682.510746812385 0.6290411508195078
7692.521311475409 0.628239186005714
7702.531876138432 0.5462884065961605
7712.542440801456 0.6839256177635206
7722.55300546448 0.6490902711643526
7732.563570127503 0.5782667535461882
7742.574134790527 0.4617863766227257
7752.5846994535505 0.7862262543230916
7762.595264116574 0.505338078291815
7772.605828779598 0.5374667936444288
7782.616393442621 0.5474913538168513
7792.626958105645 0.5624028870733296
7802.6375227686685 0.5422785825271916
7812.648087431692 0.6694401283143702
7822.658652094717 0.479449651646534
7832.669216757741 0.5645832289108315
7842.679781420765 0.6625733045962608
7852.690346083788 0.572402385845321
7862.700910746812 0.639867675805724
7872.711475409836 0.6263345195729537
7882.722040072859 0.5676407197634203
7892.732604735883 0.675154127612651
7902.7431693989065 0.4482782817903864
7912.75373406193 0.5850333316625733
7922.764298724954 0.510560874141647
7932.774863387977 0.6466342539221092
7942.785428051001 0.4963811337777555
7952.795992714025 0.5292967771039045
7962.806557377048 0.6035286451806927
7972.817122040072 0.5028820610495714
7982.827686703095 0.45192220941306194
7992.838251366119 0.6077389604531102
8002.848816029143 0.48983008370507747
8012.859380692166 0.5845822264548143
8022.86994535519 0.3860959350408501
8032.8805100182135 0.5641822465039347
8042.891074681237 0.4964112074582728
8052.901639344261 0.49596010225051373
8062.912204007284 0.5303994787228711
8072.922768670308 0.4823517618164503
8082.933333333332 0.5480928274271967
8092.943897996355 0.5440328805573655
8102.954462659379 0.4318279785474412
8112.965027322403 0.48543431406947024
8122.975591985428 0.47506891885118535
8132.9861566484515 0.5289459174978698
8142.996721311475 0.4689088266252318
8153.007285974499 0.5129066212219939
8163.017850637522 0.6016741015487945
8173.028415300546 0.4884617312415418
8183.03897996357 0.6054834344143151
8193.049544626592 0.5827778056237782
8203.060109289618 0.5181695153125156
8213.07067395264 0.6234273971229513
8223.081238615665 0.5675905969625582
8233.091803278687 0.6761064608290311
8243.102367941712 0.5807227707884317
8253.112932604734 0.6202696606686382
8263.12349726776 0.5164653400832039
8273.134061930781 0.6255826775600221
8283.144626593807 0.7790085709989474
8293.155191256828 0.6629241642022956
8303.165755919854 0.7022204400781915
8313.176320582876 0.5018796050323292
8323.186885245901 0.5524535111022004
8333.197449908923 0.5017317427697859
8343.208014571948 0.6940003007368052
8353.21857923497 0.5032329206556062
8363.229143897996 0.5604731592401383
8373.239708561017 0.5284446894892486
8383.250273224043 0.4264247406145055
8393.260837887065 0.4734549646634254
8403.27140255009 0.5988171018996541
8413.281967213114 0.46563580772893587
8423.292531876137 0.44803769234624835
8433.303096539163 0.6055335572151771
8443.313661202184 0.5386196180642574
8453.32422586521 0.5062904115081951
8463.334790528232 0.5950077690341337
8473.345355191257 0.4594857400631547
8483.355919854279 0.5004160192471555
8493.366484517304 0.5672397373565234
8503.377049180326 0.4695353616360082
8513.387613843352 0.4749937346498922
8523.398178506373 0.6060347852237983
8533.408743169399 0.4093078041200942
8543.41930783242 0.5029823066512956
8553.429872495446 0.4905117537968021
8563.440437158468 0.4186607187609644
8573.451001821493 0.40314269961405447
8583.461566484515 0.4594055435817753
8593.47213114754 0.5431807929427096
8603.482695810562 0.48911833993283543
8613.493260473588 0.458423136684878
8623.50382513661 0.6173124154177736
8633.514389799635 0.49542378828128913
8643.524954462657 0.5074432359280237
8653.535519125682 0.46587138489298785
8663.546083788704 0.6174126610194978
8673.55664845173 0.47984060949325846
8683.567213114751 0.42393363741165857
8693.577777777777 0.36918450202997344
8703.5883424408 0.41338780011027015
8713.598907103824 0.4526038795047867
8723.60947176685 0.4789684727582577
8733.620036429871 0.41093679514811293
8743.630601092897 0.43804320585434314
8753.641165755918 0.35948574006315476
8763.651730418944 0.7396621723221893
8773.662295081966 0.45946569094280987
8783.672859744991 0.49645631797904866
8793.683424408013 0.42794847376071377
8803.693989071038 0.446463836399178
8813.70455373406 0.43038945416269864
8823.715118397085 0.49887724926068866
8833.725683060107 0.4889128364493008
8843.736247723133 0.4900205503483535
8853.746812386154 0.44948122901107707
8863.75737704918 0.49467445240840063
8873.767941712202 0.5385193724625332
8883.778506375227 0.382131221492657
8893.789071038249 0.4697659265199739
8903.799635701274 0.49793494060448096
8913.810200364296 0.4803167761014486
8923.820765027322 0.6186657310410506
8933.831329690343 0.5368151972332215
8943.841894353369 0.4646534008320385
8953.85245901639 0.4673299583980753
8963.863023679416 0.5517016690892687
8973.873588342438 0.41975339581975835
8983.884153005463 0.49430604982206405
8993.894717668487 0.5042353766728485
