3507.3262021857927 1.8637839649718224
3517.3386065573773 0.35218821360484365
3527.351010928962 0.8518844405338026
3537.363415300547 -0.0040596652211258456
3547.375819672131 2.4898916891877736
3557.388224043716 -0.40248884419583936
3567.400628415301 -0.3233192969224645
3577.413032786885 -1.4404709530094484
3587.4254371584702 1.6622043450024093
3597.437841530055 -0.5142354346049903
3607.4502459016394 -0.881381853225232
3617.4626502732244 -0.836465338445101
3627.4750546448086 -0.045000314248004526
3637.4874590163936 -0.9293360987157732
3647.4998633879786 -0.16098296775815474
3657.5122677595627 -1.373598977646492
3667.524672131148 0.04942702113841577
3677.5370765027324 -2.012863218318564
3687.549480874317 -2.223199882680745
3697.561885245902 -1.621708252152599
3707.5742896174866 -0.46776862966920163
3717.586693989071 0.4937045649760124
3727.599098360656 -0.6224624473634592
3737.6115027322403 -0.561372635283766
3747.6239071038253 -0.18366748371147845
3757.6363114754104 -0.892684306454654
3767.6487158469945 -0.30947143485638867
3777.6611202185795 -1.1203569857331408
3787.673524590164 0.6481888840005866
3797.6859289617487 -0.645905348501037
3807.6983333333337 -0.6112752184023632
3817.710737704918 0.3691995055831396
3827.723142076503 -0.3512245197242998
3837.735546448088 -0.11463976703747931
3847.747950819672 -0.6811011250078562
3857.760355191257 0.31026752980118577
3867.7727595628417 -0.5727484130475772
3877.7851639344262 -0.19941340372488636
3887.7975683060113 0.10178597615905138
3897.809972677596 0.3419646785242914
3907.8223770491804 -0.3949259422202669
3917.8347814207655 -0.3091990865858002
3927.8471857923496 0.22384932855676368
3937.8595901639346 0.585255483627679
3947.871994535519 -0.9857959901954623
3957.884398907104 -0.7206544738440911
3967.896803278689 0.9978840634361973
3977.9092076502734 -0.1561435484884671
3987.921612021858 -0.5543334799824021
3997.934016393443 -0.6678189093499256
4007.946420765027 -0.20870676471204408
4017.958825136612 -0.5468229526742505
4027.9712295081968 -0.6018058785326713
4037.9836338797813 -0.023419856283912598
4047.9960382513664 -0.42429765570988626
4058.008442622951 0.35287955921479897
4068.0208469945355 0.10786667504661346
4078.0332513661206 -0.29859845389981776
4088.045655737705 -0.12279136027486225
4098.05806010929 0.6291035551924246
4108.070464480874 0.25824901011878576
4118.08286885246 0.9448599501393168
4128.095273224044 0.2440869000481847
4138.107677595628 0.1937653195902206
4148.120081967214 0.3264408271007479
4158.132486338798 0.27561644983554356
4168.144890710382 1.2642616219387006
4178.157295081967 -0.15428110531498127
4188.169699453552 0.6017011291978296
4198.182103825136 0.27538600129889174
4208.1945081967215 0.6200951123960363
4218.2069125683065 0.43745417216600674
4228.219316939891 0.5194310016131398
4238.231721311475 0.29233444367628264
4248.244125683061 0.968030503006306
4258.256530054645 0.5164980202375715
4268.268934426229 0.47390694069092665
4278.281338797815 1.4130475771478852
4288.293743169399 0.5327341671380387
4298.306147540983 0.5574969098946222
4308.318551912569 0.24121676827352145
4318.330956284153 0.17122326273228167
4328.343360655737 0.5303039825697107
4338.355765027323 0.5243542203507008
4348.368169398907 0.6063310497978338
4358.3805737704915 0.8724781597636856
4368.392978142077 0.17280916766178536
4378.405382513662 0.675193262522783
4388.417786885246 0.4689418222194289
4398.430191256831 0.6938386441246098
4408.442595628416 0.7014853455680556
4418.455 0.5290260406846417
4428.467404371584 0.8382460771374102
4438.47980874317 0.8405086627699914
4448.492213114754 0.9527580499863826
4458.504617486338 1.0409988896570508
4468.517021857924 0.49491965726017645
4478.529426229508 0.6190266691806507
4488.541830601092 1.0383173066851026
4498.554234972678 0.6625395428739028
4508.5666393442625 0.3939412984727547
4518.579043715847 0.9399576812687239
4528.591448087433 0.05049546435380136
4538.603852459017 0.9464102402949741
4548.616256830601 0.3929776045922108
4558.628661202186 0.44413717972890876
4568.641065573771 0.6818972199526534
4578.653469945355 0.5225944315253598
4588.66587431694 0.42172082207277983
4598.678278688525 0.813923281587162
4608.690683060109 0.7839440219554606
4618.703087431693 0.28024637043554773
4628.715491803279 0.24595143820836737
4638.727896174863 0.6454235015607651
4648.7403005464475 1.0392181509647413
4658.7527049180335 0.6642993316992437
4668.765109289618 0.8630507196279305
4678.777513661202 0.6758217585318333
4688.789918032788 0.11333040035195777
4698.802322404372 0.7043973770766555
4708.814726775956 0.6819810194205267
4718.827131147542 0.735780277795236
4728.839535519126 0.845829928979951
4738.85193989071 1.0516833218109065
4748.864344262295 0.646450045042214
4758.87674863388 0.6138101523055328
4768.889153005464 0.8954392139609915
4778.901557377048 0.4774160434081243
4788.913961748634 0.4970774935579159
4798.9263661202185 0.9421783671673686
4808.938770491803 0.9527371001194143
4818.951174863389 0.6449626044874615
4828.963579234973 0.28148241258668005
4838.975983606557 0.786520855592567
4848.988387978143 1.1470680661177801
4859.000792349727 0.8520729893365176
4869.013196721311 0.848322963149184
4879.025601092897 1.249869063331448
4889.038005464481 0.5104435086837199
4899.050409836065 0.628160811178849
4909.062814207651 0.7703056585590682
4919.075218579235 1.2907422537866886
4929.087622950819 0.5478390212222153
4939.1000273224045 0.9897764649194478
4949.1124316939895 0.7365135231391281
4959.124836065574 0.979406280770117
4969.137240437158 0.7672469779816898
4979.149644808744 0.9841409507049631
4989.162049180328 0.9379674439067311
4999.174453551912 0.58701527245302
5009.186857923498 0.8013743112731234
5019.199262295082 0.8867659690360967
5029.211666666666 0.9481700291203151
5039.224071038252 0.9431525359813965
5049.236475409836 0.8399011166279094
5059.24887978142 0.9399576812687239
5069.261284153006 0.6596275113653028
5079.27368852459 0.9104393187103261
5089.2860928961745 0.7664508830368928
5099.2984972677605 0.9829887080217041
5109.310901639345 0.7253681939119687
5119.323306010929 1.025642637169254
5129.335710382514 1.0659501812163492
5139.348114754099 1.1492678021494565
5149.360519125683 0.9900488131900361
5159.372923497267 0.6643098066327279
5169.385327868853 0.37238388536232797
5179.397732240437 0.8816751513627888
5189.410136612021 0.9392453857918002
5199.422540983607 0.854272725368194
5209.434945355191 1.0085475457230846
5219.447349726775 0.7840278214233339
5229.459754098361 1.0041480736597324
5239.4721584699455 1.0740996794670354
5249.48456284153 1.44602266775606
5259.496967213116 0.9553139337565206
5269.5093715847 0.9032954140741206
5279.521775956284 0.9737917164226008
5289.53418032787 0.9315567846144177
5299.546584699454 0.6054511553851634
5309.558989071038 0.9396015335302622
5319.571393442623 1.3066432028156623
5329.583797814208 0.9997067018624431
5339.596202185792 1.0400980453774118
5349.608606557376 1.1260134498145937
5359.621010928962 0.8171705109672553
5369.633415300546 0.8467726729935265
5379.6458196721305 1.0370812645339702
5389.6582240437165 0.9462635912261957
5399.670628415301 0.9462216914922591
5409.683032786885 0.3917614648146985
5419.695437158471 0.8237278193283473
5429.707841530055 0.6667085664006034
5439.720245901639 0.6614501497915489
5449.732650273225 0.9264240672071733
5459.745054644809 0.7166949489870739
5469.757459016393 0.5166865690402866
5479.769863387979 1.068715563656171
5489.782267759563 0.8121844426287893
5499.794672131147 0.7172815452621876
5509.807076502732 0.7702009092242265
5519.819480874317 0.4844028240420673
5529.8318852459015 0.4236691597008359
5539.844289617486 0.8057109337355708
5549.856693989072 0.8508683719858381
5559.869098360656 0.8893218528062348
5569.88150273224 1.1694634739069407
5579.893907103826 1.2020614669096852
5589.90631147541 1.0922213143946535
5599.918715846994 0.9597553055538097
5609.93112021858 0.7099909915572036
5619.943524590164 1.1272704418326944
5629.955928961748 1.2254834181802945
5639.968333333334 0.9259631701338698
5649.980737704918 0.737540066620577
5659.993142076502 0.9531141977248445
5670.005546448088 0.8613328305365261
5680.0179508196725 0.8892485282718455
5690.030355191257 0.862715521756437
5700.042759562842 1.2297362411748687
5710.055163934427 1.1959441057549285
5720.067568306011 0.7105985376992856
5730.079972677595 1.0457335595918966
5740.092377049181 0.469067521421239
5750.104781420765 0.8902436469528417
5760.117185792349 0.9893365177131126
5770.129590163935 0.914377893700375
5780.141994535519 1.0653635849412357
5790.154398907103 1.1209016822743174
5800.166803278689 1.0185511072004694
5810.179207650273 1.0604822659376114
5820.1916120218575 0.8661512999392454
5830.204016393443 1.2330672700228353
5840.216420765028 1.0016131397565624
5850.228825136612 1.1691073261684788
5860.241229508198 1.2838287976871348
5870.253633879782 0.8980579473320344
5880.266038251366 1.1521379339241196
5890.278442622951 1.0819977793141013
5900.290846994536 0.8552154693817695
5910.30325136612 1.2960425701296796
5920.315655737704 0.989420317180986
5930.32806010929 1.0829928979950976
5940.340464480874 0.8649990572559864
5950.352868852458 1.0187291810697003
5960.365273224044 1.214819935893407
5970.3776775956285 1.060293717134896
5980.390081967213 0.8654180545953533
5990.402486338799 1.121174030544906
6000.414890710383 0.8926947813881382
6010.427295081967 1.143716087402845
6020.439699453553 1.1792261119141894
6030.452103825137 0.8823874468397126
6040.464508196721 1.1389395177340624
6050.476912568306 1.0849098108227013
6060.489316939891 1.0403284939140636
6070.501721311475 1.0117528753692413
6080.51412568306 0.8128129386378397
6090.526530054645 1.1131292816290617
6100.538934426229 0.9501393166153396
6110.5513387978135 1.0437852219638406
6120.5637431693995 0.9800138269121992
6130.576147540984 1.4057779733098696
6140.588551912568 1.0961808392516708
6150.600956284154 1.175622734795634
6160.613360655738 1.1234366161774874
6170.625765027322 1.2771667399912012
6180.638169398908 1.0657197326796974
6190.650573770492 0.8066536777491462
6200.662978142076 1.1083108122263425
6210.675382513662 0.8553202187166111
6220.687786885246 1.0465715542706304
6230.70019125683 1.2465799342174178
6240.712595628415 1.1787023652399806
6250.725 1.1952527601449732
6260.7374043715845 0.811011250078562
6270.749808743169 0.7189156348857185
6280.762213114755 1.080405589424507
6290.774617486339 0.8300756290197557
6300.787021857923 1.091823266922255
6310.799426229509 0.9488194749963338
6320.811830601093 1.1969077996354722
6330.824234972677 0.8592797435736284
6340.836639344263 1.0
6350.849043715847 1.1180315504996545
6360.861448087431 1.2374248423522511
6370.873852459017 1.2138562420128634
6380.886256830601 0.7879244966794461
6390.898661202185 1.1669494898707393
6400.911065573771 0.9623949887918212
6410.9234699453555 0.9903630611945614
6420.93587431694 1.240755871200218
6430.948278688525 1.047325749481491
6440.96068306011 0.9051285274338506
6450.973087431694 1.0573816856262963
6460.985491803278 0.9312634864768609
6470.997896174864 1.0085265958561163
6481.010300546448 0.9240986319736869
6491.022704918032 1.2252529696436427
6501.035109289618 0.9240776821067186
6511.047513661202 1.378878344122515
6521.059918032786 1.1517608363186893
6531.072322404372 1.1146586219177508
6541.084726775956 1.1183876982381162
6551.0971311475405 1.235602203926005
6561.109535519126 1.0046718203339409
6571.121939890711 1.2353927052563218
6581.134344262295 1.211949804118744
6591.146748633881 1.15884189135399
6601.159153005465 1.15618125824901
6611.171557377049 1.0743720277376239
6621.183961748634 1.1947499633377328
6631.196366120219 1.2040307544047095
6641.208770491803 1.0051955670081494
6651.221174863387 0.9021431713908616
6661.233579234973 1.1150985691240862
6671.245983606557 0.725263444577127
6681.258387978141 1.143045691659858
6691.270792349727 0.8654390044623217
6701.2831967213115 1.299761171516561
6711.295601092896 0.8730438061718309
6721.3080054644815 0.9407956759474578
6731.320409836066 1.0831709718643288
6741.33281420765 1.266587057172187
6751.345218579236 1.1950432614752897
6761.35762295082 1.0815997318417028
6771.370027322404 1.0989043219575556
6781.38243169399 0.7369534703454633
6791.394836065574 1.057423585360233
6801.407240437158 0.9233025370288898
6811.419644808743 0.9920181006850607
6821.432049180328 1.067867094043953
6831.444453551912 1.2133115454716863
6841.4568579234965 0.8884419583935642
6851.469262295082 1.4145350177026377
6861.481666666667 1.132885006180211
6871.494071038251 1.0719837429032326
6881.506475409837 1.0896863804914838
6891.518879781421 1.3666436218130014
6901.531284153005 1.1736953470345464
6911.543688524591 1.0360756709194896
6921.556092896175 1.1648126034399682
6931.568497267759 1.0521023191502734
6941.580901639345 1.091697567720445
6951.593306010929 1.007594326776025
6961.605710382513 1.2089120734083338
6971.618114754099 1.3972932771876898
6981.630519125683 1.3894370770745605
6991.6429234972675 0.905746548509417
7001.6553278688525 1.201977667441812
7011.6677322404375 0.927555360023464
7021.680136612022 1.0131984161900571
7031.692540983606 1.1515094379150692
7041.704945355192 1.1177382523620976
7051.717349726776 0.9564242767058428
7061.72975409836 1.1320051117675405
7071.742158469946 1.0197138248172124
7081.75456284153 1.0967569605933005
7091.766967213114 1.1676198856137265
7101.7793715847 1.130580520813693
7111.791775956284 1.0956780424444306
7121.804180327868 1.2536190895187815
7131.816584699454 1.1825571407621562
7141.828989071038 1.1984999895250665
7151.841393442623 1.189051599522343
7161.8537978142085 1.223870278423732
7171.866202185793 1.2020614669096852
7181.878606557377 1.0744348773385288
7191.891010928962 1.2817338109903003
7201.903415300547 1.328745312467266
7211.915819672131 1.236094525799761
7221.928224043715 1.2206020991766702
7231.940628415301 1.0083380470534014
7241.953032786885 1.2576833637106406
7251.965437158469 1.1216349276182098
7261.977841530055 1.0132612657909623
7271.990245901639 1.0228353549954958
7282.0026502732235 1.0950704963023485
7292.015054644809 1.0940858525548365
7302.027459016394 1.2221942890662645
7312.039863387978 1.025642637169254
7322.052267759564 0.9414660716904448
7332.064672131148 1.0931221586742925
7342.077076502732 1.2936019106278673
7352.089480874317 1.1930530241132968
7362.101885245902 1.1320889112354138
7372.114289617486 1.1362369848951461
7382.126693989071 1.0525841660905455
7392.139098360656 1.2406301719984079
7402.15150273224 1.0851193094923848
7412.163907103824 1.1847987765277692
7422.17631147541 1.1871870613621605
7432.1887158469945 1.2278088534137808
7442.201120218579 1.252173548697966
7452.2135245901645 1.1023191502733958
7462.225928961749 1.122200574026355
7472.238333333333 1.0921794146607169
7482.250737704919 0.9109421155175665
7492.263142076503 1.136970230239038
7502.275546448087 1.08581065510234
7512.287950819673 1.0871304967213458
7522.300355191257 0.7251586952422852
7532.312759562841 0.5748224498774432
7542.325163934426 1.0418159344688163
7552.337568306011 0.9322062304904364
7562.349972677595 1.1073890180797352
7572.36237704918 1.0649236377349003
7582.374781420765 1.1079337146209123
7592.38718579235 0.6947394884042487
7602.399590163935 1.4891165441099448
7612.41199453552 0.9288752016424695
7622.424398907104 1.173192550227306
7632.436803278689 0.7162550017807386
7642.449207650274 0.9677162550017808
7652.461612021858 0.8948945174198145
7662.474016393442 1.0569207885529928
7672.486420765027 1.1097773029141265
7682.498825136612 1.1193723419856283
7692.511229508196 0.9167242788008296
7702.523633879781 1.1950223116083214
7712.536038251366 1.0425910795466449
7722.5484426229505 1.009773112940733
7732.5608469945355 1.1840445813169087
7742.5732513661205 1.3128443634382923
7752.585655737705 1.3427398236021202
7762.59806010929 1.1352104414136972
7772.610464480875 1.070056355142145
7782.622868852459 0.8911235413655123
7792.635273224044 0.8913749397691325
7802.647677595629 1.053464060503216
7812.660081967213 1.3688852575786143
7822.672486338798 1.0754404709530094
7832.684890710383 0.9235748852994784
7842.697295081967 1.0175350386525046
7852.709699453551 1.0311943519158653
7862.722103825136 1.0997632665032577
7872.734508196721 1.2716569249785266
7882.746912568306 1.295204575450946
7892.759316939891 1.136174135294241
7902.771721311476 1.3007143904636207
7912.78412568306 1.1022353508055225
7922.796530054645 1.1674313368110112
7932.80893442623 0.9648670730940858
7942.821338797814 0.9741897638949993
7952.833743169399 1.4327614019650976
7962.846147540984 1.0641275427901034
7972.858551912568 1.0975425806046133
7982.870956284153 1.099218569962081
7992.883360655738 1.2403159239938826
8002.895765027322 1.065133136404584
8012.908169398907 1.0396371483041085
8022.920573770492 1.0834433201349172
8032.9329781420765 1.2113841577105986
8042.945382513661 1.2650996166174346
8052.957786885246 1.2291286950327867
8062.970191256831 1.1874384597657806
8072.982595628415 1.233046320155867
8082.995 1.4010433033750236
8093.007404371585 1.2950579263821675
8103.019808743169 0.9779083652818804
8113.032213114754 1.3163220413550374
8123.044617486339 1.1123541365512328
8133.057021857923 1.1190790438480718
8143.069426229508 1.0440366203674607
8153.081830601093 0.9476672323130749
8163.094234972677 0.9243290805103387
8173.1066393442625 1.1493306517503614
8183.1190437158475 0.9120734083338571
8193.131448087432 0.7691324660088409
8203.143852459016 1.2061885907024492
8213.156256830602 1.039553348836235
8223.168661202186 1.035656673580123
8233.18106557377 0.9509773112940735
8243.193469945356 1.2396455282508956
8253.20587431694 1.1571868518634907
8263.218278688524 1.2759935474409738
8273.230683060108 1.205392495757652
8283.243087431694 1.0765717637693
8293.255491803278 0.9755515052479418
8303.267896174864 1.2991222005740264
8313.280300546448 1.0967045859258793
8323.292704918033 0.9457817442859238
8333.305109289617 1.1481784090671023
8343.317513661203 1.2311817819956845
8353.329918032787 1.176335030272558
8363.342322404373 1.2956549975907652
8373.354726775957 1.1383529214589487
8383.367131147541 1.0674166719041336
8393.379535519125 0.990823958267865
8403.39193989071 0.9590639599438543
8413.404344262295 1.285923784383969
8423.41674863388 1.1350218926109819
8433.429153005465 0.9434144093185007
8443.44155737705 1.0099511868099638
8453.453961748633 1.0194624264135923
8463.466366120218 1.0363689690570466
8473.478770491804 1.0823958267865
8483.491174863388 1.0538935327760668
8493.503579234974 1.0323465945991244
8503.515983606558 0.9932750927031614
8513.528387978142 0.9870739320805313
8523.540792349726 1.1941843169295874
8533.553196721312 1.007353403305889
8543.565601092896 1.1922150294345633
8553.578005464482 1.2073617832526764
8563.590409836066 1.0131984161900571
8573.60281420765 1.2853790878427924
8583.615218579234 1.0393857499004882
8593.627622950818 0.8326943623907989
8603.640027322404 1.270106634822869
8613.652431693989 0.9243395554438231
8623.664836065574 1.0096997884063437
8633.677240437159 1.379129742526135
8643.689644808743 1.358221775291727
8653.702049180327 0.971445331322146
8663.714453551913 1.1381643726562338
8673.726857923497 1.2261119141893448
8683.739262295083 1.2153646324345841
8693.751666666667 1.2384304359667317
8703.764071038251 1.0731778853204283
8713.776475409835 1.027234827058848
8723.788879781421 1.0520394695493684
8733.801284153005 0.8152640730731361
8743.813688524591 0.937579871367817
8753.826092896175 1.2550227306056607
8763.83849726776 1.1027381476127627
8773.850901639344 0.8002849181907695
8783.863306010928 1.0941487021557412
8793.875710382514 0.7975823853518531
8803.888114754098 1.1454339764942494
8813.900519125684 1.2404835229296294
8823.912923497268 1.0807407872960006
8833.925327868852 1.1924245281042465
8843.937732240436 0.8255085580206566
8853.950136612022 1.016529445038024
8863.962540983606 0.8680996375673015
8873.974945355192 1.1396308633440178
8883.987349726776 0.9335470219764105
8893.99975409836 1.0051327174072444
8904.012158469945 1.0721722917059477
8914.02456284153 1.0146230071439046
8924.036967213115 1.2934866863595416
8934.0493715847 0.9586659124714557
8944.061775956285 1.1559089099784217
8954.074180327869 0.7940418578342028
8964.086584699453 1.0741206293340038
8974.098989071037 1.0049022688705929
8984.111393442623 0.7964929922694991
8994.123797814207 1.3975237257243416
