3508.1055100182148 1.424382615494885
3518.1165300546445 0.46314589170521925
3528.1275500910747 -0.3521991268651854
3538.1385701275044 -0.09033687365608914
3548.1495901639346 0.03812992767316088
3558.1606102003643 -0.8709193979279338
3568.171630236794 1.3564866097608654
3578.1826502732238 0.4822506027236593
3588.193670309654 1.214439304098521
3598.2046903460837 0.5639603831367693
3608.2157103825134 2.3041636801980845
3618.2267304189436 1.1369648791294718
3628.2377504553733 0.3962663712777742
3638.248770491803 0.24200821007363005
3648.2597905282328 1.5195803740144656
3658.270810564663 0.48976347168827783
3668.2818306010927 0.050534306379096894
3678.292850637523 0.0091861601615951
3688.3038706739526 0.42588127972893725
3698.3148907103823 -0.12537303707564995
3708.325910746812 1.274125236202515
3718.336930783242 -0.17977454877174692
3728.347950819672 1.691991920244999
3738.358970856102 -0.15124780087313483
3748.369990892532 1.3721574249038901
3758.3810109289616 1.0139440933081385
3768.3920309653913 1.4952107903824852
3778.4030510018215 0.9968071935883235
3788.414071038251 1.2241480419625985
3798.425091074681 1.1366390825568515
3808.436111111111 0.8131230859451358
3818.447131147541 1.1601615951000195
3828.4581511839706 1.3877630807323906
3838.4691712204008 1.0588388610151822
3848.4801912568305 2.0142698898807585
3858.49121129326 1.2304684954714278
3868.5022313296904 0.7167524597641233
3878.51325136612 1.2049912034925394
3888.52427140255 1.2078582133315958
3898.5352914389796 1.5861080341434808
3908.5463114754098 1.1151365087639278
3918.5573315118395 1.0268456375838926
3928.5683515482697 1.121717599530853
3938.5793715846994 1.4309637062618101
3948.590391621129 1.8482439564735778
3958.601411657559 1.2006255294194303
3968.612431693989 1.2190004561152017
3978.6234517304188 1.7627549358180754
3988.6344717668485 1.8308464194956668
3998.6454918032787 1.7387763080732392
4008.6565118397084 1.052388088877305
4018.667531876138 1.1189809083208444
4028.6785519125683 1.0761712386785691
4038.689571948998 1.4533133511435459
4048.7005919854278 1.609956343259269
4058.711612021858 1.7057405356095654
4068.7226320582877 1.0715449273473643
4078.7336520947174 1.3846354336352382
4088.744672131147 1.1438717664690168
4098.755692167577 1.5857822375708608
4108.7667122040075 1.325666253991008
4118.777732240436 1.4688864273147846
4128.788752276867 1.8087899915292893
4138.799772313297 1.9405095458395778
4148.810792349726 1.6371277774157815
4158.821812386157 1.0144653678243305
4168.832832422586 1.4316804587215743
4178.8438524590165 1.9319736756369323
4188.854872495445 1.9624030755196455
4198.865892531876 1.5195152146999413
4208.876912568307 1.6190786472926304
4218.887932604735 1.4510327751352055
4228.898952641166 1.6710757802827916
4238.909972677595 1.157164266631915
4248.9209927140255 1.3281423079429204
4258.932012750455 1.349319085163224
4268.943032786885 1.493190851632241
4278.954052823316 1.6949892487131037
4288.965072859744 1.4274451032775135
4298.976092896175 1.6657327164918225
4308.987112932604 1.2638952238222454
4318.9981329690345 1.570795595230338
4329.009153005464 1.610542777089985
4339.020173041894 1.3972111813383725
4349.031193078325 1.6300254121326643
4359.042213114753 1.395582198475272
4369.053233151184 1.5259008275232944
4379.064253187613 1.6500619013487978
4389.0752732240435 1.39506092395908
4399.086293260474 1.459568645337851
4409.097313296903 1.6060467843878283
4419.108333333334 1.4738385352186096
4429.119353369762 1.3760344041180685
4439.130373406193 1.7999609044112856
4449.141393442623 1.5304619795399752
4459.1524134790525 1.2656545253143936
4469.163433515483 1.610542777089985
4479.174453551912 1.0206555027041115
4489.185473588343 1.2697595621294064
4499.196493624771 1.230696553072262
4509.207513661202 1.3823548576268978
4519.218533697632 1.5155404965139767
4529.2295537340615 1.5580243695836322
4539.240573770492 1.5266827392975826
4549.251593806921 1.6396038313676942
4559.262613843352 1.411611389848179
4569.273633879781 1.4462109858604288
4579.284653916211 1.697009187463348
4589.295673952641 1.3131556656023977
4599.3066939890705 1.4370235225125432
4609.317714025501 1.3721248452466281
4619.32873406193 1.3690623574639995
4629.339754098361 1.4048674007949435
4639.35077413479 1.5599139897048284
4649.36179417122 1.4854368932038835
4659.372814207651 1.4221020394865447
4669.3838342440795 1.6503551182641558
4679.39485428051 1.4515540496513977
4689.405874316939 1.738645989444191
4699.41689435337 1.4095262917834106
4709.427914389799 1.3671075780282793
4719.438934426229 1.6656675571772985
4729.44995446266 1.4370235225125432
4739.4609744990885 1.4545513781195023
4749.471994535519 1.3241024304424318
4759.483014571949 1.33609174431485
4769.494034608379 1.663973414999674
4779.505054644808 1.319541278425751
4789.516074681238 1.4603505571121391
4799.527094717669 1.4866749201798397
4809.5381147540975 1.4582654590473707
4819.549134790528 1.3052062292304685
4829.560154826958 1.6337394930605331
4839.571174863388 1.0559066918616016
4849.582194899818 1.3755131296018765
4859.593214936247 1.3280771486283967
4869.604234972678 1.447839968723529
4879.6152550091065 1.302111161790578
4889.626275045537 1.279989574509676
4899.637295081967 1.1819248061510392
4909.648315118397 1.632957581286245
4919.659335154827 1.2824004691470647
4929.670355191256 1.3974066592819445
4939.681375227687 1.3802046002476054
4949.692395264116 1.3567472470189614
4959.703415300546 1.31269955040073
4969.714435336976 1.3512738645989444
4979.725455373406 1.4728611455007494
4989.736475409836 1.621750179188115
4999.747495446265 1.5704372190004563
5009.758515482696 1.0656805890402035
5019.769535519125 1.2484524662800547
5029.780555555555 1.2914576138659022
5039.791575591986 1.4038574314198216
5049.802595628415 1.261028213983189
5059.813615664845 1.5148237440542127
5069.824635701274 1.1771681761907864
5079.835655737705 1.4326578484394343
5089.846675774134 1.3672378966573273
5099.857695810564 1.337981364436046
5109.868715846995 1.3225386068938556
5119.879735883424 1.4955365869551054
5129.890755919854 1.3209747833452792
5139.901775956284 1.3210399426598034
5149.912795992714 1.6497035251189158
5159.923816029143 1.5242066853456702
5169.934836065573 1.2343780543428682
5179.945856102004 1.3065094155209487
5189.956876138433 1.3532938033491888
5199.967896174863 1.167589756955757
5209.978916211293 1.2743858734606113
5219.989936247723 1.3166091092721706
5230.000956284153 1.447839968723529
5240.011976320582 1.1526682739297585
5250.022996357013 1.3792272105297454
5260.034016393442 1.4071805564605462
5270.045036429872 1.3049455919723725
5280.056056466302 1.1777546100215026
5290.067076502732 1.3679546491170913
5300.078096539162 1.3005147585847396
5310.089116575591 1.5778328011989313
5320.100136612022 1.0628787385156708
5330.1111566484515 1.2125496839773247
5340.122176684881 1.267348667492018
5350.133196721311 1.2231054929302145
5360.144216757741 1.2605720987815208
5370.155236794171 1.1538411415911904
5380.1662568306 1.1238352772528832
5390.177276867031 1.2250602723659347
5400.1882969034605 1.0587085423861342
5410.19931693989 1.1553398058252429
5420.210336976321 1.1469342542516454
5430.22135701275 1.3441714993158274
5440.23237704918 1.1466084576790254
5450.243397085609 1.2400469147064572
5460.25441712204 1.1633544015116961
5470.2654371584695 1.331726070241741
5480.276457194899 1.1528637518733305
5490.28747723133 1.3575291587932494
5500.298497267759 1.2694663452140484
5510.309517304189 1.226167980712843
5520.320537340619 1.2186746595425817
5530.331557377049 1.3899784974262073
5540.3425774134785 1.1241936534827655
5550.353597449908 1.1092070111422427
5560.364617486339 1.2425881279728939
5570.375637522768 1.2060337525249234
5580.386657559198 0.9663126343910863
5590.397677595628 1.1430246953802048
5600.408697632058 1.2128754805499447
5610.4197176684875 1.1881801003453443
5620.430737704917 1.1993223431289501
5630.441757741348 1.2291978888382094
5640.452777777778 1.347559783671076
5650.463797814207 1.3168697465302666
5660.474817850637 1.150192219977846
5670.485837887067 1.2531439369257835
5680.496857923497 1.123151104450381
5690.507877959926 1.0892682608978954
5700.518897996357 1.3411090115331987
5710.529918032787 1.261288851241285
5720.540938069216 1.2522968658369715
5730.551958105646 1.2046654069199192
5740.562978142076 1.1756695119567342
5750.573998178506 1.2135270736951849
5760.585018214936 1.058382745813514
5770.596038251366 1.0
5780.607058287796 1.0854238613409788
5790.618078324225 0.993679546491171
5800.629098360655 1.0667231380725875
5810.640118397085 1.163549879455268
5820.651138433515 1.1475858473968854
5830.662158469945 1.1091418518277187
5840.673178506375 1.1608131882452597
5850.684198542805 1.1632240828826481
5860.695218579234 1.2235616081318823
5870.706238615665 1.202449990226103
5880.717258652094 1.1479116439695056
5890.728278688524 1.1488238743728416
5900.739298724954 1.0390955887144067
5910.750318761384 1.16374535739884
5920.761338797814 1.1790577963119828
5930.772358834243 1.1819248061510392
5940.783378870674 1.1953476249429855
5950.794398907104 1.1727373428031538
5960.805418943533 1.1131165700136834
5970.816438979963 1.179774548771747
5980.827459016393 1.1892226493777287
5990.838479052823 1.2759496970091875
6000.849499089252 0.95337851045807
6010.860519125683 1.2305988141004756
6020.871539162113 1.1140939597315436
6030.882559198542 1.099302795334593
6040.893579234972 1.219326252687822
6050.904599271402 1.2414152603114614
6060.9156193078325 1.1534501857040464
6070.926639344261 1.2244086792206947
6080.937659380692 1.1199582980387046
6090.948679417122 1.0589040203297062
6100.959699453551 1.0497817162963445
6110.970719489981 1.2173063139375773
6120.981739526411 1.1129210920701114
6130.9927595628415 1.1381377467909037
6141.003779599271 0.9958298038704633
6151.014799635701 1.0323841793184336
6161.025819672131 0.9676809799960905
6171.03683970856 1.0077539584283572
6181.04785974499 0.9847527204013814
6191.05887978142 1.1991268651853781
6201.0698998178505 1.1383983840489997
6211.08091985428 1.1140288004170198
6221.09193989071 1.0162898286310027
6231.10295992714 1.0989118394474489
6241.113979963569 1.0418974392389393
6251.125 0.9946569362090312
6261.136020036429 0.9655958819313222
6271.147040072859 1.1832279924415194
6281.158060109289 0.9827327816511371
6291.169080145719 0.9632501466084576
6301.180100182149 0.964618492213462
6311.191120218578 0.9393366781781456
6321.202140255009 0.9881410047566299
6331.213160291439 0.9093633934971004
6341.224180327868 0.9556916661236724
6351.235200364298 1.0599465693620904
6361.246220400728 0.8169674855020526
6371.257240437158 0.9394669968071936
6381.268260473587 0.964879129471558
6391.279280510018 1.074802893073565
6401.290300546448 0.9687886883429987
6411.301320582877 0.9631198279794098
6421.312340619307 1.0144002085098065
6431.323360655737 1.0067765687104973
6441.3343806921675 1.0488043265784843
6451.345400728596 1.0420929171825113
6461.356420765027 0.9049325601094677
6471.367440801457 1.0211767772203038
6481.378460837886 0.9973936274190396
6491.389480874316 0.9569948524141526
6501.400500910746 1.0466214895419301
6511.4115209471765 1.0607936404509026
6521.422540983606 0.9957646445559393
6531.433561020036 0.9465042027757868
6541.444581056466 1.0773441063400013
6551.455601092895 0.9789535414087444
6561.466621129326 0.935883234508373
6571.477641165755 1.0561021698051736
6581.4886612021855 1.0893334202124194
6591.499681238615 1.0194174757281553
6601.510701275045 0.9880758454421059
6611.521721311475 0.9261093373297713
6621.532741347904 0.9982406985078518
6631.543761384335 0.9499576464455595
6641.554781420764 0.9669642275363264
6651.5658014571945 0.9795399752394605
6661.576821493624 0.9726982472144394
6671.587841530054 0.9820811885058969
6681.598861566484 0.9420082100736301
6691.609881602913 1.1453052713885452
6701.620901639344 1.0673095719033034
6711.631921675774 0.9204404769661823
6721.6429417122035 0.8847331726070241
6731.653961748633 0.8785430377272432
6741.664981785063 1.0306900371408092
6751.676001821494 1.0907995047892096
6761.687021857922 1.0256727699224604
6771.698041894353 0.9841011272561413
6781.709061930783 2.1817944875219912
6791.7200819672125 1.0019547794357204
6801.731102003642 1.3460611194370236
6811.742122040072 0.9409005017267218
6821.753142076503 0.9906822180230664
6831.764162112931 0.9515214699941357
6841.775182149362 1.040463934319411
6851.786202185792 0.9008275232944549
6861.7972222222215 0.9483286635824592
6871.808242258651 0.9162377011793835
6881.819262295081 0.9260441780152473
6891.830282331512 0.9899003062487783
6901.841302367941 0.8818661627679677
6911.852322404371 0.8570404639343194
6921.863342440801 0.8764579396624748
6931.8743624772305 0.929888577572164
6941.885382513661 1.2833126995504007
6951.89640255009 1.0173975369779111
6961.907422586521 0.9510653547924676
6971.91844262295 1.0091874633478857
6981.92946265938 0.9641623770117939
6991.94048269581 0.8790643122434352
7001.9515027322395 0.877695966638431
7011.96252276867 0.8918355378901414
7021.973542805099 0.8917703785756174
7031.98456284153 0.9263699745878674
7041.995582877959 0.8998501335765948
7052.006602914389 0.9094285528116245
7062.017622950819 0.9260441780152473
7072.0286429872485 0.8714406724441259
7082.039663023679 0.9207662735388024
7092.050683060109 0.8190525835668209
7102.061703096539 0.8456375838926175
7112.072723132968 0.8869485893008406
7122.083743169398 0.8724832214765101
7132.094763205829 0.9455268130579266
7142.1057832422575 0.8048478530005865
7152.116803278688 0.8739167263960383
7162.127823315118 0.7742881344888252
7172.138843351548 0.9569948524141526
7182.149863387977 0.8782172411546231
7192.160883424407 0.8462240177233336
7202.171903460838 0.814035316348472
7212.1829234972665 0.8088877305010751
7222.193943533697 0.8389261744966443
7232.204963570127 0.8464846549814296
7242.215983606557 0.9298234182576399
7252.227003642986 0.843291848569753
7262.238023679416 0.8649247409917248
7272.249043715847 0.8357333680849678
7282.260063752276 0.801720205903434
7292.271083788706 0.7451619208965922
7302.282103825136 0.7551964553332899
7312.293123861566 0.836775917117352
7322.304143897996 0.8260897895354141
7332.315163934425 0.7432071414608719
7342.326183970856 0.7346712712582264
7352.337204007285 0.8966573271649182
7362.348224043715 0.7972893725158012
7372.359244080145 0.8179448752199128
7382.370264116575 0.8585391281683717
7392.381284153005 0.749918550856845
7402.392304189434 0.749723072913273
7412.403324225865 0.7736365413435851
7422.414344262294 0.7443800091223041
7432.425364298724 0.7826285267478986
7442.436384335154 0.7569557568254383
7452.447404371584 0.8069981103798788
7462.458424408014 0.779044764449078
7472.469444444444 0.7981364436046133
7482.480464480874 0.8142307942920441
7492.491484517303 0.8324754023587672
7502.502504553733 0.9054538346256599
7512.513524590164 0.9139897048283052
7522.524544626593 0.7838013944093308
7532.535564663023 0.7544797028735258
7542.546584699453 0.7700527790447644
7552.557604735883 0.7042418713755132
7562.568624772312 0.8210073630025412
7572.579644808742 0.7043070306900371
7582.590664845173 0.7816511370300385
7592.601684881602 0.7865380856193392
7602.612704918032 0.625470776047436
7612.623724954462 0.7284159770639214
7622.634744990892 0.7694663452140484
7632.645765027321 0.7290024108946375
7642.656785063751 0.8224408679220695
7652.667805100181 0.8479833192154819
7662.6788251366115 0.7581937838013943
7672.689845173041 0.7761777546100216
7682.700865209471 0.7062618101257575
7692.711885245901 0.7945526813057927
7702.72290528233 0.7586498990030626
7712.733925318761 0.8196390173975371
7722.744945355191 0.7802176321105102
7732.7559653916205 0.8276536130839903
7742.76698542805 0.7376034404118069
7752.77800546448 0.8060533003192807
7762.78902550091 0.7772203036424058
7772.800045537339 0.8164462109858605
7782.81106557377 0.743923893920636
7792.8220856102 0.7890141395712518
7802.8331056466295 0.7775461002150258
7812.844125683059 0.7552616146478138
7822.855145719489 0.703394800286701
7832.86616575592 0.7536326317847137
7842.877185792349 0.696813709519776
7852.888205828779 0.8182706717925328
7862.899225865209 0.7933798136443605
7872.9102459016385 0.7944875219912688
7882.921265938068 0.6996155600443084
7892.932285974498 0.8035446667101063
7902.943306010929 0.7608653156968789
7912.954326047358 0.7124519450055385
7922.965346083788 0.7688799113833323
7932.976366120218 0.8133837232032319
7942.9873861566475 0.6522447383853522
7952.998406193077 0.7925979018700723
7963.009426229507 0.7643187593666515
7973.020446265938 0.6537434026194044
7983.031466302367 0.7301101192415456
7993.042486338797 0.7575421906561542
8003.053506375227 0.7250602723659347
8013.0645264116565 0.7508307812601811
8023.075546448087 0.7063921287548055
8033.086566484517 0.732716491822506
8043.097586520947 0.7591711735192546
8053.108606557376 0.8053039682022546
8063.119626593806 0.7357138202906106
8073.130646630236 0.8595816772007558
8083.1416666666655 0.692187398188571
8093.152686703096 0.6512543168045872
8103.163706739526 0.6990291262135923
8113.174726775956 0.6165569818205513
8123.185746812385 0.6198898807584544
8133.196766848815 0.7283508177493974
8143.207786885245 0.7621685019873591
8153.2188069216745 0.7419691144849156
8163.229826958105 0.7180556460546035
8173.240846994535 0.6753111357268522
8183.251867030965 0.7370170065810908
8193.262887067394 0.7181859646836516
8203.273907103823 0.6398840164201473
8213.284927140256 0.6845637583892618
8223.295947176684 0.6219391412002346
8233.306967213113 0.631269955040073
8243.317987249544 0.650211767772203
8253.329007285975 0.6831628331269956
8263.340027322403 0.6637779370561021
8273.351047358832 0.7202059034338959
8283.362067395265 0.7286114550074934
8293.373087431693 0.6832605720987815
8303.384107468122 0.6361894832866358
8313.395127504553 0.7363002541213267
8323.406147540984 0.7539584283573337
8333.417167577412 0.6572620056037011
8343.428187613841 0.8212680002606372
8353.439207650274 0.6534176060467844
8363.450227686702 0.6891249104059426
8373.461247723131 0.7117351925457744
8383.472267759562 0.6117612562715841
8393.483287795993 0.6786342607675767
8403.494307832421 0.703459959601225
8413.505327868852 0.6496188180100345
8423.516347905283 0.696813709519776
8433.527367941711 0.6727699224604157
8443.53838797814 0.6039291066657979
8453.54940801457 0.6229491105753567
8463.560428051002 0.685410829478074
8473.57144808743 0.6866488564540302
8483.582468123861 0.6504333094415847
8493.593488160292 0.6674268586694468
8503.60450819672 0.6982797940965662
8513.61552823315 0.605603701049065
8523.62654826958 0.6060337525249235
8533.63756830601 0.6304489476770704
8543.64858834244 0.6704893464520753
8553.65960837887 0.5914836775917118
8563.6706284153 0.6491952824656285
8573.68164845173 0.641389196585652
8583.692668488158 0.6962272756890598
8593.70368852459 0.5922851371603571
8603.71470856102 0.7339545187984622
8613.725728597448 0.5645663647618427
8623.736748633879 0.5807389066267024
8633.74776867031 0.6260115983579853
8643.758788706738 0.6984426923828762
8653.769808743167 0.5262070763015573
8663.7808287796 0.5039942659803219
8673.791848816029 0.7053495797224213
8683.802868852457 0.6496839773245586
8693.813888888888 0.5853391542320975
8703.824908925319 0.639897048283052
8713.835928961747 0.5931517560435264
8723.846948998176 0.6004039877500489
8733.857969034609 0.6203688017202059
8743.868989071038 0.6288199648139702
8753.880009107466 0.6812080536912751
8763.891029143897 0.7340196781129863
8773.902049180328 0.7594969700918747
8783.913069216756 0.6523098976998761
8793.924089253187 0.5841923502964749
8803.935109289618 0.6526356942724962
8813.946129326047 0.624643252752981
8823.957149362475 0.7302404378705937
8833.968169398906 0.6150713494494039
8843.979189435337 0.648667492017984
8853.990209471765 0.5244608066723138
8864.001229508196 0.7119958298038704
8874.012249544627 0.6356584348732651
8884.023269581056 0.6732260376620839
8894.034289617484 0.5800221541669381
8904.045309653915 0.7433374600899199
8914.056329690346 0.6550465889098848
8924.067349726774 0.6302078582133316
8934.078369763205 0.591959340587737
8944.089389799636 0.5501270606633218
8954.100409836065 0.5237636020069069
8964.111429872493 0.6180817097804131
8974.122449908926 0.6003127647097152
8984.133469945355 0.6657327164918225
8994.144489981783 0.49946569362090315
