3508.105264116575 -0.8754817591468244
3518.1157923497267 0.5998363338788871
3528.126320582878 0.8424317617866005
3538.1368488160288 0.85016630589726
3548.1473770491802 1.3848001689456735
3558.1579052823317 1.2201045351354205
3568.1684335154823 -0.16366876088907661
3578.178961748634 0.1752151417559791
3588.1894899817853 0.2830367984794889
3598.200018214936 0.2117311651971913
3608.2105464480874 -0.859035953751122
3618.221074681239 -1.2265191911725886
3628.2316029143894 0.28118895517660103
3638.242131147541 0.5488490575999155
3648.2526593806924 0.45179768755609523
3658.263187613843 -0.061765482287102054
3668.2737158469945 1.069109339528008
3678.284244080146 0.4306794783802334
3688.2947723132966 -1.3301040071801913
3698.305300546448 -0.0767884483395808
3708.3158287795995 1.7937806873977087
3718.32635701275 0.8217095190327861
3728.3368852459016 0.0685787445224645
3738.3474134790526 1.3984478116255743
3748.3579417122037 0.8322950213821868
3758.368469945355 1.1660155218837442
3768.378998178506 0.34969114619080305
3778.3895264116572 0.45743360962990337
3788.4000546448087 0.30618763528852755
3798.4105828779598 0.9508209703817116
3808.421111111111 0.756269468349084
3818.4316393442623 0.780449817855446
3828.4421675774133 0.9535399398131039
3838.4526958105644 0.8001161501504672
3848.463224043716 0.5682118156380339
3858.473752276867 0.6955282192070112
3868.484280510018 0.5909138905020855
3878.4948087431694 1.0283247980571248
3888.5053369763205 1.2491156749907608
3898.5158652094715 1.0693997149041763
3908.526393442623 1.3861464547806346
3918.536921675774 1.1710574943244814
3928.547449908925 0.6058022279710681
3938.5579781420765 0.37909825246819073
3948.5685063752276 0.8756137479541736
3958.5790346083786 0.9777202893194656
3968.58956284153 0.9352726888759834
3978.6000910746807 0.44931629797793154
3988.610619307832 1.2810041708463122
3998.6211475409837 1.2706298505886702
4008.6316757741342 1.3516181827781004
4018.6422040072857 0.9147616282139275
4028.652732240437 1.0591309856924134
4038.663260473588 1.6083364130721716
4048.6737887067393 0.9375296974816537
4058.684316939891 1.0911778681167836
4068.6948451730414 0.7066944723087483
4078.705373406193 0.6625046196082572
4088.7159016393443 0.9894936909350088
4098.726429872495 0.8927722929095613
4108.736958105646 1.2793411118737132
4118.747486338798 0.5814106963729476
4128.7580145719485 0.6803759041233304
4138.7685428051 0.8265931049047041
4148.7790710382515 1.1009978353835594
4158.789599271402 0.8889182197349665
4168.8001275045535 0.8119159495274801
4178.810655737705 1.4283300776094188
4188.821183970856 0.8678000105591047
4198.831712204007 0.9869067103109658
4208.842240437159 1.3323742146665962
4218.852768670309 1.048809460957711
4228.863296903461 1.463148724988121
4238.873825136612 0.9765587878147933
4248.884353369763 1.0996779473100682
4258.894881602914 0.8092497756190276
4268.905409836066 1.1735388839026453
4278.915938069216 1.0987276278971543
4288.926466302368 1.2876036112137692
4298.936994535519 1.1007338577688612
4308.94752276867 1.0614275909402884
4318.958051001821 1.1217464758988438
4328.968579234973 0.9734174541998839
4338.979107468123 1.2525473839818384
4348.989635701275 1.0326276331767068
4359.000163934426 1.3938282033683544
4369.010692167577 1.3474209387043978
4379.021220400728 0.7342273375217782
4389.031748633879 0.9481020009503194
4399.0422768670305 1.1224064199355894
4409.052805100182 1.2138218679056016
4419.0633333333335 1.4508737659046516
4429.073861566484 0.9327912992978196
4439.084389799636 1.0491262340953489
4449.094918032786 1.112982419090861
4459.105446265938 0.9416873449131514
4469.115974499089 1.4685470672087009
4479.126502732241 1.331529486299562
4489.137030965391 1.0303310279288316
4499.147559198543 0.967134786970065
4509.158087431693 1.1378491103954385
4519.168615664845 1.0933952800802493
4529.179143897996 1.2161184731534767
4539.189672131148 1.2328282561638773
4549.200200364298 1.1043503510902277
4559.21072859745 1.1589673195713006
4569.2212568306 0.8839290428171691
4579.231785063752 1.2159600865846578
4589.242313296903 1.0471464019851118
4599.252841530055 1.0987540256586241
4609.263369763205 1.0815954807032364
4619.273897996357 0.940050683702022
4629.2844262295075 0.9723351459796211
4639.294954462659 1.2103109656301145
4649.3054826958105 0.8577688612005703
4659.316010928962 0.9583179346391426
4669.326539162113 1.100469880154163
4679.337067395264 0.9512697323266988
4689.347595628415 1.3110976189219155
4699.358123861566 1.0475687661686288
4709.368652094718 1.0949263502454993
4719.379180327868 1.2648223430653083
4729.38970856102 1.2439153159812049
4739.400236794171 1.105379863787551
4749.410765027322 1.2938070851591785
4759.421293260473 1.2236154374109076
4769.431821493625 1.2366559315770023
4779.442349726775 1.2024444327121062
4789.452877959927 1.351090227548704
4799.463406193078 0.9561533181986167
4809.473934426229 1.1889023810780845
4819.48446265938 0.9776938915579959
4829.494990892532 1.3566337574573677
4839.505519125682 1.263951216936804
4849.516047358834 1.1924924766379812
4859.526575591985 1.0849479964099045
4869.537103825136 1.0190855815426851
4879.5476320582875 1.1555356105802228
4889.558160291439 1.2948893933794414
4899.56868852459 1.1527638456258908
4909.579216757741 1.0867694419513225
4919.5897449908925 1.3907660630378544
4929.600273224043 1.0738081410696372
4939.610801457195 1.2054009819967266
4949.621329690346 1.0415500765535084
4959.631857923497 1.0214877778364395
4969.642386156648 1.1468771448181194
4979.6529143898 1.0097671717438363
4989.66344262295 1.138984214138641
4999.673970856102 0.9450662583812893
5009.684499089253 1.2049918166939444
5019.695027322404 0.955519771923341
5029.705555555555 1.0405997571405945
5039.716083788707 1.188849585555145
5049.726612021857 1.2330130404941662
5059.737140255009 1.1563803389472573
5069.74766848816 1.1631909614064728
5079.758196721311 1.0713795470144132
5089.768724954462 1.1430230716435246
5099.779253187614 1.0283247980571248
5109.7897814207645 0.872023652394277
5119.800309653916 1.0104799113035217
5129.8108378870675 1.1998574520880632
5139.821366120218 1.1176548228710206
5149.8318943533695 1.200781373739507
5159.842422586521 1.1993558946201361
5169.852950819672 1.0833641307217148
5179.863479052823 1.0269785122221637
5189.874007285975 1.061506784224698
5199.884535519125 1.3307111556939972
5209.895063752277 0.9669500026397763
5219.905591985428 1.0
5229.916120218579 0.8580064410537986
5239.92664845173 1.098595639089805
5249.937176684882 1.0407317459479435
5259.947704918032 0.9102740087640567
5269.958233151184 0.9137849110395438
5279.968761384334 0.8751649860091865
5289.979289617486 1.131474051000475
5299.989817850637 1.1552980307269944
5310.000346083789 1.0637241961881634
5320.010874316939 0.8588511694208331
5330.021402550091 0.980280872182039
5340.0319307832415 1.0658360171057495
5350.042459016393 1.0795892508315295
5360.0529872495445 0.9372789187476902
5370.063515482696 0.9992608626788448
5380.0740437158465 0.9510585502349401
5390.084571948998 1.011034264294388
5400.095100182149 0.844200411805079
5410.1056284153 0.8875455361385355
5420.116156648452 0.7844886753603295
5430.126684881602 0.92739295707724
5440.137213114754 1.0720394910511588
5450.147741347905 0.9840293543107546
5460.158269581056 0.9149464125442162
5470.168797814207 0.9887281558523837
5480.179326047359 0.7973971807190751
5490.189854280509 1.1424687186526583
5500.200382513661 0.8892613906340742
5510.210910746812 0.895860831001531
5520.221438979963 1.003827675413125
5530.231967213114 0.9152895834433241
5540.242495446266 1.213320310437675
5550.253023679416 1.0582334618024392
5560.263551912568 0.936249406050367
5570.274080145719 0.9884905759991552
5580.28460837887 0.8178818436196611
5590.295136612021 0.7612058497439417
5600.305664845173 0.9007972123963889
5610.3161930783235 1.0093448075603189
5620.326721311475 0.847236154374109
5630.3372495446265 1.0235995987540258
5640.347777777777 1.2278126814846102
5650.358306010929 1.0403093817644264
5660.36883424408 0.9831054326593105
5670.379362477231 1.1841507840135157
5680.389890710382 0.9210178976822766
5690.400418943534 1.3394224169790403
5700.410947176684 1.1268280449817856
5710.421475409836 1.1733540995723564
5720.432003642987 1.0360065466448447
5730.442531876138 1.2111028984742094
5740.453060109289 0.9459637822712634
5750.463588342441 1.0820706404096934
5760.474116575591 1.126022913256956
5770.484644808743 0.9511641412808194
5780.495173041894 0.9797793147141123
5790.505701275045 1.226017633704662
5800.516229508196 1.2806082044242648
5810.526757741348 1.2942558471041656
5820.537285974498 1.2588036534501874
5830.54781420765 1.1629269837917746
5840.558342440801 1.022477693891558
5850.568870673952 1.152605459057072
5860.5793989071035 1.1412280238635764
5870.589927140255 1.1518663217359169
5880.600455373406 1.0198511166253101
5890.610983606557 1.1659627263608046
5900.621511839708 1.0840240747584604
5910.632040072859 1.2053481864737872
5920.642568306011 1.0439258750857927
5930.653096539162 1.1171268676416242
5940.663624772313 1.2324322897418298
5950.674153005464 1.1080196399345335
5960.684681238615 1.030146243598543
5970.695209471766 1.1302729528535982
5980.705737704918 1.0555936856554564
5990.716265938069 1.0785069426112666
6000.72679417122 1.210706932052162
6010.737322404371 1.1748587719761365
6020.747850637522 1.2629481020009505
6030.758378870673 1.2189166358692782
6040.768907103825 1.0996251517871285
6050.779435336976 1.078770920225965
6060.789963570127 1.118341164669236
6070.800491803278 1.1627421994614857
6080.811020036429 1.2384245815954809
6090.8215482695805 1.1392481917533392
6100.832076502732 1.1296394065783222
6110.8426047358835 1.1034132305580486
6120.853132969034 1.2346760994667652
6130.8636612021855 1.088089330024814
6140.874189435336 1.1004170846312233
6150.884717668488 1.1543741090755504
6160.895245901639 1.2658518557626315
6170.905774134791 1.0359273533604352
6180.916302367941 1.0651760730690039
6190.926830601093 1.0929465181352622
6200.937358834243 1.0597117364447495
6210.947887067395 1.0952431233831372
6220.958415300546 1.131381658835331
6230.968943533698 1.1069637294757404
6240.979471766848 1.0157330658360173
6250.99 1.058721820389631
6261.00052823315 1.1452404836069903
6271.011056466302 1.1890871654083734
6281.021584699453 1.087930943455995
6291.032112932604 1.0661791880048572
6301.042641165755 0.8932474526160182
6311.053169398907 1.0086584657621034
6321.0636976320575 1.1560635658096192
6331.074225865209 1.0329972018372842
6341.0847540983605 1.1041919645214087
6351.095282331511 1.0740985164458055
6361.1058105646625 0.8929042817169105
6371.116338797814 1.1357636872393222
6381.126867030965 1.2228235045668128
6391.137395264116 1.1679821551132465
6401.147923497268 1.0067578269362758
6411.158451730418 1.0859511113457578
6421.16897996357 1.0557256744628056
6431.179508196721 0.9636238846945779
6441.190036429872 1.024945884588987
6451.200564663023 1.11010506309065
6461.211092896175 0.8968111504144449
6471.221621129325 1.0400454041497282
6481.232149362477 1.100601868961512
6491.242677595628 1.006309064991289
6501.253205828779 1.1060134100628267
6511.26373406193 1.020643049469405
6521.274262295082 0.9991024761100259
6531.284790528232 1.0109814687714482
6541.295318761384 1.120664167678581
6551.305846994535 0.9435615859775092
6561.316375227686 1.0560160498389737
6571.3269034608375 1.0526371363708358
6581.337431693989 1.0500765535082626
6591.3479599271395 1.0334195660208016
6601.358488160291 1.0970909666860251
6611.3690163934425 1.1471675201942877
6621.379544626593 0.9699329496858667
6631.390072859745 1.0252626577266248
6641.400601092896 0.8566601552188374
6651.411129326047 1.0115622195237846
6661.421657559198 1.059157383453883
6671.432185792349 0.9907871812470304
6681.4427140255 1.1733540995723564
6691.453242258652 1.0181088643683016
6701.463770491803 1.1340214349823137
6711.474298724954 0.9089805184520352
6721.484826958105 1.0549601393801806
6731.495355191256 0.9580275592629746
6741.505883424407 1.0526899318937755
6751.516411657559 1.0477535504989177
6761.52693989071 0.9945884588986854
6771.537468123861 1.041154110131461
6781.547996357012 0.979673723668233
6791.558524590163 0.9890449289900217
6801.569052823314 1.0505649120954543
6811.579581056466 1.0179768755609526
6821.590109289617 1.0430019534343489
6831.600637522768 1.123251148302624
6841.6111657559195 1.1274219946148567
6851.62169398907 1.0590781901694737
6861.632222222222 1.1344701969273006
6871.642750455373 1.015442690459849
6881.653278688525 1.6021065413652924
6891.663806921675 0.9996568291008923
6901.674335154827 1.3321366348133679
6911.684863387977 1.023124439047569
6921.695391621129 1.1217728736603136
6931.70591985428 0.884720975661264
6941.716448087432 1.088551290850536
6951.726976320582 1.1064093764848741
6961.737504553734 1.0707460007391374
6971.748032786884 0.9755820706404098
6981.758561020036 1.1112929623567922
6991.769089253187 1.0645425267937279
7001.779617486338 1.01834644422153
7011.790145719489 1.1119001108705984
7021.800673952641 1.0453777519666332
7031.811202185791 1.0440842616546118
7041.821730418943 1.1800063354627528
7051.832258652094 1.0822026292170426
7061.842786885245 0.99849532759622
7071.8533151183965 1.022028931946571
7081.863843351548 0.9827094662372631
7091.874371584699 1.0246027136898792
7101.88489981785 1.0420780317829048
7111.8954280510015 0.9785650176865003
7121.905956284152 0.9824718863840348
7131.916484517304 1.0267145346074653
7141.927012750455 0.9179821551132464
7151.937540983606 1.0500765535082626
7161.948069216757 0.95414708832691
7171.958597449909 0.9693258011720607
7181.969125683059 0.9494218890238109
7191.979653916211 0.8894725727258329
7201.990182149362 0.8925347130563329
7212.000710382513 0.9863787550815691
7222.011238615664 0.9613008816852331
7232.021766848816 0.9335832321419144
7242.032295081966 0.8572937014941133
7252.042823315118 0.8771184203579536
7262.053351548269 0.9503722084367247
7272.06387978142 0.9581859458317936
7282.074408014571 1.020959822607043
7292.084936247723 0.9360382239586085
7302.0954644808735 0.9440631434454358
7312.105992714025 0.9487091494641255
7322.1165209471765 0.9743677736127977
7332.127049180327 0.9051000475159706
7342.1375774134785 0.9263766432606516
7352.14810564663 0.890502085423156
7362.158633879781 0.9671875824930047
7372.169162112932 1.0341323055804867
7382.179690346083 0.9864579483659787
7392.190218579234 0.9159759252415395
7402.200746812386 1.000923921651444
7412.211275045537 1.0157066680745472
7422.221803278688 1.0093448075603189
7432.232331511839 0.8802069584499236
7442.24285974499 0.8748218151100787
7452.253387978141 1.0422628161131935
7462.263916211293 0.9335040388575049
7472.274444444444 0.9348239269309963
7482.284972677595 1.0369040705348187
7492.295500910746 1.004118050789293
7502.306029143897 0.9809936117417243
7512.316557377048 0.8579008500079195
7522.3270856102 1.0939496330711156
7532.337613843351 1.24771659363286
7542.348142076502 0.9471516815374057
7552.3586703096535 0.9672139802544745
7562.369198542804 0.9911567499076078
7572.3797267759555 0.9635974869331081
7582.390255009107 0.9488411382714746
7592.4007832422585 0.7246449501082308
7602.411311475409 1.0463016736180772
7612.42183970856 1.0840240747584604
7622.432367941711 0.7487593052109182
7632.442896174863 0.8586663850905444
7642.453424408014 1.0022174119634655
7652.463952641166 0.9659204899424529
7662.474480874316 0.8658465762103373
7672.485009107467 0.9351934955915738
7682.495537340618 1.004883585871918
7692.50606557377 0.9147088326909879
7702.516593806921 0.9831054326593105
7712.527122040073 0.9581595480703237
7722.537650273223 0.9480228076659099
7732.548178506374 0.9722559526952116
7742.558706739525 1.0305158122591205
7752.569234972677 0.9452246449501084
7762.579763205828 1.0212369991024761
7772.59029143898 0.9593738450979359
7782.6008196721305 1.006124280661
7792.611347905281 1.0275064674515602
7802.6218761384325 1.0675518716012884
7812.632404371584 1.10400718019112
7822.6429326047355 1.0719075022438098
7832.653460837887 1.0253682487725042
7842.663989071038 0.9346127448392377
7852.674517304188 1.0049891769177974
7862.68504553734 1.011034264294388
7872.695573770491 0.8812892666701864
7882.706102003643 0.8833218943033632
7892.716630236794 0.9566020801436038
7902.727158469945 0.9909851644580541
7912.737686703095 1.0727522306108441
7922.748214936247 0.9256375059394963
7932.758743169398 0.9925294335040388
7942.76927140255 0.8924291220104537
7952.779799635701 0.9939813103848795
7962.790327868852 0.9434823926930996
7972.800856102002 0.9496858666385091
7982.811384335154 0.8680375904123332
7992.821912568305 0.8781479330552769
8002.832440801457 0.9276701335726731
8012.842969034608 0.9029618288369148
8022.853497267759 0.9052320363233198
8032.8640255009095 0.8513674040441371
8042.874553734061 0.8901589145240483
8052.8850819672125 1.0225172905337627
8062.895610200364 0.9281980888020697
8072.9061384335155 0.8782535241011563
8082.916666666666 0.9709888601446598
8092.927194899817 0.9948524365133836
8102.937723132968 0.9105115886172852
8112.94825136612 0.9005860303046302
8122.958779599271 0.9943508790454569
8132.969307832423 0.857346497017053
8142.979836065573 1.0071273955968534
8152.990364298724 1.0187160128821078
8163.000892531875 0.8716012882107598
8173.011420765027 1.024813895781638
8183.021948998178 1.0134892561110818
8193.032477231329 0.877065624835014
8203.04300546448 0.8748218151100787
8213.053533697632 0.9259014835541948
8223.064061930781 0.8795734121746477
8233.074590163935 1.0019534343487673
8243.085118397084 0.8772504091653028
8253.095646630238 0.8907924607993242
8263.106174863387 0.9119106699751862
8273.116703096537 0.9679267198141599
8283.12723132969 0.8789662636608415
8293.13775956284 0.9577107861253367
8303.148287795993 0.8442268095665488
8313.158816029143 0.8682883691462964
8323.169344262293 0.860091864209915
8333.179872495446 0.9288844306002852
8343.190400728596 0.9676363444379917
8353.200928961749 0.8440948207591996
8363.211457194899 0.7872868380761312
8373.22198542805 0.8768544427432554
8383.232513661202 0.7751702655614804
8393.243041894351 0.8933530436618975
8403.253570127505 0.9671611847315348
8413.264098360654 0.9378860672614964
8423.274626593808 0.9653925347130563
8433.285154826957 0.9382556359220738
8443.295683060107 0.7760149939285149
8453.30621129326 0.9517844886753603
8463.31673952641 0.8277810041708463
8473.327267759563 0.9177181774985482
8483.337795992713 0.8415342378966264
8493.348324225864 0.859194340319941
8503.358852459016 0.8281505728314239
8513.369380692166 0.8851169420833114
8523.379908925319 0.9296499656829101
8533.390437158469 0.7783907924607993
8543.400965391622 1.0168681695792197
8553.411493624772 1.0121429702761207
8563.422021857921 0.8758777255688718
8573.432550091075 0.8227390317301094
8583.443078324224 0.8399767699699066
8593.453606557377 0.8761944987065098
8603.464134790527 0.9491843091705824
8613.474663023679 0.8634179821551132
8623.48519125683 0.8325589989968851
8633.49571948998 0.9398658993717333
8643.506247723133 0.8490048043925875
8653.516775956283 0.8149252943350404
8663.527304189436 0.9056016049838973
8673.537832422586 0.9471252837759357
8683.548360655735 0.8277282086479067
8693.558888888889 0.8721028456786865
8703.569417122038 0.8180930257114197
8713.579945355192 0.7850694261126656
8723.590473588341 0.8763396863945937
8733.601001821493 0.8423525685021911
8743.611530054644 0.8476585185576263
8753.622058287794 0.7369463069531704
8763.632586520947 0.7001214297027613
8773.643114754097 0.8812892666701864
8783.65364298725 0.9088485296446862
8793.6641712204 0.7616546116889289
8803.67469945355 0.8882318779367511
8813.685227686703 0.9072910617179663
8823.695755919853 0.8883110712211606
8833.706284153006 0.9185893036270525
8843.716812386156 0.8640515284303891
8853.727340619307 0.8356211393273851
8863.737868852459 0.8448471569610897
8873.748397085608 0.7884219418193338
8883.758925318762 0.8495855551449237
8893.769453551911 0.9056280027453673
8903.779981785065 0.7731112401668339
8913.790510018214 0.7945990180032734
8923.801038251364 0.9699857452088063
8933.811566484517 0.9400242859405523
8943.822094717667 0.8834010875877727
8953.83262295082 0.6345493902117101
8963.84315118397 0.6985639617760414
8973.853679417121 0.8070587614170319
8983.864207650273 0.6318304207803178
8993.874735883423 0.7566126392481918
