3507.325473588343 3.1727729556875284
3517.3364207650275 8.740612151667428
3527.347367941712 3.1641845591594335
3537.3583151183975 4.399908634079488
3547.369262295082 4.116400182731841
3557.3802094717666 4.473823663773413
3567.391156648452 3.0784833257195063
3577.4021038251367 1.5520328917313841
3587.4130510018217 3.6359981726815893
3597.4239981785067 1.5238008222932846
3607.4349453551913 1.3261763362265875
3617.4458925318763 0.7359524897213339
3627.4568397085613 2.7558702603928733
3637.467786885246 2.6335312928277754
3647.478734061931 1.2835084513476471
3657.489681238616 1.5948835084513475
3667.5006284153005 1.0264961169483782
3677.5115755919855 1.6048423937871175
3687.5225227686706 2.5521242576518954
3697.533469945355 1.4798538145271813
3707.5444171220406 4.895386021014161
3717.555364298725 2.2518958428506166
3727.5663114754097 1.465052535404294
3737.577258652095 2.7533120146185475
3747.58820582878 1.7868889904065781
3757.5991530054644 1.1467336683417086
3767.61010018215 1.5379625399725902
3777.6210473588344 1.997167656464139
3787.631994535519 0.4881772498857926
3797.6429417122044 0.8385564184559159
3807.653888888889 0.9957058017359525
3817.6648360655736 0.8329282777523983
3827.675783242259 0.7044860666971219
3837.6867304189436 2.4714481498401097
3847.697677595628 1.579990863407949
3857.7086247723137 0.5753403380539058
3867.7195719489982 1.3337597076290542
3877.7305191256833 0.5184102329830973
3887.7414663023683 0.8902147099132023
3897.752413479053 0.9495660118775697
3907.763360655738 0.7998081315669255
3917.774307832423 1.6265874828688898
3927.7852550091075 1.6225673823663773
3937.7962021857925 0.7798720877112837
3947.8071493624775 1.0803106441297394
3957.818096539162 0.5307537688442211
3967.8290437158475 0.9904065783462769
3977.839990892532 1.5831886706258564
3987.8509380692167 1.2249428962996802
3997.861885245902 0.8099680219278209
4007.8728324225867 0.8183645500228414
4017.8837795992713 0.6007948835084513
4027.8947267759568 0.9046231155778894
4037.9056739526413 0.8410324349017816
4047.916621129326 0.8458748286888991
4057.9275683060114 1.048149840109639
4067.938515482696 0.9811786203746002
4077.9494626593805 0.8657377798081315
4087.960409836066 0.4709090909090909
4097.971357012751 2.0055733211512106
4107.982304189436 0.8863590680676108
4117.993251366121 1.427592507994518
4128.004198542805 1.8829145728643213
4138.01514571949 1.4825034262220191
4148.026092896175 1.570306075833714
4158.03704007286 1.0222019186843307
4168.047987249545 1.414618547281864
4178.05893442623 1.7012334399269071
4188.069881602914 1.0542713567839195
4198.080828779599 1.3998172681589767
4208.091775956284 1.1842850616719964
4218.102723132969 1.1206943809958885
4228.1136703096545 1.3696665143901323
4238.124617486339 1.2791228871630882
4248.135564663024 1.4727729556875284
4258.146511839708 1.1986295111923253
4268.157459016394 1.2618547281863866
4278.168406193079 1.192416628597533
4288.179353369764 1.1138419369575148
4298.190300546448 0.9197807217907721
4308.201247723133 1.0107811786203746
4318.212194899817 1.2181818181818183
4328.223142076503 0.87529465509365
4338.234089253188 1.0540886249428962
4348.245036429873 0.8936317953403381
4358.2559836065575 1.3586112380082227
4368.266930783242 0.9293741434444952
4378.2778779599275 0.9535861123800823
4388.288825136612 1.142713567839196
4398.299772313298 1.0930105070808587
4408.310719489982 1.1632708999543169
4418.321666666667 0.9987208771128369
4428.332613843351 1.4060301507537687
4438.343561020037 1.0582914572864321
4448.354508196721 1.3589767016902696
4458.365455373407 1.0928277752398354
4468.376402550091 1.0884422110552763
4478.387349726776 1.0322521699406122
4488.3982969034605 0.96509821836455
4498.409244080146 1.22549109182275
4508.420191256831 1.1907720420283234
4518.431138433516 1.0493375970762904
4528.442085610201 1.0048423937871174
4538.453032786885 1.1021470991320237
4548.46397996357 1.2970306075833715
4558.474927140255 1.2015532206486979
4568.485874316941 1.0123343992690725
4578.496821493625 1.1536774783005939
4588.50776867031 1.3399725902238464
4598.518715846994 0.8926541799908633
4608.529663023679 1.183005938784833
4618.540610200364 1.2022841480127913
4628.55155737705 1.2682503426222018
4638.5625045537345 1.0740063956144357
4648.573451730419 0.9450890817724988
4658.584398907104 1.1301964367291
4668.595346083788 1.397624486066697
4678.606293260474 1.1590680676107812
4688.617240437159 1.183645500228415
4698.628187613844 1.1205116491548652
4708.639134790528 1.2690726359068067
4718.650081967213 1.220831429876656
4728.661029143898 1.1272727272727272
4738.671976320583 1.1280950205573321
4748.682923497268 1.1275011420740064
4758.693870673953 0.9593421653723161
4768.7048178506375 1.0794883508451347
4778.715765027322 1.1781635449977157
4788.7267122040075 1.0787574234810415
4798.737659380693 1.221014161717679
4808.748606557378 0.8638830516217452
4818.759553734062 1.2115121059844678
4828.770500910747 0.9753312014618547
4838.781448087431 1.3597076290543626
4848.792395264117 1.076290543627227
4858.803342440802 1.158885335769758
4868.814289617487 1.300776610324349
4878.825236794171 1.1912745545911374
4888.836183970856 0.9778894472361809
4898.8471311475405 1.1443581544084056
4908.858078324226 1.1701233439926906
4918.869025500911 1.3323892188213797
4928.879972677596 1.2118775696665143
4938.890919854281 1.308816811329374
4948.901867030965 1.2773869346733668
4958.912814207651 1.1633622658748286
4968.923761384335 1.096116948378255
4978.934708561021 0.9137505710370032
4988.945655737705 1.2797624486066697
4998.95660291439 1.225536774783006
5008.967550091074 1.479122887163088
5018.97849726776 1.0558245774326176
5028.989444444445 1.39004111466423
5039.00039162113 1.221379625399726
5049.0113387978145 1.0439470077661033
5059.022285974499 1.0105070808588397
5069.033233151184 1.1778894472361807
5079.044180327869 0.9949748743718593
5089.055127504555 1.3151210598446779
5099.066074681239 1.0248515303791685
5109.077021857924 1.1147555961626314
5119.087969034608 1.1513933302878026
5129.098916211293 0.8128003654636821
5139.109863387978 1.1330287802649612
5149.120810564664 1.1602558245774326
5159.131757741348 1.3894929191411605
5169.142704918033 1.0378254910918228
5179.1536520947175 1.1879396984924624
5189.164599271402 0.9406121516674281
5199.1755464480875 1.2807674737322978
5209.186493624773 1.237734125171311
5219.197440801458 0.8764367291000457
5229.208387978142 1.0840566468707173
5239.219335154827 1.1793513019643673
5249.230282331512 1.0979442667884878
5259.241229508197 1.0310644129739606
5269.252176684882 1.0574691640018272
5279.263123861567 1.0784833257195066
5289.274071038251 1.0148926450433988
5299.285018214936 1.1309273640931932
5309.295965391621 1.0451347647327547
5319.306912568307 0.8329922338967566
5329.317859744991 0.9004202832343536
5339.328806921676 1.0251256281407035
5349.339754098361 0.7580173595248972
5359.350701275045 1.0662402923709455
5369.361648451731 1.1671082686158063
5379.372595628416 1.1686614892645042
5389.383542805101 1.0620374600274096
5399.394489981785 1.1261763362265875
5409.40543715847 1.0730927364093192
5419.416384335154 1.2094106898127
5429.42733151184 1.0061215166742805
5439.438278688525 1.1149383280036547
5449.44922586521 1.0698949291914115
5459.460173041894 1.0933759707629054
5469.471120218579 1.2172681589767016
5479.482067395264 1.199725902238465
5489.493014571949 1.1340338053905894
5499.5039617486345 0.8095660118775696
5509.514908925319 1.5005938784833257
5519.525856102004 1.2126998629511192
5529.536803278688 1.0694380995888533
5539.547750455374 1.1525810872544542
5549.558697632059 1.1746916400182732
5559.569644808744 1.0102329830973047
5569.580591985428 0.8428597533120147
5579.591539162113 0.9915029693924166
5589.6024863387975 1.0047510278666056
5599.613433515483 1.2010963910461399
5609.624380692168 1.1396984924623115
5619.635327868853 1.1112836911831887
5629.646275045538 1.0720420283234353
5639.657222222222 1.042211055276382
5649.668169398907 1.0026496116948378
5659.679116575592 1.3212425765189586
5669.690063752278 1.049428962996802
5679.701010928962 0.992964824120603
5689.711958105647 1.124714481498401
5699.722905282331 0.8845774326176336
5709.733852459016 1.0772042028323436
5719.744799635701 0.8786843307446321
5729.755746812387 0.88188213796254
5739.766693989071 1.0988579259936042
5749.777641165756 1.2262677021470991
5759.788588342441 1.0973047053449063
5769.799535519125 0.9433531292827775
5779.8104826958115 0.9564184559159434
5789.821429872496 1.1596162631338511
5799.832377049181 1.0871630881681131
5809.843324225865 0.8361534947464595
5819.85427140255 1.3172224760164457
5829.865218579234 0.9769757880310644
5839.876165755921 1.1267245317496573
5849.887112932605 1.2826861580630424
5859.89806010929 1.0949291914116035
5869.909007285974 1.005664687071722
5879.919954462659 1.0126541799908635
5889.9309016393445 1.2442211055276382
5899.94184881603 0.9371402466879853
5909.9527959927145 1.1928734582000913
5919.963743169399 1.0243033348560986
5929.974690346084 0.9714024668798538
5939.985637522768 0.8991594335312928
5949.996584699454 0.8527729556875285
5960.007531876139 1.079945180447693
5970.018479052824 1.0045682960255824
5980.029426229508 1.1238921882137962
5990.040373406193 1.173138419369575
6000.051320582877 1.134856098675194
6010.062267759564 1.1528551850159892
6020.073214936248 1.070077661032435
6030.084162112933 0.9943353129282777
6040.0951092896175 1.020831429876656
6050.106056466302 1.1238008222932845
6060.117003642987 1.038830516217451
6070.127950819673 0.8148926450433988
6080.138897996358 0.9931475559616263
6090.149845173042 0.9965280950205573
6100.160792349727 1.0632252169940613
6110.171739526411 1.0909090909090908
6120.182686703096 0.985929648241206
6130.193633879782 0.9726815897670168
6140.204581056467 1.145820009136592
6150.215528233151 1.1034262220191868
6160.226475409836 1.0557332115121059
6170.237422586521 1.0467793513019643
6180.248369763206 1.0604842393787117
6190.2593169398915 0.9640018273184102
6200.270264116576 1.0644129739607127
6210.281211293261 1.0084970306075833
6220.292158469945 1.038282320694381
6230.30310564663 1.2416628597533121
6240.314052823315 1.080219278209228
6250.325000000001 1.1081772498857925
6260.335947176685 1.1774326176336227
6270.34689435337 1.0794883508451347
6280.357841530054 0.9889447236180904
6290.368788706739 0.8984559159433531
6300.379735883425 1.1602558245774326
6310.39068306011 1.0356327089995432
6320.4016302367945 0.9456372772955687
6330.412577413479 1.018730013704888
6340.423524590164 0.9443581544084056
6350.434471766848 1.0120603015075376
6360.445418943535 1.1530379168570124
6370.456366120219 1.0472818638647785
6380.467313296904 1.0573777980813157
6390.478260473588 1.0202832343535861
6400.489207650273 1.145545911375057
6410.500154826958 0.9267245317496574
6420.511102003644 0.9702147099132024
6430.522049180328 1.058839652809502
6440.532996357013 1.0521699406121516
6450.5439435336975 1.016902695294655
6460.554890710382 1.0289629968021927
6470.565837887068 1.0400182731841023
6480.576785063753 0.8279671082686157
6490.587732240438 0.9324805847418912
6500.598679417122 1.1518958428506165
6510.609626593807 0.8718318867062586
6520.620573770491 0.8932754682503427
6530.631520947177 1.019278209227958
6540.642468123862 0.9939698492462312
6550.653415300547 1.0248515303791685
6560.664362477231 0.9353129282777524
6570.675309653916 0.9739607126541799
6580.6862568306005 0.8534947464595706
6590.697204007287 1.0313385107354955
6600.7081511839715 1.0160804020100502
6610.719098360656 0.9258108725445409
6620.730045537341 1.072133394243947
6630.740992714025 0.8622567382366376
6640.75193989071 1.0269529465509366
6650.762887067396 1.0552763819095476
6660.773834244081 0.8821288259479214
6670.784781420765 0.9463682046596619
6680.79572859745 0.9205116491548652
6690.806675774134 0.9333028780264961
6700.81762295082 1.0696208314298765
6710.828570127505 1.0335312928277753
6720.83951730419 1.084604842393787
6730.8504644808745 0.8979990863407948
6740.861411657559 1.0
6750.872358834244 0.9844221105527639
6760.883306010929 1.8722704431247144
6770.894253187615 0.9312014618547282
6780.905200364299 1.4785746916400184
6790.916147540984 0.9470077661032436
6800.927094717668 0.9574234810415715
6810.938041894353 1.0774783005938786
6820.948989071039 1.0047510278666056
6830.959936247724 0.92188213796254
6840.970883424408 0.9972590223846506
6850.981830601093 1.0110552763819094
6860.9927777777775 1.0953860210141617
6871.003724954462 0.9221196893558701
6881.0146721311485 1.0495203289173138
6891.025619307833 0.9358611238008223
6901.036566484518 0.8994518044769301
6911.047513661202 1.067428049337597
6921.058460837887 1.2172681589767016
6931.069408014571 1.1128369118318866
6941.080355191258 1.035175879396985
6951.091302367942 0.9638190954773869
6961.102249544627 0.8496208314298767
6971.113196721311 0.9654636820465966
6981.124143897996 0.834627683873915
6991.135091074681 0.8468250342622202
7001.146038251367 0.9976244860666971
7011.1569854280515 1.0576518958428507
7021.167932604736 0.9076747373229785
7031.178879781421 1.0580173595248972
7041.189826958105 1.1481955230698948
7051.200774134791 1.0219278209227958
7061.211721311476 1.1410689812699863
7071.222668488161 0.9884878940155322
7081.233615664845 1.0188213796253998
7091.24456284153 1.0342622201918685
7101.255510018214 0.92188213796254
7111.266457194901 1.003654636820466
7121.277404371585 0.9455915943353129
7131.28835154827 0.9704888076747373
7141.2992987249545 0.886423024211969
7151.310245901639 0.8706898126998629
7161.321193078324 0.9171311100959342
7171.33214025501 0.9209684787574234
7181.343087431695 0.8099040657834627
7191.354034608379 1.0769301050708087
7201.364981785064 0.9012608497030608
7211.375928961748 1.0742804933759706
7221.386876138434 0.9459113750571037
7231.397823315119 0.9662859753312015
7241.408770491804 1.1469164001827319
7251.419717668488 0.9615349474645958
7261.430664845173 0.9112197350388306
7271.4416120218575 0.846313385107355
7281.452559198543 0.961717679305619
7291.4635063752285 0.9766103243490178
7301.474453551913 0.8213065326633165
7311.485400728598 0.8060027409776153
7321.496347905282 0.8089721333942439
7331.507295081967 0.9116582914572865
7341.518242258653 1.0103243490178162
7351.529189435338 0.9387848332571951
7361.540136612022 0.8422019186843307
7371.551083788707 0.855513933302878
7381.562030965391 0.9517587939698492
7391.572978142076 0.9459113750571037
7401.583925318762 0.8711557788944724
7411.594872495447 0.8943718592964823
7421.6058196721315 0.8457377798081316
7431.616766848816 0.8756509821836455
7441.627714025501 0.9340338053905893
7451.638661202185 0.8772133394243946
7461.649608378872 0.8382640475102787
7471.660555555556 0.9928734582000913
7481.671502732241 0.834399269072636
7491.682449908925 0.889145728643216
7501.69339708561 0.8599588853357698
7511.704344262295 1.00886249428963
7521.715291438981 1.119506624029237
7531.726238615665 1.375788031064413
7541.73718579235 0.9148469620831429
7551.7481329690345 1.0524440383736866
7561.759080145719 0.8195340338053905
7571.7700273224045 0.7985929648241207
7581.78097449909 0.8979899497487437
7591.791921675775 0.9364093193238922
7601.802868852459 0.681991777067154
7611.813816029144 0.8456098675194152
7621.824763205828 0.9396984924623115
7631.835710382514 1.012243033348561
7641.846657559199 0.988031064412974
7651.857604735884 0.8574874371859297
7661.868551912568 0.8666605756052992
7671.879499089253 0.765874828688899
7681.890446265938 0.8676199177706715
7691.901393442624 0.7779990863407948
7701.912340619308 0.7880219278209227
7711.923287795993 0.9680219278209228
7721.934234972678 0.8651256281407035
7731.945182149362 0.9105619004111466
7741.956129326048 0.8401827318410232
7751.967076502733 1.022384650525354
7761.978023679418 0.9744175422567383
7771.988970856102 0.9966194609410689
7781.999918032787 0.9645500228414801
7792.010865209471 0.9333942439470078
7802.021812386157 0.9689355870260392
7812.032759562842 0.9852900867976245
7822.043706739527 0.9554134307903152
7832.0546539162115 0.8516034719049794
7842.065601092896 1.100228414801279
7852.076548269581 1.0100502512562815
7862.087495446266 1.0185472818638648
7872.098442622952 1.0125628140703515
7882.109389799636 0.7652626770214709
7892.120336976321 0.8831612608497031
7902.131284153005 0.8653997259022385
7912.14223132969 0.7640749200548196
7922.153178506375 0.859661946094107
7932.164125683061 0.796290543627227
7942.175072859745 0.8956783919597989
7952.18602003643 0.985381452718136
7962.1969672131145 0.835961626313385
7972.2079143898 0.8526450433988122
7982.218861566485 0.7816811329374144
7992.22980874317 0.8583462768387391
8002.240755919855 0.7354225673823662
8012.251703096539 0.855897670169027
8022.262650273224 0.8098126998629511
8032.273597449909 0.7925719506624029
8042.284544626595 0.8090543627227045
8052.295491803279 0.9523069894929191
8062.306438979964 1.002101416171768
8072.317386156648 0.9405207857469163
8082.328333333333 0.7652352672453174
8092.339280510018 0.8283051621745089
8102.350227686704 0.9065143901324806
8112.361174863388 0.7655276381909548
8122.372122040073 0.8494974874371858
8132.383069216758 0.7513476473275468
8142.394016393442 0.8912745545911375
8152.404963570128 0.848752855185016
8162.415910746813 0.8753586112380083
8172.426857923498 0.8070808588396527
8182.437805100182 0.658894472361809
8192.448752276867 0.8162357240749201
8202.459699453551 0.9982640475102786
8212.470646630238 0.8451164915486524
8222.481593806922 0.9886706258565554
8232.492540983607 1.03490178163545
8242.503488160291 0.7960347190497945
8252.514435336976 0.8739881224303335
8262.52538251366 0.8481041571493833
8272.536329690347 0.8582640475102786
8282.547276867032 1.0709913202375514
8292.558224043716 1.018455915943353
8302.5691712204 0.7185381452718137
8312.580118397085 0.9885792599360439
8322.591065573772 0.8329374143444496
8332.602012750456 0.8919323892188213
8342.61295992714 0.949748743718593
8352.623907103825 0.7969392416628597
8362.63485428051 1.0272270443124716
8372.645801457194 0.797866605756053
8382.656748633879 0.9924166285975331
8392.667695810565 0.9739607126541799
8402.67864298725 1.0328917313841937
8412.689590163935 0.8515943353129282
8422.70053734062 0.8560073092736409
8432.711484517304 0.9785290086797623
8442.72243169399 0.7589949748743718
8452.733378870675 0.8501598903608953
8462.74432604736 0.8824120603015075
8472.755273224044 0.8648423937871174
8482.766220400728 0.8368661489264504
8492.777167577413 0.722156235724075
8502.7881147541 0.962220191868433
8512.799061930784 0.7681589767016903
8522.810009107468 0.81207857469164
8532.820956284153 0.9442667884878939
8542.831903460838 0.8894380995888533
8552.842850637524 0.8130287802649612
8562.853797814209 0.6968204659661945
8572.864744990893 0.7573047053449063
8582.875692167578 0.7126359068067611
8592.886639344262 0.7986295111923252
8602.897586520947 0.7765280950205573
8612.908533697631 0.7807583371402466
8622.919480874318 0.7557423481041572
8632.930428051002 0.63623572407492
8642.941375227687 0.8438008222932846
8652.952322404371 0.5788122430333486
8662.963269581056 0.8184193695751484
8672.974216757742 0.6541799908634078
8682.985163934427 0.8349657377798081
8692.996111111112 0.8422567382366377
8703.007058287796 0.824376427592508
8713.01800546448 0.8391411603471904
8723.028952641165 0.6518867062585656
8733.03989981785 0.7923252626770214
8743.050846994536 0.9026496116948378
8753.06179417122 0.8213613522156236
8763.072741347905 0.6955230698949292
8773.08368852459 0.6131566925536774
8783.094635701276 0.6996984924623115
8793.10558287796 0.5580173595248972
8803.116530054645 0.7393969849246231
8813.12747723133 0.5028962996802193
8823.138424408015 0.7443855641845591
8833.1493715847 0.7740886249428963
8843.160318761384 0.6474371859296482
8853.17126593807 0.8233439926907263
8863.182213114755 0.6148012791228872
8873.19316029144 0.686377341251713
8883.204107468124 0.9474645957058018
8893.215054644808 0.7701507537688442
8903.226001821495 0.8421196893558702
8913.23694899818 0.9837368661489264
8923.247896174864 0.41278209227957974
8933.258843351548 0.999725902238465
8943.269790528233 0.8263864778437642
8953.280737704918 0.566094106898127
8963.291684881602 0.6659570580173595
8973.302632058289 0.8474189127455459
8983.313579234973 0.7345089081772498
8993.324526411658 0.9110095934216537
