3507.326174863388 -2.224871786495933
3517.338524590164 -2.0308365726978734
3527.35087431694 -0.03600104530754908
3537.363224043716 3.3974128638160255
3547.375573770492 0.6672982066442361
3557.387923497268 8.12612288896874
3567.4002732240438 2.392120994348806
3577.4126229508197 2.9015450952209845
3587.4249726775956 -2.0644824094339005
3597.4373224043716 2.179302910528207
3607.4496721311475 -3.1728350700682713
3617.462021857924 -0.5329435207264888
3627.4743715847 -0.8015875608401659
3637.486721311476 2.4746022931434357
3647.4990710382517 -3.4060693169568483
3657.5114207650277 -3.9442393754287393
3667.5237704918036 0.04514421977591219
3677.5361202185795 1.0088851141671837
3687.5484699453555 2.5716199000424655
3697.5608196721314 3.1514389311730313
3707.5731693989073 3.79936628229837
3717.5855191256833 -0.8531016234932872
3727.597868852459 2.0226701074706823
3737.610218579235 1.6057557246921244
3747.622568306011 2.3788994871459836
3757.634918032787 -0.03573645183418809
3767.647267759563 4.06052984026394
3777.659617486339 2.201352366641623
3787.671967213115 3.1120765687779697
3797.684316939891 1.3778133472707674
3807.6966666666667 1.4190866625289908
3817.7090163934427 1.3444778362133734
3827.7213661202186 1.0729102015483618
3837.7337158469945 2.436546565184725
3847.7460655737705 1.6169601149838304
3857.7584153005464 2.199555744291641
3867.7707650273223 3.053278019142194
3877.7831147540987 2.722862836050044
3887.7954644808747 3.1996210760134582
3897.8078142076506 1.5929017084245256
3907.8201639344265 1.2610165615914806
3917.8325136612025 0.7622251984451051
3927.8448633879784 1.3999118021755461
3937.8572131147544 1.7125077581419657
3947.8695628415303 1.2353575278476463
3957.8819125683062 3.4619279391108355
3967.894262295082 0.8009995753438082
3977.906612021858 2.369254891712671
3987.918961748634 1.159556397608859
3997.93131147541 0.4706823898343841
4007.943661202186 1.313396269558684
4017.956010928962 1.0393133636036977
4027.968360655738 3.5958579688367682
4037.9807103825137 1.6225623101296835
4047.9930601092897 1.6706954561787475
4058.005409836066 1.3615784143991114
4068.017759562842 2.5714565707379218
4078.030109289618 1.6000391990330904
4088.042459016394 2.349002057949237
4098.05480874317 1.8683239146767712
4108.067158469946 2.317152843563192
4118.079508196722 2.3259726260085585
4128.091857923498 1.384861006761833
4138.104207650274 0.9991180217554634
4148.1165573770495 2.4546761179890897
4158.128907103825 3.2852056315944207
4168.141256830601 2.692646914709437
4178.153606557377 2.087021853460948
4188.165956284153 1.7464802534870805
4198.178306010929 2.90775160879365
4208.190655737705 1.8372913468134453
4218.203005464481 4.0433802632868385
4228.215355191257 2.404860680103224
4238.227704918033 3.3531506222846503
4248.240054644809 3.040619998040048
4258.252404371585 3.481200797047006
4268.264754098361 1.6173521053147355
4278.277103825137 2.6372782804690815
4288.289453551913 3.1030934570280597
4298.301803278689 3.3244046646849377
4308.3141530054645 2.2176852970960046
4318.32650273224 3.3492307189755985
4328.338852459016 2.2890602031816547
4338.351202185792 2.3960408976578575
4348.363551912568 3.2556430274719887
4358.375901639344 3.1922712573089864
4368.38825136612 3.0389050403423385
4378.400601092896 2.831558488223957
4388.412950819672 2.8254336393035637
4398.425300546448 3.0565446052330705
4408.437650273224 2.6552445039689023
4418.45 1.7347205435599256
4428.462349726776 1.9602783131349426
4438.474699453552 2.828863554698984
4448.487049180328 1.9468853101623493
4458.499398907104 2.2247084571913893
4468.51174863388 2.5887694770195666
4478.524098360656 1.8696305491131218
4488.536448087432 2.9301277235161534
4498.548797814208 1.7787377911344853
4508.561147540984 1.373828112239898
4518.57349726776 1.5937020220167901
4528.585846994536 1.6377029366608955
4538.598196721312 1.8145885734818539
4548.610546448088 1.5889328063241106
4558.622896174864 1.6252899095155653
4568.63524590164 1.8949465913174142
4578.647595628416 1.9795511710711133
4588.659945355192 1.127200862378728
4598.672295081968 2.116257798974292
4608.6846448087435 1.693234900205795
4618.6969945355195 1.6067030346584783
4628.709344262295 1.5661973671316107
4638.721693989071 2.150720282233038
4648.734043715847 1.8452944827360924
4658.746393442623 1.3901773756247344
4668.758743169399 1.2980596478620192
4678.771092896175 1.9553784339986278
4688.783442622951 1.6183320811419986
4698.795792349727 1.3617907424950184
4708.808142076503 1.944435370594192
4718.820491803279 1.9254891712671087
4728.832841530055 1.7629765132460067
4738.845191256831 1.6522392447652956
4748.857540983607 1.424517361905073
4758.869890710383 1.8554208996178092
4768.8822404371585 1.8622807304086497
4778.8945901639345 1.7466435827916245
4788.90693989071 2.3674582693626887
4798.919289617486 1.6698788096560284
4808.931639344262 2.3040864991996863
4818.943989071038 2.31747950217228
4828.956338797814 1.8755104040766994
4838.96868852459 2.0907784274654557
4848.981038251367 1.9104628752490769
4858.993387978143 1.631006435174599
4869.005737704919 1.7716329663868289
4879.018087431695 2.1249142521151145
4889.030437158471 2.1255675693332896
4899.042786885247 1.252735765851109
4909.055136612023 1.1463757227321725
4919.0674863387985 1.7637931597687255
4929.079836065574 1.5399503478914185
4939.09218579235 1.935288929539738
4949.104535519126 1.589847450429556
4959.116885245902 1.8456211413451802
4969.129234972678 1.777186162741319
4979.141584699454 1.7407637278280468
4989.15393442623 1.843824518995198
4999.166284153006 1.4541207983536404
5009.178633879782 1.601688825008983
5019.190983606558 1.4548067814327246
5029.203333333334 1.398017182242838
5039.21568306011 1.1800542253291084
5049.228032786886 1.7080978669192826
5059.240382513662 1.9517851892986637
5069.252732240438 1.291542808610721
5079.2650819672135 1.8379446640316206
5089.2774316939895 1.574037173749714
5099.289781420765 1.4117858426158822
5109.302131147541 1.2197595792637115
5119.314480874317 1.5152059582530295
5129.326830601093 1.8258582954953777
5139.339180327869 1.3088720478228204
5149.351530054645 1.3345800803580177
5159.363879781421 1.5984059059876523
5169.376229508197 1.2128344167510534
5179.388579234973 1.1588377486688661
5189.400928961749 1.551122072322216
5199.413278688525 1.5749518178551594
5209.425628415301 1.4709437167216541
5219.437978142077 1.385244830627511
5229.450327868853 1.4948877927677782
5239.4626775956285 1.5562832783458007
5249.4750273224045 1.2148433671969425
5259.48737704918 1.1392055662626988
5269.499726775956 1.3127429523405088
5279.512076502732 1.7231241629373142
5289.524426229508 1.6409695227517722
5299.536775956284 1.4724626792539117
5309.54912568306 1.5661157024793386
5319.561475409836 1.2791624473262992
5329.573825136612 1.4021820795087054
5339.586174863388 1.3219873909776891
5349.598524590164 1.4752392774311565
5359.61087431694 1.469751412798484
5369.623224043716 1.1016724920785286
5379.635573770492 1.6138078594061347
5389.647923497268 1.606441707771208
5399.6602732240435 1.7231241629373142
5409.6726229508195 1.5359324469996407
5419.684972677595 1.1020481494789796
5429.697322404372 1.903113056544605
5439.709672131148 1.487864632672394
5449.722021857924 1.5884428184104793
5459.7343715847 1.4420670956783066
5469.746721311476 1.7629765132460067
5479.759071038252 1.5197791787802566
5489.771420765028 1.7146310391010353
5499.783770491804 1.5155326168621173
5509.79612021858 1.6421128278835788
5519.808469945356 1.2328585894881259
5529.820819672132 1.508476790905824
5539.833169398908 1.8013588998138046
5549.8455191256835 1.395746904909679
5559.857868852459 1.4972397347532094
5569.870218579235 1.6968281449057587
5579.882568306011 1.7373338124326267
5589.894918032787 1.197938784176657
5599.907267759563 1.4486002678600594
5609.919617486339 1.0843922516577924
5619.931967213115 1.0908029268611372
5629.944316939891 1.0705909254238395
5639.956666666667 0.9856106882696893
5649.969016393443 0.8046908176264985
5659.981366120219 1.2275340541599973
5669.993715846995 1.4936464900532451
5680.006065573771 1.1318720804886813
5690.018415300547 1.3934112958547022
5700.030765027323 1.4099565544049912
5710.0431147540985 1.3804429490739227
5720.055464480874 1.0
5730.067814207651 1.49299317283507
5740.080163934427 1.1748440205141606
5750.092513661203 1.2747362231731618
5760.104863387979 1.3589814784568646
5770.117213114755 1.3909286904256362
5780.129562841531 1.4261261555548297
5790.141912568307 1.2961160291379479
5800.154262295083 1.2683663802959526
5810.166612021859 1.2645444745696273
5820.178961748635 1.4849410381210595
5830.191311475411 1.1774572893868618
5840.203661202187 0.99008591121419
5850.2160109289625 1.1567308006402508
5860.2283606557385 0.8925946493319831
5870.240710382514 0.9576078790056513
5880.25306010929 0.9825727632051743
5890.265409836066 1.5267860059451865
5900.277759562842 1.068173651716591
5910.290109289618 1.2474275634534349
5920.302459016394 1.4120145036422436
5930.31480874317 1.5606278378466663
5940.327158469946 1.4191683271812627
5950.339508196722 1.1597850586352203
5960.351857923498 1.2398817495835104
5970.364207650274 1.2449449580243688
5980.37655737705 1.3638976905236337
5990.388907103826 1.324796655015843
6000.401256830602 1.0453647143370461
6010.4136065573775 1.1726554078332734
6020.4259562841535 1.4240682063175774
6030.438306010929 1.3776336850357689
6040.450655737705 1.3456048084147256
6050.463005464481 1.3642406820631758
6060.475355191257 1.2028223303825172
6070.487704918033 1.2998236043510927
6080.500054644809 1.1718550942410086
6090.512404371585 1.4094992323522686
6100.524754098361 1.177767615065495
6110.537103825137 1.3707411883840197
6120.549453551913 1.363963022245451
6130.561803278689 1.2769085029235945
6140.574153005465 1.0907294286740925
6150.586502732241 0.7750792147127037
6160.598852459017 1.2585502890928688
6170.6112021857925 0.9911475516937248
6180.6235519125685 1.4239375428739423
6190.635901639344 1.2620455362101068
6200.64825136612 1.296589684121125
6210.660601092896 1.3395126253552412
6220.672950819672 1.0089831117499102
6230.685300546448 1.2794727730049325
6240.697650273224 1.3203540979322508
6250.71 1.192385587822167
6260.722349726776 1.2408290595498643
6270.734699453552 1.2337405677326625
6280.747049180328 1.2896971874693757
6290.759398907104 0.9256035017802893
6300.77174863388 0.8588344820827752
6310.784098360656 1.250645150752948
6320.796448087432 1.255773690915624
6330.8087978142075 1.1529088949139255
6340.8211475409835 1.1414268448044949
6350.833497267759 1.2556593604024433
6360.845846994535 1.1615326821938392
6370.858196721311 0.980939470159736
6380.870546448087 0.9788815209224838
6390.882896174863 1.1038774376898703
6400.895245901639 0.8964655538496716
6410.907595628416 1.1471597033939829
6420.919945355192 1.0587005520530492
6430.932295081968 1.0467285140299871
6440.944644808744 1.1943618724071472
6450.95699453552 1.116992780844739
6460.969344262296 0.873354457256721
6470.981693989072 0.9677424623525952
6480.9940437158475 0.9427367458269362
6491.006393442623 0.9342762878515664
6501.018743169399 1.0072028223303826
6511.031092896175 0.8333714435043935
6521.043442622951 0.8274425897494527
6531.055792349727 0.7276973834645412
6541.068142076503 0.6837944664031621
6551.080491803279 0.6067193675889327
6561.092841530055 0.6331623819945774
6571.105191256831 0.6161108026002026
6581.117540983607 0.7281057067259008
6591.129890710383 0.5528206970894718
6601.142240437159 0.8735014536308103
6611.154590163935 0.785221964524875
6621.166939890711 0.7755692026263352
6631.179289617487 0.6623493287165583
6641.1916393442625 0.7752588769477019
6651.203989071038 0.8425505504197562
6661.216338797815 0.8265769444353707
6671.228688524591 0.8387613105543396
6681.241038251367 0.9621892659981053
6691.253387978143 0.7195635840982588
6701.265737704919 1.0397216868650574
6711.278087431695 1.0522653774540227
6721.290437158471 0.8261196223826478
6731.302786885247 0.787916898049848
6741.315136612023 1.0686799725606768
6751.327486338799 0.8828030575245809
6761.339836065575 0.9246561918139352
6771.352185792351 1.0649560644170777
6781.364535519127 0.9971580701009375
6791.3768852459025 1.086041877633685
6801.389234972678 0.7865612648221344
6811.401584699454 1.0638290922157252
6821.41393442623 0.8706431908012935
6831.426284153006 1.1642766145101753
6841.438633879782 0.8386633129716133
6851.450983606558 0.8604514421977592
6861.463333333334 0.894766929082416
6871.47568306011 0.8106605037075753
6881.488032786886 0.8260706235912847
6891.500382513662 1.041844967824127
6901.512732240438 1.029578937052886
6911.525081967214 0.9118511743376997
6921.53743169399 0.9883709535164799
6931.549781420766 0.771371639499559
6941.562131147542 0.7485382027243328
6951.5744808743175 0.883186881390259
6961.586830601093 0.6487113317871492
6971.599180327869 0.7442916408061935
6981.611530054645 0.7876392382321236
6991.623879781421 0.6384215856008885
7001.636229508197 0.8569480286152942
7011.648579234973 0.7524091072420214
7021.660928961749 0.516496259758926
7031.673278688525 0.7290040179008918
7041.685628415301 0.6357593179368242
7051.697978142077 0.7795544376572044
7061.710327868853 0.6328847221768529
7071.722677595629 0.8257602979126514
7081.735027322405 0.8963348904060365
7091.747377049181 0.8783196681148532
7101.759726775957 0.6877960343644857
7111.7720765027325 0.9929768399046157
7121.784426229508 0.5958579688367687
7131.796775956284 0.6719040930323719
7141.80912568306 0.7176526312350963
7151.821475409836 0.815911540848659
7161.833825136612 0.7881618920066638
7171.846174863388 0.8132982719759578
7181.858524590164 0.7710449808904712
7191.87087431694 0.6090713095743637
7201.883224043716 0.645150752948094
7211.895573770492 0.6983961062293796
7221.907923497268 0.4862640054878646
7231.920273224044 0.4792898441838434
7241.93262295082 0.7120994348806062
7251.944972677596 0.5017394570933917
7261.957322404372 0.4774442230424983
7271.9696721311475 0.7045862868715905
7281.982021857923 0.6410675203344983
7291.994371584699 0.5620488027961976
7302.006721311475 0.5351484663378303
7312.019071038251 0.7668474177636951
7322.031420765027 0.8078920719955573
7332.043770491803 0.5786757259987587
7342.056120218579 0.6524352399307484
7352.068469945356 0.5876098389573057
7362.080819672132 0.5233234246888576
7372.093169398908 0.769281024401398
7382.105519125684 0.5683859798124979
7392.11786885246 0.5854212262764185
7402.130218579236 0.6431908012935681
7412.1425683060115 0.5515630614444843
7422.1549180327875 0.559713193741221
7432.167267759563 0.6854767582399635
7442.179617486339 0.5036259105608728
7452.191967213115 0.5735308529056283
7462.204316939891 0.5923137229281678
7472.216666666667 0.6354653251886453
7482.229016393443 0.5031849214386045
7492.241366120219 0.3422728906020318
7502.253715846995 0.542187959363669
7512.266065573771 0.6468493777153497
7522.278415300547 0.6058863881357593
7532.290765027323 0.6378336001045307
7542.303114754099 0.5615588148825662
7552.315464480875 0.7854832914121451
7562.327814207651 0.5277169829810864
7572.3401639344265 0.6594094012347695
7582.3525136612025 0.5361121092346388
7592.364863387979 0.4613236206840231
7602.377213114755 0.5042628948485938
7612.389562841531 0.5031195897167869
7622.401912568307 0.9203932969653416
7632.414262295083 0.4280697742789011
7642.426612021859 0.48250743148335673
7652.438961748635 0.5822526377682684
7662.451311475411 0.6384705843922517
7672.463661202187 0.5085747884885505
7682.476010928963 0.514617972756672
7692.488360655739 0.48201744356972526
7702.500710382515 0.5124293600757848
7712.513060109291 0.785777284160324
7722.5254098360665 0.585274229902329
7732.537759562842 0.5675366674288701
7742.550109289618 0.4382778558128899
7752.562459016394 0.5385457158723418
7762.57480874317 0.6098552902361741
7772.587158469946 0.7370234867539934
7782.599508196722 0.5349688041028321
7792.611857923498 0.5661157024793388
7802.624207650274 0.5440335805050143
7812.63655737705 0.705680593212034
7822.648907103826 0.7779048116813119
7832.661256830602 0.46303857838173323
7842.673606557378 0.2459902655734492
7852.685956284154 0.5461568614640839
7862.69830601093 0.5765524450396889
7872.710655737706 0.5937183549472446
7882.7230054644815 0.5720118903733707
7892.735355191257 0.34067226341750234
7902.747704918033 0.5652500571652566
7912.760054644809 0.5788717211642113
7922.772404371585 0.22145820403096725
7932.784754098361 0.37237448142945806
7942.797103825137 0.2970470061738477
7952.809453551913 0.43853918270016007
7962.821803278689 0.8362297063339105
7972.834153005465 0.6650932610328945
7982.846502732241 0.3729787998562702
7992.858852459017 0.43419462319929436
8002.871202185793 0.32156273478587527
8012.883551912569 0.5098487570639924
8022.895901639345 0.4761212556756933
8032.908251366121 0.5339234965537517
8042.9206010928965 0.2698363440368471
8052.932950819672 0.2736092509718094
8062.945300546448 0.5667363538366054
8072.957650273224 0.29391108352660633
8082.97 0.33373076797438994
8092.982349726776 0.4130271453304152
8102.994699453552 0.4943324731323294
8113.007049180328 0.46664815601215165
8123.019398907104 0.15713177408290593
8133.03174863388 0.3257276320517427
8143.044098360656 0.44817561166824554
8153.056448087432 0.3890340704929278
8163.068797814208 0.18070754254728383
8173.081147540984 0.23708881847581093
8183.09349726776 0.3688792343122203
8193.105846994535 0.11465553849671707
8203.118196721312 0.4116715121027015
8213.130546448087 0.2950217227975043
8223.142896174864 0.4671544768562375
8233.155245901638 0.46509652761898534
8243.167595628416 0.37103518113219874
8253.17994535519 0.29663051644726096
8263.192295081968 0.45016822918368016
8273.204644808742 0.4314670238134126
8283.21699453552 0.6243262666187567
8293.229344262294 0.7216052004050566
8303.241693989072 0.42228791689804984
8313.254043715846 0.6594910658870414
8323.266393442624 0.5865808643386796
8333.278743169398 0.4644758762617188
8343.291092896176 0.8250253160422043
8353.30344262295 0.5545029889262731
8363.315792349727 0.2901871753830072
8373.328142076502 0.33403292718779604
8383.34049180328 0.4366772286283605
8393.352841530055 0.5293012772351615
8403.365191256831 0.42201025708032536
8413.377540983609 0.4689837650671283
8423.389890710383 0.727517721229543
8433.40224043716 0.40597131937412206
8443.414590163935 0.4961454284127658
8453.426939890713 0.324159670728122
8463.439289617487 0.6765426452814164
8473.451639344265 0.33781400058798544
8483.463989071039 0.18926599810538006
8493.476338797816 0.39550191095286313
8503.48868852459 0.5711625779897429
8513.501038251368 0.5388070427596119
8523.513387978142 0.39630222454512787
8533.52573770492 0.3553555678959919
8543.538087431694 0.4909678894587266
8553.550437158472 0.45317348838728644
8563.562786885246 0.3525626367882925
8573.575136612024 0.2749322183386143
8583.587486338798 0.36299937934864274
8593.599836065576 0.4553947669290824
8603.61218579235 0.39432593996014764
8613.624535519128 0.3327834580080358
8623.636885245902 0.4145461078626727
8633.64923497268 0.4909352235978179
8643.661584699454 0.614248848528403
8653.673934426231 0.6046940842125894
8663.686284153006 0.447211968771437
8673.698633879783 0.4498579035050469
8683.710983606557 0.37245614608173
8693.723333333335 0.425031849214386
8703.73568306011 0.20615424819521116
8713.748032786887 0.5144546434521281
8723.760382513661 0.36482866755953347
8733.772732240439 0.25000816646522717
8743.785081967213 0.4170450462221931
8753.79743169399 0.7042759611929571
8763.809781420765 0.8468624440597131
8773.822131147543 0.4915722078855388
8783.834480874317 0.1437640871525169
8793.846830601095 0.5473328324567994
8803.859180327869 0.34844673831378825
8813.871530054646 0.34999836670695456
8823.88387978142 0.5438212524091073
8833.896229508198 0.3844608499657008
8843.908579234972 0.3995524777055499
8853.92092896175 0.32430666710221145
8863.933278688524 0.40130010126416876
8873.945628415302 0.33549472446346323
8883.957978142076 0.5896024564727403
8893.970327868854 0.4344559500865645
8903.982677595628 0.5464671871427171
8913.995027322406 0.38676379315976867
8924.00737704918 0.4087479175513671
8934.019726775958 0.4495312448959592
8944.032076502732 0.3245679939894816
8954.04442622951 0.6912586156208147
8964.056775956284 0.23584751576127788
8974.069125683061 0.3612844216509326
8984.081475409836 0.44193643223467155
8994.093825136613 0.6628066507692809
