3508.1050728597447 -0.7259045479197335
3518.1152185792353 -2.1618114201596037
3528.125364298725 9.495816223754552
3538.1355100182145 3.8982722553653057
3548.145655737705 5.5466026187340205
3558.1558014571947 -1.5316107538544976
3568.1659471766848 5.599093515146819
3578.176092896175 1.9805144495235145
3588.1862386156645 -6.081971023475634
3598.196384335155 3.086309754396839
3608.2065300546446 3.9056326024637795
3618.2166757741347 3.7127140311458904
3628.226821493625 2.298733245525684
3638.2369672131144 2.7773688696056404
3648.247112932605 2.567986363988534
3658.2572586520946 0.06804447199194237
3668.2674043715842 4.654257379716433
3678.2775500910748 1.6070543116138531
3688.2876958105644 -0.6547997210815837
3698.297841530055 0.8979236073448517
3708.3079872495446 3.3034399938018133
3718.318132969034 0.7965251413961416
3728.3282786885247 5.525877430851477
3738.3384244080144 1.7708607732238322
3748.3485701275044 5.173646083520571
3758.3587158469945 1.8830866971410862
3768.368861566484 3.9805919268613934
3778.3790072859747 4.013326102115132
3788.3891530054643 0.37868985821647166
3798.3992987249544 3.879484000929728
3808.4094444444445 1.772449058650345
3818.419590163934 6.683969938792904
3828.4297358834247 3.007863949794685
3838.4398816029143 3.7096149376307435
3848.450027322404 4.530293639110561
3858.4601730418944 6.40156504222515
3868.470318761384 5.009975207251879
3878.480464480874 5.926047880994809
3888.4906102003642 6.027543193615868
3898.500755919854 6.5379251568916095
3908.5109016393444 5.005229720306811
3918.521047358834 5.333152552878284
3928.531193078324 5.255094134965523
3938.541338797814 5.46796312078717
3948.551484517304 6.529790036414349
3958.5616302367944 4.863446191988843
3968.571775956284 3.91144340280468
3978.581921675774 4.602734950027117
3988.592067395264 2.41899744324785
3998.602213114754 3.9141551096304332
4008.6123588342443 1.4482257689625786
4018.622504553734 0.7473464011776556
4028.632650273224 3.985627953823507
4038.642795992714 2.8575579143100645
4048.6529417122038 2.787828310219261
4058.663087431694 4.460757728364453
4068.673233151184 4.013713488804525
4078.6833788706736 4.137870922755094
4088.693524590164 3.6410474936081196
4098.703670309654 5.312233671651042
4108.713816029143 4.624234911288449
4118.723961748634 3.78147516851321
4128.734107468124 5.069535910746107
4138.744253187613 3.6329123731308592
4148.754398907104 3.9182226698690634
4158.764544626594 5.4290307585031385
4168.774690346083 3.5810025567521504
4178.7848360655735 2.706089718757264
4188.794981785064 4.738126597970094
4198.805127504554 4.228132021383746
4208.815273224043 4.546757573409778
4218.825418943534 3.6220655458278457
4228.835564663024 2.5340900286666153
4238.845710382513 4.268613930425351
4248.855856102004 2.7188734795072445
4258.866001821494 2.9210893313705744
4268.876147540983 3.0411792050825137
4278.886293260473 3.4086154799721085
4288.896438979964 3.9654838459750525
4298.906584699454 1.5167738436507323
4308.916730418943 3.374525451305493
4318.926876138434 1.6960564035019758
4328.937021857923 1.9985279305803054
4338.947167577413 1.13229255442783
4348.9573132969035 3.138994344154335
4358.967459016394 1.0284535523359417
4368.977604735883 3.1697915859611068
4378.987750455373 2.837607499806307
4388.997896174864 2.1312078716975287
4399.008041894353 2.747733787867049
4409.018187613843 2.304563415201054
4419.028333333334 3.5521422483923457
4429.038479052823 1.8230998682885258
4439.048624772313 2.783179669946541
4449.058770491803 1.637832184086155
4459.068916211293 2.3103742155419544
4469.079061930783 3.0651971798249016
4479.089207650273 3.4708878902920897
4489.099353369764 2.604788099480902
4499.1094990892525 3.8577903463237004
4509.119644808743 2.6938870380413733
4519.129790528234 3.557759355388549
4529.139936247722 4.286046331448052
4539.150081967213 3.930425350584954
4549.160227686703 4.350546215232045
4559.170373406193 2.512008987371194
4569.180519125683 2.9662198806849003
4579.190664845173 4.121019601766484
4589.200810564664 3.703223057255753
4599.210956284152 3.6192569923297437
4609.221102003643 2.991206322150771
4619.2312477231335 3.566088169210506
4629.241393442622 1.5826489501820717
4639.251539162113 1.4934337956147827
4649.261684881603 0.7501162160068181
4659.271830601092 1.7946269466181142
4669.2819763205825 1.4121213295111181
4679.292122040073 1.0325404819090416
4689.302267759563 0.8043309831874178
4699.312413479052 0.7835864259704037
4709.322559198543 1.01049817928256
4719.332704918033 0.8576644456496476
4729.342850637522 1.0814093127760132
4739.352996357013 0.512125203378012
4749.363142076503 0.47700859998450457
4759.373287795992 1.280022468427985
4769.3834335154825 0.9537460292864338
4779.393579234973 1.0544665685287054
4789.403724954463 0.9285465251413961
4799.413870673952 0.4869644379019138
4809.424016393443 1.4806306655303325
4819.434162112933 0.3952119005190982
4829.444307832422 0.8103935848764237
4839.454453551913 0.8555047648562797
4849.464599271403 0.4287208491516232
4859.474744990892 0.37650112342139924
4869.484890710382 0.42364608352057026
4879.495036429873 -0.00323952119005191
4889.505182149362 0.425118152940265
4899.515327868852 0.653153327651662
4909.525473588343 1.1799411172232124
4919.535619307832 1.381537150383513
4929.545765027322 1.6378515534206246
4939.5559107468125 1.11538312543581
4949.566056466303 0.8331912915472225
4959.576202185792 1.3336561555744946
4969.586347905282 1.097727977066708
4979.596493624773 1.8660223134733092
4989.606639344262 0.9009645928565896
4999.616785063752 1.191097853877741
5009.626930783243 0.2153676299682343
5019.637076502731 1.200123963740606
5029.647222222222 1.1907104671883475
5039.657367941712 1.413399705586116
5049.667513661202 1.9898117300689553
5059.677659380692 1.8752808553498104
5069.687805100182 1.9555280080576434
5079.697950819673 1.5404238010381965
5089.7080965391615 1.3772952661346556
5099.718242258652 1.8964709072596269
5109.728387978143 2.282288680560936
5119.738533697631 1.7806229177965447
5129.748679417122 2.277058960254126
5139.758825136612 2.3460137909661425
5149.768970856102 2.867242581544898
5159.779116575592 2.3992794607577284
5169.789262295082 2.575346711087007
5179.799408014573 3.023553110715116
5189.809553734061 2.5435810025567522
5199.819699453552 2.8271480591926865
5209.8298451730425 2.9846207484310843
5219.839990892531 3.0407918183931204
5229.850136612022 2.470752304950802
5239.860282331512 1.7407801967924383
5249.870428051001 1.8453746029286435
5259.8805737704915 2.5063918803749905
5269.890719489982 2.6938870380413733
5279.900865209472 2.336910203765399
5289.911010928961 2.3688696056403504
5299.921156648452 1.246339195785233
5309.931302367942 1.8181219493298213
5319.941448087431 2.2214689703261796
5329.951593806922 1.709963585651197
5339.961739526412 1.7761292321995819
5349.971885245901 1.818819245370729
5359.9820309653915 1.6143759200433876
5369.992176684882 2.678004183776246
5380.002322404371 2.4453784767955375
5390.012468123861 2.1558069264740065
5400.022613843352 1.1643294336406602
5410.032759562841 1.9636728132021386
5420.042905282331 1.67250329278686
5430.053051001822 2.2834508406291163
5440.063196721312 0.9867901138916868
5450.073342440801 1.2017703571705276
5460.083488160291 1.1091171457348725
5470.093633879782 0.9077438599209732
5480.103779599271 2.0405593863794844
5490.113925318761 1.9131672735724803
5500.124071038252 1.7999922522662124
5510.13421675774 2.326257069807082
5520.144362477231 2.1900906484853184
5530.1545081967215 0.9475865809250794
5540.164653916212 1.1101534051289998
5550.174799635701 1.3401061439528938
5560.184945355191 2.5164639342992174
5570.195091074682 1.6729681568141321
5580.205236794171 2.1631672735724803
5590.215382513661 2.307081428682111
5600.225528233152 1.986325249864415
5610.23567395264 2.057023320678702
5620.245819672131 1.543832803904858
5630.255965391621 1.654915937088402
5640.266111111111 1.7446734330208415
5650.276256830601 2.133338498489192
5660.286402550091 2.0980863097543967
5670.296548269582 1.5946579375532657
5680.3066939890705 1.42484698225769
5690.316839708561 2.0750368017354925
5700.326985428052 1.7348241264430155
5710.33713114754 1.502169365460603
5720.347276867031 0.5231463546912528
5730.357422586521 1.6187533896335322
5740.36756830601 1.240334702099636
5750.377714025501 0.9160726737429302
5760.387859744991 0.6049817928255986
5770.398005464481 1.1756217556364763
5780.40815118397 1.6316339970558613
5790.418296903461 0.7257689625784458
5800.4284426229515 0.7985008135120478
5810.43858834244 1.370341675060045
5820.448734061931 1.2788312543581004
5830.458879781421 0.7077167428527156
5840.46902550091 0.9002479274812119
5850.4791712204005 1.2147284419307354
5860.489316939891 1.3575191756411251
5870.49946265938 1.0366467808166113
5880.50960837887 1.1249322073293562
5890.519754098361 1.1881149763694119
5900.529899817851 1.2612148446579377
5910.54004553734 1.2051793600371894
5920.550191256831 1.0424382118230417
5930.560336976321 1.1363213759975208
5940.57048269581 1.8016386456961342
5950.5806284153 1.2734756333772372
5960.590774134791 0.7323351669636632
5970.60091985428 0.787131014178353
5980.61106557377 0.8496552258464399
5990.621211293261 0.5119508793677849
6000.63135701275 0.02184860928178508
6010.64150273224 -0.0019169055551251262
6020.651648451731 -0.6065507089176416
6030.661794171221 -0.07016928798326491
6040.67193989071 -0.14228132021383746
6050.6820856102 0.13453746029286437
6060.692231329691 -0.2680134810567909
6070.70237704918 -0.5439877585806153
6080.71252276867 0.10987642364608353
6090.722668488161 0.16543348570543118
6100.732814207649 -0.2935228945533432
6110.74295992714 0.13371426357790347
6120.7531056466305 -0.43005733323003026
6130.76325136612 -0.11331254358100257
6140.77339708561 0.06516425195630278
6150.7835428051 -0.2331293096769195
6160.793688524591 -0.014436933446966763
6170.80383424408 0.1309909351514682
6180.81397996357 0.24455721701402344
6190.824125683061 0.06652707832958861
6200.834271402549 0.22468427984814446
6210.84441712204 0.553323777794995
6220.85456284153 0.4561284574262029
6230.864708561019 0.8230030216161773
6240.87485428051 0.8736538312543581
6250.885 1.0982218950956846
6260.895145719491 1.157860075927791
6270.9052914389795 1.1580925079414273
6280.91543715847 1.026458510885566
6290.925582877961 1.0312814751685133
6300.935728597449 0.6897226311303944
6310.94587431694 1.2260885565971955
6320.95602003643 1.4033276516618889
6330.966165755919 1.5762570698070815
6340.97631147541 1.4869450685674441
6350.9864571949 1.855717827535446
6360.99660291439 1.6149957387464169
6371.006748633879 1.5955101882699312
6381.01689435337 1.4809986828852562
6391.0270400728605 1.6649298830092198
6401.037185792349 1.1205934764081509
6411.04733151184 0.9613194390640738
6421.05747723133 1.3904857829084993
6431.067622950819 1.083230030216162
6441.0777686703095 1.278259858991245
6451.0879143898 1.3409583946695591
6461.098060109289 1.936081196250097
6471.108205828779 1.2577864724568064
6481.11835154827 1.5149337568761139
6491.1284972677595 1.461881149763694
6501.138642987249 1.03496164871775
6511.14878870674 1.7764778802200358
6521.15893442623 1.288874254280623
6531.169080145719 1.2186991554970172
6541.179225865209 1.4491554970171225
6551.1893715847 1.6205159990702722
6561.199517304189 2.3167660959169445
6571.209663023679 1.904954675757341
6581.21980874317 1.528259858991245
6591.2299544626585 1.1981095529557606
6601.240100182149 1.2745603161075387
6611.25024590164 1.2364995738746416
6621.26039162113 1.599364685829395
6631.270537340619 1.3285232819400326
6641.280683060109 1.0812349887657862
6651.2908287796 1.2559657550166576
6661.300974499089 0.9629464631595259
6671.311120218579 0.9748004958549625
6681.32126593807 1.1013209886108313
6691.331411657558 1.218059967459518
6701.341557377049 1.270802665220423
6711.3517030965395 0.9578523281940033
6721.361848816029 1.1920469512667546
6731.371994535519 1.2514527000852251
6741.382140255009 1.1718059967459518
6751.3922859745 0.8078174633919579
6761.402431693989 0.8733439219028435
6771.412577413479 0.6845897574959324
6781.42272313297 0.8436313628263733
6791.432868852458 0.6376772294103975
6801.443014571949 0.9298830092198033
6811.453160291439 0.8196714960873945
6821.463306010928 1.0578562020608973
6831.473451730419 1.0
6841.483597449909 0.6436042457581158
6851.493743169399 0.9069497172077168
6861.5038888888885 0.9126249322073294
6871.514034608379 0.7327419229875263
6881.5241803278695 0.6599325947160456
6891.534326047358 0.7672193383435346
6901.544471766849 0.754319361586736
6911.554617486339 0.7183311381420935
6921.564763205828 0.9887851553420626
6931.574908925319 0.8935655070891765
6941.585054644809 0.843127760130162
6951.595200364298 0.8585651197024871
6961.605346083788 0.7708995118927715
6971.615491803279 1.003622065545828
6981.6256375227695 0.48082435887502906
6991.635783242258 0.9326140853800263
7001.645928961749 0.485318044471992
7011.656074681239 0.6037034167506006
7021.666220400728 1.118249786937321
7031.6763661202185 0.9126055628728598
7041.686511839709 0.8317870147981716
7051.696657559198 0.6320407530797242
7061.706803278688 0.40233981560393584
7071.716948998179 0.7039009839621911
7081.7270947176685 0.6820136360114667
7091.737240437158 0.9771248159913226
7101.747386156649 0.8672619508793679
7111.757531876139 0.7162779886883087
7121.767677595628 0.7840512899976757
7131.777823315118 0.4802239095064694
7141.787969034609 0.6877856976834277
7151.798114754098 0.8096381808321066
7161.808260473588 1.2013248624777253
7171.818406193079 0.9483807236383359
7181.8285519125675 0.9332726427519951
7191.838697632058 0.7649337568761138
7201.848843351549 1.0217130239404975
7211.858989071038 0.8844619198884327
7221.869134790528 0.4693383435345162
7231.879280510018 1.10139846594871
7241.889426229509 0.5338188579840397
7251.899571948998 1.0304292244518478
7261.909717668488 0.5978538777407608
7271.919863387979 0.7056442240644613
7281.930009107467 0.9047609824126445
7291.940154826958 0.5623983109940344
7301.9503005464485 0.7523243201363601
7311.960446265937 0.6110443945146045
7321.970591985428 0.5215774385992098
7331.980737704918 0.36902456031610753
7341.990883424408 0.656233051832339
7352.0010291438975 0.6437979391028125
7362.011174863388 0.5167738436507322
7372.021320582879 0.7676260943673976
7382.031466302367 0.40813124661036654
7392.041612021858 0.20918881227241035
7402.051757741348 0.5017626094367398
7412.061903460837 0.501394592081816
7422.072049180328 0.5234756333772372
7432.082194899818 0.2947431626249322
7442.092340619307 0.4571550321530953
7452.1024863387975 0.1926357790346324
7462.112632058288 0.2982877508328814
7472.1227777777785 0.3815952583869218
7482.132923497267 0.02504454946928024
7492.143069216758 0.7706089718757264
7502.153214936248 0.22013248624777254
7512.163360655737 -0.03491128844812892
7522.173506375228 0.20607034942279384
7532.183652094718 0.12046176493375688
7542.193797814207 0.3204075307972419
7552.203943533697 0.06831176880762378
7562.214089253188 -0.06559618811497638
7572.224234972678 0.3565507089176416
7582.234380692167 -0.017210041062989075
7592.244526411658 0.633629038506237
7602.254672131147 -0.009488649570000776
7612.264817850637 -0.027277833733632916
7622.2749635701275 0.07039590919656001
7632.285109289618 0.2590454791973348
7642.295255009108 -0.09662198806848997
7652.305400728597 0.29181839312001245
7662.315546448088 0.25455179360037195
7672.3256921675775 -0.0021598744867126368
7682.335837887067 -0.015308359804757109
7692.345983606558 0.34676919501045944
7702.356129326047 0.18955411792050827
7712.366275045537 0.290036414348803
7722.376420765027 -0.2510265747268924
7732.386566484517 -0.3417331680483459
7742.396712204007 0.0795227395986674
7752.406857923497 -0.201809095839467
7762.417003642988 -0.48146354691252813
7772.427149362477 -0.4701712249167119
7782.437295081967 -0.41948167660959174
7792.447440801458 -0.33696831176880765
7802.457586520947 -1.0913651506934223
7812.467732240437 -0.5209382505617108
7822.477877959927 -1.4526613465561324
7832.488023679417 -1.1106957464941505
7842.498169398907 -0.9504919810955296
7852.508315118397 -1.0654877198419463
7862.518460837887 -0.545866584024173
7872.528606557376 -0.8874835360657009
7882.538752276867 -0.8213372588517859
7892.5488979963575 -0.23487254977918962
7902.559043715847 -0.9081796699465408
7912.569189435337 -0.5238242813976912
7922.579335154827 -0.8717556364763308
7932.589480874317 -0.8265088711551871
7942.5996265938065 -0.8907763229255444
7952.609772313297 -0.5513287363446192
7962.619918032787 -0.2708995118927714
7972.630063752276 -0.7980940574881848
7982.640209471767 -0.38593398930812745
7992.650355191257 -0.6361083133183544
8002.660500910747 -0.4064461145115054
8012.670646630237 -0.5748043697218564
8022.680792349727 -0.6361083133183544
8032.690938069217 -0.5516580150306036
8042.7010837887065 -0.5830363368714652
8052.711229508197 -0.1220519872937166
8062.721375227687 -0.6011079259316651
8072.731520947176 -0.6662469977531572
8082.741666666667 -0.3153908731695979
8092.751812386156 -0.28422561400790275
8102.761958105646 -0.05734097776400403
8112.772103825137 -0.12512590067405285
8122.782249544627 -0.34200433873092123
8132.792395264117 -0.27382428139769116
8142.802540983606 -0.40878011931510033
8152.812686703097 -0.23814596730456344
8162.8228324225865 -0.40123576353916485
8172.832978142076 -0.017555202603238552
8182.843123861567 -0.8090183621290773
8192.853269581057 0.1492949562253041
8202.863415300546 -0.16391492988300924
8212.873561020037 -0.6031029673820407
8222.883706739525 -0.3609088091733168
8232.893852459016 -0.5272913922677618
8242.903998178506 0.12363833578678238
8252.914143897997 -0.4577942201905943
8262.924289617487 -0.018478345084062913
8272.934435336976 0.1127508328813822
8282.944581056467 0.2204617649337569
8292.954726775955 0.6815487719841947
8302.964872495446 0.6687843805686836
8312.975018214936 0.20727124815991324
8322.985163934427 -0.12956535213450066
8332.995309653916 0.09008483768497716
8343.005455373406 0.5402688463624391
8353.015601092897 0.23868830866971413
8363.025746812385 -0.017044045866584024
8373.035892531876 0.5082125978151392
8383.046038251367 0.512531959401875
8393.056183970857 0.10842566049430542
8403.066329690346 0.9267258077012475
8413.076475409836 0.21631672735724802
8423.086621129325 0.4659874486712637
8433.096766848816 1.0661269078794453
8443.106912568306 0.35323855272332844
8453.117058287797 1.0374602928643373
8463.127204007285 0.9211861780429226
8473.137349726776 0.7555783683272643
8483.147495446266 0.8926357790346324
8493.157641165755 0.9311420159603316
8503.167786885246 1.0426512745022083
8513.177932604736 0.5989966684744713
8523.188078324227 1.1609398001084683
8533.198224043716 0.8332106608816922
8543.208369763206 1.0217905012783763
8553.218515482695 1.4988572092662897
8563.228661202185 1.0750368017354923
8573.238806921676 0.8165336639033083
8583.248952641166 0.4425311846284962
8593.259098360655 0.9151623150228559
8603.269244080146 0.9791004881072287
8613.279389799636 0.9564964747811265
8623.289535519125 0.323777794994964
8633.299681238615 0.8337045789106687
8643.309826958106 0.891144340280468
8653.319972677597 1.0325985899124506
8663.330118397085 1.6767839157046565
8673.340264116576 0.8150034864802046
8683.350409836065 0.29760982412644305
8693.360555555555 1.2781049043154877
8703.370701275046 0.9358100255675216
8713.380846994536 0.7878864182226699
8723.390992714025 1.1621794375145271
8733.401138433515 1.188289300379639
8743.411284153006 1.1616758348183158
8753.421429872495 1.2148833966064927
8763.431575591985 1.3459556829627335
8773.441721311476 0.9964166731231117
8783.451867030966 0.9684279848144418
8793.462012750455 0.7915859611063765
8803.472158469945 0.3521926086619664
8813.482304189434 0.3808011156736655
8823.492449908925 0.9606996203610444
8833.502595628415 1.1682033005345938
8843.512741347906 0.7212946463159526
8853.522887067396 0.5095684512280158
8863.533032786885 -0.025848376849771443
8873.543178506376 0.2673316804834586
8883.553324225864 0.6641551096304331
8893.563469945355 0.24757883319129154
8903.573615664845 1.3344696676222205
8913.583761384336 0.5709305028279229
8923.593907103825 0.842023708065391
8933.604052823315 0.9076663825830945
8943.614198542804 1.1014372046176495
8953.624344262294 -0.09139614162857365
8963.634489981785 0.44911675834818315
8973.644635701276 0.6027736886960564
8983.654781420766 0.2709963585651197
8993.664927140255 0.5418377624544821
