3508.1054007285975 2.094009216589862
3518.116202185792 1.8516129032258064
3528.127003642987 1.3705069124423965
3538.137805100182 0.8138824884792627
3548.148606557377 2.1217741935483874
3558.159408014572 1.319930875576037
3568.1702094717666 2.0722350230414746
3578.1810109289618 2.6177419354838714
3588.1918123861565 2.487672811059908
3598.202613843351 2.407142857142857
3608.2134153005463 1.453110599078341
3618.2242167577415 1.508640552995392
3628.235018214936 2.0801267281105993
3638.245819672131 1.1930875576036866
3648.256621129326 1.2410138248847926
3658.2674225865208 1.69573732718894
3668.2782240437155 2.0582949308755762
3678.2890255009106 1.4013824884792627
3688.2998269581058 1.9002304147465439
3698.3106284153005 1.5957373271889403
3708.321429872495 1.704377880184332
3718.3322313296903 1.6964285714285714
3728.3430327868855 0.8604147465437788
3738.3538342440797 1.549078341013825
3748.364635701275 1.215426267281106
3758.37543715847 0.961647465437788
3768.3862386156648 1.206336405529954
3778.3970400728595 0.6959792626728111
3788.4078415300546 1.1449193548387098
3798.4186429872498 0.8455875576036866
3808.4294444444445 0.5809447004608296
3818.440245901639 0.8115092165898617
3828.4510473588343 0.745
3838.461848816029 1.069020737327189
3848.4726502732237 1.2408986175115209
3858.483451730419 1.2600230414746543
3868.494253187614 0.8275403225806451
3878.5050546448088 1.3737327188940092
3888.5158561020035 1.496082949308756
3898.5266575591986 1.4086405529953918
3908.5374590163933 1.4660138248847927
3918.548260473588 1.4035714285714287
3928.559061930783 1.187557603686636
3938.5698633879783 1.4746543778801844
3948.580664845173 1.541705069124424
3958.5914663023677 1.583410138248848
3968.602267759563 1.7101382488479262
3978.6130692167576 1.7247695852534564
3988.6238706739523 2.0878456221198154
3998.6346721311475 2.0601382488479265
4008.6454735883426 2.0339861751152077
4018.6562750455373 2.268663594470046
4028.667076502732 2.2183179723502304
4038.677877959927 2.4026497695852536
4048.688679417122 1.8108294930875577
4058.6994808743166 1.8383640552995393
4068.7102823315117 1.8935483870967742
4078.721083788707 1.792741935483871
4088.7318852459016 1.819930875576037
4098.742686703096 1.76278801843318
4108.753488160291 1.854493087557604
4118.764289617486 1.7215437788018433
4128.775091074682 1.7089861751152073
4138.785892531876 2.1921658986175117
4148.79669398907 2.0763824884792625
4158.807495446266 2.1637096774193547
4168.818296903461 2.1237327188940096
4178.829098360656 2.216705069124424
4188.839899817851 2.3349078341013825
4198.850701275045 2.4036866359447004
4208.86150273224 2.3286866359447007
4218.872304189435 2.1202764976958526
4228.88310564663 2.1703917050691244
4238.893907103825 2.085771889400922
4248.90470856102 2.1497695852534564
4258.915510018214 1.8291474654377882
4268.92631147541 1.9010368663594472
4278.937112932605 1.8785714285714288
4288.947914389799 2.0051843317972353
4298.958715846995 1.8965437788018433
4308.969517304189 1.8460829493087558
4318.980318761384 1.6707373271889403
4328.991120218579 1.7699308755760368
4339.001921675774 1.6570276497695853
4349.012723132969 1.5832949308755762
4359.023524590164 1.4281105990783411
4369.034326047358 1.6935483870967742
4379.045127504554 1.420852534562212
4389.055928961749 1.3474654377880184
4399.066730418943 1.4034562211981567
4409.077531876139 1.1997695852534562
4419.088333333333 1.1722350230414749
4429.099134790528 1.1751152073732718
4439.109936247723 1.1983870967741934
4449.120737704918 1.4285714285714286
4459.131539162113 1.290783410138249
4469.142340619308 1.4131336405529955
4479.153142076502 1.4519009216589862
4489.163943533697 1.5694700460829494
4499.174744990893 1.5342165898617512
4509.185546448087 1.538594470046083
4519.196347905283 1.522926267281106
4529.207149362477 1.5713133640552994
4539.217950819671 1.4540322580645162
4549.228752276867 1.571082949308756
4559.239553734062 1.6069124423963135
4569.250355191257 1.7018433179723502
4579.261156648452 1.7670506912442396
4589.271958105646 1.73352534562212
4599.282759562841 1.7101382488479262
4609.293561020037 1.730414746543779
4619.304362477231 1.726958525345622
4629.315163934426 1.771889400921659
4639.325965391621 1.8466589861751153
4649.336766848815 1.8616359447004607
4659.347568306011 1.75
4669.358369763206 1.8122119815668203
4679.3691712204 1.7872119815668204
4689.379972677596 1.685483870967742
4699.39077413479 1.6879032258064517
4709.401575591985 1.6703917050691246
4719.412377049181 1.6805299539170506
4729.423178506375 1.6455069124423962
4739.43397996357 1.6217741935483871
4749.444781420765 1.5827188940092165
4759.455582877959 1.5285714285714287
4769.4663843351545 1.4016129032258065
4779.47718579235 1.4298387096774194
4789.487987249544 1.379147465437788
4799.49878870674 1.3350230414746542
4809.509590163934 1.2921658986175115
4819.520391621129 1.4252304147465438
4829.531193078325 1.3264976958525345
4839.541994535519 1.3235023041474654
4849.552795992714 1.3566820276497695
4859.563597449909 1.314746543778802
4869.574398907103 1.235483870967742
4879.5852003642985 1.2873271889400921
4889.596001821494 1.2540322580645162
4899.606803278688 1.3182027649769585
4909.617604735883 1.2920506912442395
4919.628406193078 1.3455069124423964
4929.6392076502725 1.2461981566820277
4939.650009107469 1.3398617511520738
4949.660810564663 1.2359447004608295
4959.671612021858 1.1816820276497695
4969.682413479053 1.1368605990783411
4979.693214936247 1.0406912442396314
4989.7040163934425 1.0086981566820277
4999.714817850638 1.0366705069124424
5009.725619307832 1.053225806451613
5019.736420765027 0.9986520737327189
5029.747222222222 1.084032258064516
5039.7580236794165 1.0852764976958524
5049.768825136612 1.1268087557603685
5059.779626593807 1.1279493087557604
5069.790428051001 1.1680875576036867
5079.801229508197 1.211290322580645
5089.812030965391 1.2096774193548387
5099.8228324225865 1.2880184331797235
5109.833633879782 1.2466589861751152
5119.844435336976 1.2231566820276498
5129.855236794171 1.2592165898617511
5139.866038251366 1.2217741935483872
5149.8768397085605 1.308410138248848
5159.887641165756 1.2662442396313365
5169.898442622951 1.3003456221198157
5179.909244080145 1.2641705069124425
5189.920045537341 1.2714285714285714
5199.930846994535 1.325230414746544
5209.94164845173 1.345910138248848
5219.952449908926 1.4913594470046083
5229.96325136612 1.428225806451613
5239.974052823315 1.4365207373271889
5249.98485428051 1.3870967741935483
5259.9956557377045 1.394815668202765
5270.0064571949 1.4191244239631335
5280.017258652095 1.245852534562212
5290.028060109289 1.392741935483871
5300.038861566484 1.3614055299539172
5310.049663023679 1.3133640552995391
5320.060464480874 1.3132488479262672
5330.07126593807 1.3423963133640555
5340.082067395264 1.3328341013824887
5350.092868852459 1.3950460829493088
5360.103670309654 1.1951612903225808
5370.1144717668485 1.3316820276497696
5380.125273224044 1.1866359447004609
5390.136074681239 1.219815668202765
5400.146876138433 1.1491589861751152
5410.157677595628 1.0750230414746544
5420.168479052823 1.0392165898617511
5430.179280510018 1.0733179723502304
5440.190081967213 1.106163594470046
5450.200883424408 1.170852534562212
5460.211684881602 1.1010541474654378
5470.222486338798 1.1219585253456221
5480.2332877959925 1.1397695852534562
5490.244089253188 1.146947004608295
5500.254890710383 1.1737327188940094
5510.265692167577 1.2362903225806452
5520.276493624772 1.2158986175115207
5530.287295081967 1.0932027649769587
5540.298096539162 1.1676267281105992
5550.308897996357 1.1065552995391705
5560.319699453552 1.07286866359447
5570.330500910746 1.0099769585253457
5580.341302367941 1.0857718894009216
5590.3521038251365 1.026578341013825
5600.362905282332 1.0774539170506912
5610.373706739526 1.0247119815668204
5620.384508196721 1.0713133640552994
5630.395309653916 1.0451958525345624
5640.406111111111 1.0338018433179723
5650.416912568306 1.1817972350230415
5660.427714025501 1.1861751152073732
5670.438515482696 1.2299539170506912
5680.44931693989 1.2320276497695855
5690.460118397085 1.1360714285714286
5700.4709198542805 1.1732142857142858
5710.481721311475 1.1511405529953918
5720.49252276867 1.1975806451612903
5730.503324225865 1.2228110599078341
5740.51412568306 1.1639400921658987
5750.524927140255 1.1965437788018434
5760.53572859745 1.1492396313364057
5770.546530054645 1.164516129032258
5780.55733151184 1.1523041474654379
5790.568132969034 1.1796082949308757
5800.578934426229 1.2012672811059908
5810.5897358834245 1.2145161290322581
5820.600537340619 1.2678571428571428
5830.611338797814 1.1247926267281105
5840.622140255009 1.2493087557603686
5850.632941712203 1.1860599078341014
5860.6437431693985 1.1327764976958525
5870.654544626594 1.0627764976958525
5880.665346083789 1.0486405529953917
5890.676147540984 1.0460599078341015
5900.686948998178 0.9933640552995393
5910.697750455373 1.0648502304147467
5920.7085519125685 0.9855529953917052
5930.719353369763 0.9774884792626729
5940.730154826958 1.0141129032258065
5950.740956284153 1.0583755760368665
5960.751757741347 0.9881336405529955
5970.7625591985425 1.061900921658986
5980.773360655738 1.0520622119815668
5990.784162112933 1.1185483870967743
6000.794963570127 1.052626728110599
6010.805765027322 1.0852880184331797
6020.816566484517 1.147016129032258
6030.8273679417125 1.1130529953917052
6040.838169398907 1.0870967741935484
6050.848970856102 1.1236405529953917
6060.859772313297 1.1408755760368663
6070.870573770491 1.0637039170506914
6080.8813752276865 1.1073041474654377
6090.892176684882 1.114804147465438
6100.902978142076 1.1404493087557606
6110.913779599271 1.1075806451612904
6120.924581056466 1.094400921658986
6130.935382513661 1.0519239631336406
6140.946183970856 1.0318778801843318
6150.956985428051 0.9574884792626729
6160.967786885246 0.9623271889400922
6170.978588342441 0.9702073732718894
6180.989389799635 0.9362327188940093
6191.0001912568305 0.894729262672811
6201.010992714026 0.9344930875576036
6211.02179417122 0.8729032258064517
6221.032595628415 0.7869700460829493
6231.04339708561 0.7753456221198157
6241.054198542804 0.7026036866359447
6251.065 0.7391705069124425
6261.075801457195 0.7165783410138249
6271.08660291439 0.644147465437788
6281.097404371585 0.6953801843317973
6291.108205828779 0.669688940092166
6301.1190072859745 0.6522465437788019
6311.12980874317 0.6804781105990783
6321.140610200364 0.6907142857142857
6331.151411657559 0.7080645161290323
6341.162213114754 0.7307718894009216
6351.173014571948 0.7481566820276497
6361.183816029144 0.8294124423963134
6371.194617486339 0.8078686635944701
6381.205418943533 0.8518778801843319
6391.216220400728 0.9077419354838709
6401.227021857923 0.8890783410138249
6411.2378233151185 0.9601036866359448
6421.248624772314 0.999389400921659
6431.259426229508 1.000282258064516
6441.270227686703 1.0148156682027651
6451.281029143898 1.0317281105990783
6461.291830601092 1.0301382488479263
6471.302632058288 1.051036866359447
6481.313433515483 1.1202304147465438
6491.324234972677 1.023548387096774
6501.335036429872 1.0775000000000001
6511.345837887067 1.0817857142857144
6521.3566393442625 1.0830645161290322
6531.367440801457 1.077004608294931
6541.378242258652 1.0774769585253456
6551.389043715847 1.0744066820276497
6561.399845173042 1.0625691244239632
6571.410646630236 1.0583640552995393
6581.421448087432 1.053052995391705
6591.432249544627 1.0377649769585253
6601.443051001821 1.0064976958525345
6611.453852459016 1.0475921658986176
6621.464653916211 1.0131682027649769
6631.475455373406 1.0253801843317973
6641.486256830601 1.0023502304147467
6651.497058287796 0.9804723502304148
6661.507859744991 0.9842511520737328
6671.518661202185 0.9971428571428572
6681.52946265938 1.0
6691.540264116576 0.9401497695852535
6701.551065573771 0.9298963133640553
6711.561867030965 1.007073732718894
6721.57266848816 0.9560138248847926
6731.583469945355 1.0024654377880184
6741.59427140255 0.9635944700460831
6751.605072859745 0.9269239631336406
6761.61587431694 0.9592511520737327
6771.626675774134 0.942615207373272
6781.637477231329 0.9413709677419354
6791.648278688524 0.9050691244239631
6801.65908014572 0.8696255760368664
6811.669881602915 0.9106912442396313
6821.680683060109 0.8802419354838711
6831.691484517304 0.8888364055299539
6841.702285974499 0.8613824884792627
6851.713087431694 0.8313479262672812
6861.723888888889 0.8633064516129033
6871.734690346084 0.860057603686636
6881.745491803278 0.8038940092165899
6891.756293260473 0.8350230414746544
6901.767094717668 0.8052419354838709
6911.777896174863 0.778052995391705
6921.788697632058 0.7975403225806452
6931.799499089253 0.797926267281106
6941.810300546448 0.7855875576036867
6951.821102003643 0.7803686635944701
6961.831903460838 0.7715322580645162
6971.842704918033 0.8229493087557604
6981.853506375228 0.8059792626728111
6991.864307832422 0.7728341013824884
7001.875109289617 0.7866935483870968
7011.885910746812 0.7812903225806452
7021.896712204007 0.7855645161290322
7031.907513661202 0.7634447004608295
7041.918315118397 0.7901036866359448
7051.929116575591 0.746094470046083
7061.939918032786 0.765794930875576
7071.950719489982 0.8263709677419355
7081.961520947177 0.7854377880184331
7091.972322404372 0.778052995391705
7101.983123861566 0.7866129032258065
7111.993925318761 0.7612557603686637
7122.004726775956 0.7623502304147466
7132.015528233151 0.7688018433179723
7142.026329690346 0.7526152073732719
7152.037131147541 0.7711175115207374
7162.047932604735 0.7767972350230415
7172.05873406193 0.73176267281106
7182.069535519126 0.7873041474654379
7192.080336976321 0.783410138248848
7202.091138433515 0.7707718894009217
7212.10193989071 0.7480990783410139
7222.112741347905 0.7467741935483871
7232.1235428051 0.7527764976958525
7242.134344262295 0.7649078341013825
7252.14514571949 0.7478225806451614
7262.155947176685 0.723479262672811
7272.166748633879 0.6885483870967742
7282.177550091074 0.7318202764976959
7292.18835154827 0.7452649769585253
7302.199153005464 0.729942396313364
7312.209954462659 0.720426267281106
7322.220755919854 0.7133410138248848
7332.231557377049 0.6508410138248848
7342.2423588342435 0.7398271889400923
7352.253160291439 0.7040668202764977
7362.263961748634 0.6730069124423964
7372.274763205829 0.6502764976958526
7382.285564663023 0.7066705069124424
7392.296366120218 0.7010483870967742
7402.307167577414 0.7004147465437789
7412.317969034608 0.6685138248847926
7422.328770491803 0.687799539170507
7432.339571948998 0.6999884792626728
7442.350373406192 0.6921658986175115
7452.3611748633875 0.6965092165898618
7462.371976320583 0.696278801843318
7472.382777777778 0.7311175115207373
7482.393579234973 0.7011405529953917
7492.404380692167 0.6743087557603686
7502.415182149362 0.6820046082949309
7512.425983606558 0.5267165898617512
7522.436785063752 0.6491935483870968
7532.447586520947 0.575668202764977
7542.458387978142 0.6446198156682028
7552.469189435336 0.6429723502304148
7562.4799908925315 0.6503686635944701
7572.490792349727 0.6858640552995392
7582.501593806921 0.6728110599078341
7592.512395264116 0.683294930875576
7602.523196721311 0.8650460829493088
7612.533998178506 0.6426497695852534
7622.544799635701 0.6511981566820276
7632.555601092896 0.5784677419354839
7642.566402550091 0.5717165898617512
7652.577204007285 0.5731797235023042
7662.58800546448 0.5847465437788019
7672.5988069216755 0.5735138248847927
7682.609608378871 0.6126728110599078
7692.620409836066 0.5728225806451613
7702.63121129326 0.5799539170506912
7712.642012750455 0.6008179723502304
7722.65281420765 0.6164976958525347
7732.663615664845 0.599147465437788
7742.67441712204 0.611889400921659
7752.685218579235 0.6080645161290322
7762.696020036429 0.6196198156682028
7772.706821493624 0.6141820276497696
7782.7176229508195 0.6376497695852535
7792.728424408015 0.5833870967741935
7802.73922586521 0.6323502304147466
7812.750027322404 0.6398041474654378
7822.760828779599 0.6237442396313365
7832.771630236794 0.6589170506912443
7842.782431693989 0.6533179723502304
7852.793233151184 0.6384216589861752
7862.804034608379 0.6334907834101383
7872.814836065573 0.6615668202764977
7882.825637522768 0.6180990783410139
7892.8364389799635 0.6401958525345622
7902.847240437158 0.6575230414746545
7912.858041894353 0.6363133640552996
7922.868843351548 0.6257373271889402
7932.879644808743 0.647188940092166
7942.890446265938 0.6718317972350231
7952.901247723133 0.6379147465437788
7962.912049180328 0.6423387096774194
7972.922850637523 0.6633179723502305
7982.933652094717 0.6362096774193549
7992.944453551912 0.6577764976958526
8002.9552550091075 0.6729838709677419
8012.966056466302 0.6357027649769585
8022.976857923497 0.6460311059907834
8032.987659380692 0.6352534562211982
8042.998460837886 0.6674539170506912
8053.0092622950815 0.6722465437788019
8063.020063752277 0.6615898617511521
8073.030865209472 0.6310714285714285
8083.041666666667 0.6651612903225806
8093.052468123861 0.6396313364055299
8103.063269581056 0.6664976958525346
8113.0740710382515 0.6115783410138249
8123.084872495446 0.659389400921659
8133.095673952641 0.6751612903225807
8143.106475409836 0.7224193548387097
8153.11727686703 0.698905529953917
8163.1280783242255 0.6184792626728111
8173.138879781421 0.6305529953917052
8183.149681238615 0.6552880184331797
8193.16048269581 0.6538364055299539
8203.171284153006 0.6198963133640554
8213.1820856102 0.6588133640552996
8223.192887067395 0.6727304147465437
8233.20368852459 0.713721198156682
8243.214489981785 0.6282949308755761
8253.22529143898 0.6390437788018434
8263.236092896175 0.6007546082949309
8273.24689435337 0.6615783410138248
8283.257695810564 0.6117281105990784
8293.26849726776 0.6472350230414747
8303.279298724954 0.6840783410138249
8313.290100182148 0.6079147465437789
8323.300901639344 0.5911059907834101
8333.311703096539 0.6119354838709677
8343.322504553733 0.5640783410138249
8353.333306010929 0.5601036866359447
8363.344107468125 0.5931451612903227
8373.354908925317 0.5431912442396314
8383.365710382513 0.5922235023041476
8393.37651183971 0.5147062211981567
8403.387313296902 0.515483870967742
8413.398114754098 0.5117165898617512
8423.408916211294 0.560299539170507
8433.419717668487 0.5228110599078342
8443.430519125683 0.5201612903225806
8453.441320582879 0.5219815668202765
8463.452122040073 0.5183640552995391
8473.462923497267 0.5464285714285715
8483.473724954463 0.5351497695852535
8493.484526411657 0.5454953917050691
8503.495327868852 0.6086751152073733
8513.506129326048 0.5395679723502305
8523.516930783242 0.500852534562212
8533.527732240436 0.5139400921658986
8543.538533697632 0.49732718894009215
8553.549335154827 0.5353110599078341
8563.56013661202 0.547200460829493
8573.570938069217 0.5236751152073732
8583.581739526411 0.5060483870967742
8593.592540983605 0.5278110599078342
8603.603342440801 0.5211290322580645
8613.614143897998 0.5644009216589861
8623.62494535519 0.6050345622119815
8633.635746812386 0.5664112903225806
8643.646548269582 0.5836405529953917
8653.657349726775 0.5630414746543779
8663.66815118397 0.5986520737327189
8673.678952641167 0.5772811059907834
8683.68975409836 0.5507949308755761
8693.700555555555 0.5829147465437788
8703.711357012751 0.6107603686635945
8713.722158469944 0.561278801843318
8723.73295992714 0.5772465437788019
8733.743761384336 0.5668433179723503
8743.75456284153 0.5698387096774193
8753.765364298724 0.5184907834101383
8763.77616575592 0.5325230414746545
8773.786967213115 0.5074539170506913
8783.797768670309 0.5959677419354839
8793.808570127505 0.5417857142857143
8803.8193715847 0.5124769585253456
8813.830173041893 0.5403686635944701
8823.84097449909 0.5652880184331798
8833.851775956284 0.5535023041474655
8843.862577413478 0.5971774193548388
8853.873378870674 0.5908986175115207
8863.884180327868 0.5421543778801843
8873.894981785063 0.5669124423963133
8883.905783242259 0.6058294930875576
8893.916584699455 0.5529032258064516
8903.927386156647 0.5995852534562212
8913.938187613843 0.5190668202764976
8923.94898907104 0.46934331797235024
8933.959790528232 0.5484216589861751
8943.970591985428 0.5591935483870968
8953.981393442624 0.5707027649769586
8963.992194899816 0.48620967741935484
8974.002996357012 0.5428686635944701
8984.013797814208 0.5056682027649769
8994.024599271403 0.5389170506912443
