3507.325919854281 0.16017720820431064
3517.3377595628417 0.764187386945458
3527.3495992714024 0.7862770947665328
3537.361438979964 1.0133212741821749
3547.373278688525 0.9088818714167459
3557.3851183970855 1.2825673728423828
3567.396958105647 1.1986694055247265
3577.408797814208 0.4117178158628936
3587.4206375227686 0.2531961860379557
3597.43247723133 0.8300272863844008
3607.444316939891 0.7374835208633536
3617.4561566484517 0.6328601649446608
3627.467996357013 1.1745562130177516
3637.479836065574 0.9349648956065856
3647.491675774135 0.8739920900144097
3657.503515482696 0.9164086212711164
3667.515355191257 1.0640923444829384
3677.527194899818 0.8757703038292916
3687.5390346083786 0.7988012386178986
3697.5508743169403 0.6178066652359199
3707.562714025501 0.7045559064291628
3717.5745537340617 1.2763436244902966
3727.5863934426234 1.037511113836343
3737.598233151184 0.7976821902688782
3747.610072859745 1.0234080387527977
3757.6219125683065 1.08914063218567
3767.633752276867 0.829306803200785
3777.645591985428 1.015682006315725
3787.6574316939896 1.1473311463347335
3797.6692714025503 1.0967593586166724
3807.681111111111 0.99898825765705
3817.6929508196727 0.7002636661863446
3827.7047905282334 0.7203912070392741
3837.716630236794 0.49127755464941597
3847.7284699453553 0.8841708311616643
3857.7403096539165 0.646886592881013
3867.752149362477 0.7013060673881719
3877.7639890710384 0.7871968605328511
3887.7758287795996 0.27700278995615785
3897.7876684881603 0.7870129073795874
3907.7995081967215 0.592244841646994
3917.8113479052827 0.7588987337891283
3927.8231876138434 0.6040101787411473
3937.835027322404 0.6391145721556244
3947.8468670309658 0.7088634761014195
3957.8587067395265 0.6878468283410492
3967.870546448087 0.9567403501241685
3977.882386156649 0.939310788852439
3987.8942258652096 0.8207529815740259
3997.9060655737703 1.2547291289818194
4007.917905282332 1.2083116166416286
4017.9297449908927 1.404160407149646
4027.9415846994534 1.3409571695741485
4037.953424408015 1.336174387589294
4047.965264116576 1.3859643744059846
4057.9771038251365 1.4195511543060368
4067.988943533698 1.1852254959070425
4078.000783242259 1.1878008400527333
4088.0126229508196 1.3907778152497163
4098.024462659381 1.1777753931998651
4108.036302367942 1.0
4118.048142076503 1.033418156176227
4128.059981785063 1.2076677806052059
4138.071821493625 1.224652788423215
4148.083661202186 1.3214428058987646
4158.095500910747 1.352438912223687
4168.107340619308 1.377326240917313
4178.119180327869 1.4191525891406322
4188.13102003643 1.4963209369347275
4198.142859744991 1.5393813042278568
4208.154699453552 1.5178434558665728
4218.166539162114 1.6118895054726066
4228.178378870674 1.6473004874758563
4238.190218579235 1.5045068522549592
4248.202058287796 1.5401477756997886
4258.2138979963565 1.6541987307232426
4268.225737704918 1.4211300855382163
4278.23757741348 1.3592451788944415
4288.2494171220405 1.4402765429070732
4298.261256830601 1.3682282245454824
4308.273096539162 1.4182481528037527
4318.284936247723 1.3924947113468438
4328.296775956284 1.405509396940246
4338.308615664845 1.2535027746267284
4348.320455373407 1.4203482846368458
4358.3322950819675 1.1282306772541926
4368.344134790528 1.1942085415580832
4378.355974499089 1.2726645614250238
4388.367814207651 1.3603642272434622
4398.379653916211 1.2854646350062853
4408.391493624773 1.3518870527638962
4418.403333333334 1.0974491829414108
4428.415173041894 0.8674004353557961
4438.427012750455 0.9632860164944661
4448.438852459017 0.7913204770518442
4458.4506921675775 0.9572002330073276
4468.462531876139 1.0411288591838612
4478.4743715847 0.9965508783763068
4488.486211293261 1.0191617867982954
4498.498051001821 1.1192169727442745
4508.509890710382 1.1187264310022382
4518.521730418944 1.1200907502222768
4528.533570127505 1.0114664132201001
4538.545409836066 1.0866266057577336
4548.557249544627 1.0780727841309747
4558.5690892531875 1.0777815249716407
4568.580928961748 1.2798540638317444
4578.59276867031 1.161510868565472
4588.6046083788715 1.1402182910752063
4598.616448087432 1.2366863905325443
4608.628287795993 1.2892969923659443
4618.640127504554 1.2636201980562285
4628.651967213114 1.3909617684029802
4638.663806921676 1.3705123095318394
4648.675646630237 1.3417389704755192
4658.687486338798 1.466919091271423
4668.699326047359 1.46391452310145
4678.71116575592 1.5902750099641294
4688.723005464481 1.4473280804488458
4698.734845173041 1.3967103044424687
4708.746684881603 1.3654689272465281
4718.758524590165 1.401339792132937
4728.770364298725 1.397246834472821
4738.782204007286 1.4103228377839778
4748.794043715847 1.3803997915197597
4758.8058834244075 1.3977833645031732
4768.817723132969 1.3959591623999756
4778.829562841531 1.3684428365576233
4788.8414025500915 1.3246773155103169
4798.853242258652 1.332388018517951
4808.865081967213 1.241469172517399
4818.876921675774 1.2771560842505443
4828.888761384335 1.2440445166630898
4838.900601092897 1.2554496121654353
4848.912440801458 1.168087193794647
4858.924280510018 1.170034031333354
4868.936120218579 1.1500444553453721
4878.94795992714 1.186973050863047
4888.9597996357015 1.2536867277799921
4898.971639344262 1.1713217034061993
4908.983479052824 1.1987153938130424
4918.995318761385 1.1156758745439495
4929.007158469945 1.1440966367231813
4939.018998178506 1.1269583346107859
4949.030837887067 1.1274795352116995
4959.042677595628 1.2554802710243125
4969.05451730419 1.2017046325535765
4979.066357012751 1.1760355029585798
4989.0781967213115 1.0477665021307907
4999.090036429872 1.019974246558543
5009.101876138433 0.9930710978937365
5019.113715846995 1.0117730018088726
5029.125555555556 0.8951467026397278
5039.137395264117 0.9304043903485912
5049.149234972678 1.041604071496459
5059.1610746812385 1.056473618051936
5069.172914389799 1.1479289940828403
5079.184754098361 1.0823956832326702
5089.1965938069225 1.0765551706165497
5099.208433515483 1.154091424717172
5109.220273224044 1.0610034644510533
5119.232112932605 1.1471318637520311
5129.243952641165 1.0955023454027042
5139.255792349727 1.1430695649507925
5149.267632058288 1.081092681730386
5159.279471766849 1.0465861360640158
5169.29131147541 1.1246129319066744
5179.303151183971 1.053239108440384
5189.314990892532 1.1192936198914676
5199.326830601093 1.131465186865745
5209.338670309654 1.1924609866020788
5219.350510018216 1.1736824355397493
5229.362349726776 1.1713370328356378
5239.374189435337 1.2403194653095013
5249.386029143898 1.2487506515007514
5259.3978688524585 1.242480914860349
5269.40970856102 1.2985559677468805
5279.421548269582 1.2592359812367784
5289.4333879781425 1.3091486034889783
5299.445227686703 1.2681270503111877
5309.457067395264 1.2467884845326058
5319.468907103825 1.1281233712481222
5329.480746812386 1.1594567250206949
5339.492586520948 1.2167581322623173
5349.504426229509 1.1038262255878837
5359.516265938069 1.174832142747647
5369.52810564663 1.2260630959315695
5379.539945355191 1.2838703743446669
5389.5517850637525 1.2390777815249718
5399.563624772313 1.2241929055400558
5409.575464480875 0.9987889750743478
5419.587304189436 1.0710672348775179
5429.599143897996 1.1063862403041358
5439.610983606557 1.0625900603979521
5449.622823315119 1.0029739093110954
5459.634663023679 1.0899224330870405
5469.646502732241 1.0832694607106725
5479.658342440802 1.061409694331177
5489.6701821493625 1.096100193150811
5499.682021857923 1.1188643958671858
5509.693861566484 1.0939464083146826
5519.705701275046 1.122819388662354
5529.717540983607 1.1604378085047675
5539.729380692168 1.1682098292301561
5549.741220400729 1.1552104730661925
5559.753060109289 1.198132875494374
5569.76489981785 1.1803660667749947
5579.776739526412 1.0702241162583928
5589.788579234973 1.1213630928656837
5599.800418943534 1.1141735904589631
5609.812258652095 1.1773155103167061
5619.824098360656 1.0673881718122453
5629.835938069216 1.0716190943373087
5639.847777777777 1.0659472054450134
5649.85961748634 1.1020020234846861
5659.8714571949 1.0524879663978908
5669.883296903461 1.1023239415028974
5679.895136612022 1.1049606033663428
5689.9069763205825 1.1657417910905357
5699.918816029143 1.1835699175276697
5709.930655737706 1.2177238863169513
5719.942495446267 1.1874482631756447
5729.954335154827 1.212803139467149
5739.966174863388 1.2527516325842354
5749.978014571949 1.2950301989759943
5759.9898542805095 1.1894104301437902
5770.001693989071 1.3091486034889783
5780.013533697633 1.1505273323726892
5790.0253734061935 1.2168960971272649
5800.037213114754 1.3032314437256647
5810.049052823315 1.2544225403930467
5820.060892531876 1.194423153570224
5830.072732240437 1.2812337124812216
5840.084571948999 1.2387865223656376
5850.09641165756 1.2860164944660761
5860.10825136612 1.2035441640862128
5870.120091074681 1.2815403010699942
5880.131930783242 1.248214121470399
5890.143770491803 1.2018579268479628
5900.155610200365 1.1690682772787198
5910.167449908926 1.204801177300181
5920.179289617487 1.132936812091854
5930.191129326047 1.1823895514608946
5940.202969034608 1.1341784958763834
5950.214808743169 1.1104945273936906
5960.226648451731 1.1453843087960267
5970.238488160292 1.1280773829598063
5980.250327868853 1.1221908820553699
5990.2621675774135 1.161342244841647
6000.274007285974 1.1604224790753288
6010.285846994535 1.1599319373332926
6020.297686703097 1.205429683907165
6030.309526411658 1.216972744274458
6040.321366120219 1.2349541650059785
6050.33320582878 1.2418907318269614
6060.34504553734 1.1909127142287763
6070.356885245901 1.237928074317074
6080.368724954463 1.2272741208572218
6090.380564663024 1.1384707361192017
6100.392404371585 1.1327375295091517
6110.404244080146 1.250068982432474
6120.416083788707 1.2513873133641966
6130.427923497267 1.2431860686145262
6140.439763205828 1.223089186620474
6150.451602914391 1.203360210932949
6160.463442622951 1.2526443265781648
6170.475282331512 1.2810344298985192
6180.487122040073 1.245853389336849
6190.4989617486335 1.2249133887236718
6200.510801457194 1.2584848391942853
6210.522641165757 1.2284698163534353
6220.5344808743175 1.191985774289481
6230.546320582878 1.1742956127172948
6240.558160291439 1.1729006346383788
6250.57 1.0924824478032928
6260.58183970856 1.0947052150718952
6270.593679417122 0.9954624888861637
6280.605519125684 0.9858202777692615
6290.617358834244 0.8318514884875985
6300.629198542805 0.8826532176472393
6310.641038251366 0.8213201704632555
6320.652877959927 0.8923414170524573
6330.664717668488 0.8567004936076279
6340.67655737705 0.8515191464573689
6350.688397085611 0.8291228500475212
6360.700236794171 0.8949780789159029
6370.712076502732 0.8503694392494712
6380.723916211293 0.8872367170493914
6390.735755919854 0.9117791335806481
6400.747595628416 0.9407057669313548
6410.759435336977 0.9677468804611092
6420.771275045538 1.0118803078149432
6430.783114754098 1.0080019621669682
6440.794954462659 1.0336174387589294
6450.80679417122 1.071427476469326
6460.818633879782 1.0702547751172702
6470.830473588343 1.1399117024864334
6480.842313296904 1.096805346904988
6490.8541530054645 1.104148143606095
6500.865992714025 1.1484348652543153
6510.877832422586 1.157632522917497
6520.889672131148 1.146763957445504
6530.901511839709 1.135512156237545
6540.91335154827 1.1560689211147561
6550.925191256831 1.168347794095104
6560.937030965391 1.1324156114909403
6570.948870673952 1.1424103994849313
6580.960710382514 1.127778459085753
6590.972550091075 1.1625992580556153
6600.984389799636 1.1691602538553516
6610.996229508197 1.1911119968114787
6621.008069216758 1.1922310451604992
6631.019908925318 1.1971517920103014
6641.03174863388 1.1758132262317198
6651.043588342442 1.1802894196278015
6661.055428051002 1.161633504000981
6671.067267759563 1.118220559830763
6681.079107468124 1.1410460802648927
6691.0909471766845 1.1284452892663335
6701.102786885245 1.1123034000674497
6711.114626593808 1.0877763129656315
6721.1264663023685 1.0435202501762884
6731.138306010929 1.09757181837692
6741.15014571949 1.096774688046111
6751.161985428051 1.0829628721218998
6761.173825136611 1.1363246159977927
6771.185664845173 1.1079805009657542
6781.197504553735 1.0598154336695589
6791.209344262295 0.98819633933225
6801.221183970856 1.0288039979151975
6811.233023679417 1.020311494006193
6821.244863387978 1.0187325627740136
6831.256703096539 1.0417420363614067
6841.268542805101 1.0278535732900023
6851.280382513662 1.0303982585768159
6861.292222222222 0.997179384983291
6871.304061930783 1.0269031486648068
6881.315901639344 0.9869086672594046
6891.327741347905 0.9997087408406659
6901.339581056467 1.0142716988073706
6911.351420765028 0.9808842014900205
6921.3632604735885 0.983689487077291
6931.375100182149 0.9654168071864365
6941.38693989071 0.9659380077873502
6951.398779599271 0.9001900849250392
6961.410619307833 0.9212987092620413
6971.422459016394 0.948876352822148
6981.434298724955 0.9442775239905572
6991.446138433515 0.9218122451482357
7001.457978142076 0.9547781831560229
7011.469817850637 0.9827543918815342
7021.481657559199 0.9075635404850232
7031.49349726776 0.9516816384094184
7041.505336976321 0.9346813011619708
7051.517176684882 0.9403838489131435
7061.529016393442 0.983520863353466
7071.540856102003 0.9335162645246344
7081.552695810565 0.9189686359873686
7091.564535519126 0.9548854891620934
7101.576375227687 0.9091271422877641
7111.588214936248 0.9445227948615753
7121.600054644809 0.9633856577858173
7131.611894353369 0.9765459729588866
7141.623734061931 0.9537664408130729
7151.635573770493 0.8842781371677347
7161.647413479053 0.8949320906275869
7171.659253187614 0.8761688689946961
7181.671092896175 0.8886776834166233
7191.6829326047355 0.9246251954502254
7201.694772313296 0.9174510224729435
7211.706612021859 0.8923107581935801
7221.7184517304195 0.8897814023362052
7231.73029143898 0.8744213140386915
7241.742131147541 0.8208142992917804
7251.753970856102 0.9066820982923016
7261.765810564662 0.8848606554864029
7271.777650273225 0.8789281662936506
7281.789489981786 0.9137872888371096
7291.801329690346 0.8966949750130301
7301.813169398907 0.8526688536652666
7311.825009107468 0.8358831284299598
7321.836848816029 0.9083913296747095
7331.84868852459 0.8492197320415734
7341.860528233152 0.8957752092467118
7351.872367941713 0.8782076831100347
7361.884207650273 0.835285280681853
7371.896047358834 0.8497102737836099
7381.907887067395 0.8437471257319803
7391.919726775956 0.8592911671827574
7401.931566484518 0.8574056473618052
7411.943406193079 0.8708035686911734
7421.9552459016395 0.8621424410583439
7431.9670856102 0.8871753993316369
7441.978925318761 0.8640432903087347
7451.990765027322 0.8525155593708803
7462.002604735884 0.8073244013857804
7472.014444444445 0.8632461599779258
7482.026284153006 0.820829628721219
7492.038123861566 0.838872367170494
7502.049963570127 0.8547689854983598
7512.061803278688 0.7859551767483215
7522.07364298725 0.8778321120887881
7532.085482695811 0.8189134500413896
7542.097322404372 0.8490664377471872
7552.109162112933 0.8724131587822301
7562.121001821493 0.8269767299261123
7572.132841530054 0.8720759113345802
7582.144681238616 0.8523469356470552
7592.156520947177 0.7553269767299261
7602.168360655738 0.7862617653370942
7612.180200364299 0.986510102094
7622.1920400728595 0.8100836986847351
7632.20387978142 0.8208142992917804
7642.215719489982 0.8243247386332281
7652.2275591985435 0.8417083116166417
7662.239398907104 0.8757856332587303
7672.251238615665 0.8055921758592146
7682.263078324226 0.8370788239261736
7692.274918032786 0.7867829659380079
7702.286757741348 0.8100530398258577
7712.29859744991 0.7902934052794556
7722.31043715847 0.825934328724285
7732.322276867031 0.8069105067909372
7742.334116575592 0.8148204923812736
7752.345956284153 0.8602415918079529
7762.357795992713 0.858677990005212
7772.369635701275 0.7836097740442101
7782.381475409837 0.8154949872765735
7792.393315118397 0.8608317748413405
7802.405154826958 0.8525308888003189
7812.416994535519 0.8545697029156575
7822.42883424408 0.8693166140356255
7832.440673952641 0.8887083422755006
7842.452513661203 0.8641352668853666
7852.464353369764 0.7514179722230738
7862.476193078324 0.8521323236349143
7872.488032786885 0.8395008737774781
7882.499872495446 0.82913817947696
7892.511712204007 0.8698684734954165
7902.523551912569 0.8802005089370575
7912.53539162113 0.862096452770028
7922.5472313296905 0.8179706901309134
7932.559071038251 0.8312229818806144
7942.570910746812 0.8277738602569212
7952.582750455374 0.8175491308213508
7962.594590163935 0.8301805806787872
7972.606429872496 0.8501241683784531
7982.618269581057 0.870772909832296
7992.630109289617 0.8341202440445167
8002.641948998178 0.8512125578685963
8012.653788706739 0.8223779010945214
8022.6656284153005 0.8702210503725052
8032.677468123862 0.8670171996198301
8042.689307832423 0.8459852224300212
8052.701147540984 0.8826378882178005
8062.712987249544 0.8612533341509029
8072.724826958105 0.8664040224422848
8082.736666666667 0.8941502897262165
8092.748506375228 0.8832357359659074
8102.760346083789 0.8924793819174051
8112.77218579235 0.8765061164423461
8122.7840255009105 0.8873900113437778
8132.795865209471 0.914783701750621
8142.807704918033 0.8393629089125304
8152.8195446265945 0.8988564245638778
8162.831384335155 0.9112732624091733
8172.843224043716 0.8760155747003097
8182.855063752277 0.8738847840083394
8192.866903460837 0.8780313946714904
8202.8787431694 0.8761382101358187
8212.89058287796 0.8620351350522735
8222.902422586521 0.8518870527638962
8232.914262295082 0.916040714964589
8242.926102003643 0.8822853113407119
8252.937941712204 0.8775178587852961
8262.949781420764 0.8873900113437778
8272.961621129325 0.8562099518655916
8282.973460837888 0.8128429959836896
8292.985300546448 0.906015268111721
8302.997140255009 0.8858877272587915
8313.00897996357 0.8900573320661005
8323.02081967213 0.8404436336879542
8333.032659380693 0.8507833338443144
8343.044499089254 0.8932918416776529
8353.056338797815 0.8457399515590031
8363.068178506375 0.8262409173130576
8373.080018214936 0.8194653095011804
8383.091857923497 0.8854585032345097
8393.103697632057 0.8093325566422419
8403.11553734062 0.8273293068032008
8413.12737704918 0.7888524389122237
8423.139216757741 0.817963025416194
8433.151056466302 0.8671398350553393
8443.162896174863 0.7870435662384646
8453.174735883425 0.8778704356623848
8463.186575591986 0.7907456234478953
8473.198415300547 0.802327007388785
8483.210255009108 0.7954747524297145
8493.222094717668 0.7639881043627555
8503.23393442623 0.7975442254039306
8513.24577413479 0.7960419413189441
8523.25761384335 0.8041512094919827
8533.269453551913 0.8064352944783395
8543.281293260474 0.7856179293006715
8553.293132969035 0.8363276818836803
8563.304972677595 0.7927461139896373
8573.316812386156 0.8288775791765031
8583.328652094719 0.7884692031762579
8593.34049180328 0.7892280099334704
8603.35233151184 0.8166906827727873
8613.3641712204 0.7860011650366373
8623.376010928961 0.7996750160959009
8633.387850637522 0.781341018487292
8643.399690346083 0.8133488671551645
8653.411530054645 0.7678664500107306
8663.423369763206 0.839378238341969
8673.435209471767 0.7854033172885305
8683.447049180328 0.8047797160989669
8693.458888888888 0.8172732010914555
8703.470728597451 0.8255970812766349
8713.482568306012 0.8099457338197873
8723.494408014572 0.8123064659533373
8733.506247723133 0.7911978416163352
8743.518087431694 0.8797866143422143
8753.529927140255 0.8115706533402828
8763.541766848815 0.8339362908912531
8773.553606557376 0.7939571389152895
8783.565446265939 0.8530520894012326
8793.5772859745 0.794447680657326
8803.58912568306 0.8110494527393691
8813.60096539162 0.8383051782812645
8823.612805100182 0.8592451788944416
8833.624644808744 0.7168960971272649
8843.636484517305 0.7907992764509305
8853.648324225866 0.884937302633596
8863.660163934426 0.8796716436214245
8873.672003642987 0.8508139927031917
8883.683843351548 0.8555507863997303
8893.695683060108 0.8644878437624552
8903.707522768671 0.8913909924272618
8913.719362477232 0.8591378728883711
8923.731202185792 0.8632461599779258
8933.743041894353 0.9063371861299323
8943.754881602914 0.8119538890762487
8953.766721311476 0.7472177085568875
8963.778561020037 0.6590121715669743
8973.790400728598 0.7826133611306987
8983.802240437159 0.7689701689303124
8993.81408014572 0.8365269644663826
