3507.325473588343 -0.9968794420753375
3517.3364207650275 2.1642901563610515
3527.347367941712 1.5415111940298507
3537.3583151183975 2.5717395167022032
3547.369262295082 -3.35865316275764
3557.3802094717666 0.24037180170575692
3567.391156648452 -2.564521144278607
3577.4021038251367 -1.8705579246624022
3587.4130510018217 3.077580845771144
3597.4239981785067 0.2300550817341862
3607.4349453551913 -0.9251732409381663
3617.4458925318763 -0.7415045309168443
3627.4568397085613 -0.14552794065387348
3637.467786885246 2.1038779317697225
3647.478734061931 1.6180259417199714
3657.489681238616 -0.5568918798862829
3667.5006284153005 -0.8035936389481165
3677.5115755919855 2.0358031272210377
3687.5225227686706 0.95704513148543
3697.533469945355 0.759639303482587
3707.5444171220406 0.5152696339729922
3717.555364298725 0.06725191009239517
3727.5663114754097 -1.3381751954513148
3737.577258652095 -0.17345193674484718
3747.58820582878 -0.4588941453447051
3757.5991530054644 1.9052061122956645
3767.61010018215 1.5074182658137882
3777.6210473588344 0.4630086176261549
3787.631994535519 -0.09074826759061833
3797.6429417122044 1.398476368159204
3807.653888888889 -0.6907538201847904
3817.6648360655736 0.3065031982942431
3827.675783242259 1.2025808457711442
3837.6867304189436 -0.9449626865671642
3847.697677595628 0.14229077825159916
3857.7086247723137 0.9866071428571428
3867.7195719489982 1.0825226545842217
3877.7305191256833 0.17254297707889127
3887.7414663023683 0.23541888770433547
3897.752413479053 -0.1926083866382374
3907.763360655738 -0.5033093461265103
3917.774307832423 0.8955334932480455
3927.7852550091075 0.1593594527363184
3937.7962021857925 -0.4748467484008529
3947.8071493624775 0.42568407960199006
3957.818096539162 0.1462331201137171
3967.8290437158475 0.593761105188344
3977.839990892532 0.3035047974413646
3987.8509380692167 0.42274120469083154
3997.861885245902 0.6462386727078892
4007.8728324225867 0.5516391257995735
4017.8837795992713 0.10222992181947406
4027.8947267759568 0.27685234541577824
4037.9056739526413 1.0666644456289978
4047.916621129326 0.9831867448471927
4057.9275683060114 0.3981654228855721
4067.938515482696 1.4350124378109452
4077.9494626593805 0.5134039623312011
4087.960409836066 0.8553105010660981
4097.971357012751 1.0985918621179815
4107.982304189436 0.7677349857853588
4117.993251366121 0.19496268656716417
4128.004198542805 0.6139503375977257
4138.01514571949 0.8716462331201137
4148.026092896175 0.31703091684434964
4158.03704007286 0.29795220326936744
4168.047987249545 0.3135438877043355
4178.05893442623 0.4406094527363184
4188.069881602914 0.42291888770433544
4198.080828779599 0.6539179104477612
4208.091775956284 0.8684812544420754
4218.102723132969 0.23859497157071782
4228.1136703096545 0.8053260483297796
4238.124617486339 1.2885350035536602
4248.135564663024 0.566259106254442
4258.146511839708 0.20531272210376686
4268.157459016394 0.23359763681592038
4278.168406193079 0.9826314854299928
4288.179353369764 0.7493114783226724
4298.190300546448 0.8327780739161336
4308.201247723133 0.5033537668798863
4318.212194899817 0.12587730987917556
4328.223142076503 0.576348169864961
4338.234089253188 0.48107675906183367
4348.245036429873 0.5354477611940298
4358.2559836065575 1.1945851101634684
4368.266930783242 0.8873600746268656
4378.2778779599275 0.6195640103056147
4388.288825136612 0.935623223169865
4398.299772313298 0.6050439765458422
4408.310719489982 0.8172419154228855
4418.321666666667 0.6605254975124378
4428.332613843351 0.4450848436389481
4438.343561020037 0.7281894100923951
4448.354508196721 0.4829757462686567
4458.365455373407 0.4519589552238806
4468.376402550091 0.7569185323383085
4478.387349726776 0.7326425906183368
4488.3982969034605 0.5054859630419332
4498.409244080146 0.5354255508173419
4508.420191256831 0.6220904406538735
4518.431138433516 0.636715973702914
4528.442085610201 0.3975657427149964
4538.453032786885 0.43298018834399427
4548.46397996357 0.2507995735607676
4558.474927140255 0.5095171464108031
4568.485874316941 0.6093527896233121
4578.496821493625 0.5660314498933902
4588.50776867031 0.849857853589197
4598.518715846994 0.6320184790334044
4608.529663023679 0.9134239516702203
4618.540610200364 1.1189587775408671
4628.55155737705 0.9600213219616205
4638.5625045537345 1.0471304193319118
4648.573451730419 1.039167999289268
4658.584398907104 1.3940342928216063
4668.595346083788 1.1689321250888416
4678.606293260474 1.0255752487562189
4688.617240437159 1.3741560056858564
4698.628187613844 1.4923152096659558
4708.639134790528 1.4019189765458422
4718.650081967213 1.433346659559346
4728.661029143898 1.3757107320540156
4738.671976320583 1.4557791400142146
4748.682923497268 1.808646499644634
4758.693870673953 1.3703802416488984
4768.7048178506375 1.5944829424307037
4778.715765027322 1.3227389836531627
4788.7267122040075 1.150164356787491
4798.737659380693 1.40613894811656
4808.748606557378 1.0600235429992892
4818.759553734062 1.2876465884861408
4828.770500910747 1.086065209665956
4838.781448087431 0.8771210909737029
4848.792395264117 0.8165200781805259
4858.803342440802 0.6412468905472637
4868.814289617487 0.7133084577114428
4878.825236794171 0.8364872068230277
4888.836183970856 0.9494713930348259
4898.8471311475405 0.9247290334044065
4908.858078324226 0.9559679282160625
4918.869025500911 1.0501954513148541
4928.879972677596 0.8585310056858564
4938.890919854281 1.1389481165600568
4948.901867030965 1.2555525941719972
4958.912814207651 1.4698827292110876
4968.923761384335 1.1841462331201136
4978.934708561021 1.427127754086709
4988.945655737705 1.330068407960199
4998.95660291439 1.1891990938166312
5008.967550091074 0.8846837242359631
5018.97849726776 1.115294065387349
5028.989444444445 1.068463486140725
5039.00039162113 1.1617137526652452
5049.0113387978145 1.1007018479033404
5059.022285974499 1.1468328002842927
5069.033233151184 1.1928082800284292
5079.044180327869 1.0051972281449895
5089.055127504555 0.9576003909026297
5099.066074681239 0.8832733653162758
5109.077021857924 0.8936345060412224
5119.087969034608 0.8312788734896944
5129.098916211293 0.9274942253020612
5139.109863387978 0.7141635572139303
5149.120810564664 0.755808013503909
5159.131757741348 0.8957000710732055
5169.142704918033 0.6357276119402985
5179.1536520947175 0.5985141257995736
5189.164599271402 0.7955423773987207
5199.1755464480875 0.8803527007818053
5209.186493624773 0.9852856254442075
5219.197440801458 0.7885238983653162
5229.208387978142 0.8979100035536602
5239.219335154827 1.0641213574982231
5249.230282331512 0.8644889392324093
5259.241229508197 0.9274498045486851
5269.252176684882 0.9195651208244492
5279.263123861567 0.937644367448472
5289.274071038251 0.7957866915422886
5299.285018214936 0.9938477256574271
5309.295965391621 1.1594927149964462
5319.306912568307 1.0114272388059702
5329.317859744991 1.0305725835110164
5339.328806921676 1.0795020433546552
5349.339754098361 1.087742093105899
5359.350701275045 1.2515547263681592
5369.361648451731 1.1259550461975836
5379.372595628416 0.9146455223880596
5389.383542805101 1.2618825515280738
5399.394489981785 1.2059124022743426
5409.40543715847 1.1255108386638237
5419.416384335154 1.242337420042644
5429.42733151184 1.2589952025586355
5439.438278688525 1.4896499644633971
5449.44922586521 1.5769367448471925
5459.460173041894 1.5758262260127933
5469.471120218579 1.3346215351812367
5479.482067395264 1.4377887348969438
5489.493014571949 1.2092439587775408
5499.5039617486345 1.5482298329779671
5509.514908925319 1.2641035891968728
5519.525856102004 1.236340618336887
5529.536803278688 1.5558368869936032
5539.547750455374 1.2806503198294241
5549.558697632059 1.5178571428571428
5559.569644808744 1.5902629708599856
5569.580591985428 1.9458511016346838
5579.591539162113 1.5104166666666665
5589.6024863387975 1.7086442786069653
5599.613433515483 1.8008173418621178
5609.624380692168 1.8781094527363185
5619.635327868853 1.8260261194029852
5629.646275045538 2.0808901918976543
5639.657222222222 1.7278562544420752
5649.668169398907 2.1126510305614783
5659.679116575592 1.8838841506751953
5669.690063752278 2.0185900852878467
5679.701010928962 1.7255241648898365
5689.711958105647 1.8644500710732053
5699.722905282331 1.861340618336887
5709.733852459016 1.85556592039801
5719.744799635701 1.7255241648898365
5729.755746812387 1.8763326226012793
5739.766693989071 1.8879930703624732
5749.777641165756 1.8308568763326227
5759.788588342441 2.123089907604833
5769.799535519125 2.0653429282160625
5779.8104826958115 2.057236140724947
5789.821429872496 1.960732054015636
5799.832377049181 2.0908848614072495
5809.843324225865 1.728300461975835
5819.85427140255 2.0083733120113716
5829.865218579234 1.8542332977967306
5839.876165755921 1.890103056147832
5849.887112932605 1.8483475479744136
5859.89806010929 1.7568407960199004
5869.909007285974 1.5050861762615493
5879.919954462659 1.5745491293532337
5889.9309016393445 1.4662180170575694
5899.94184881603 1.4485607675906182
5909.9527959927145 1.578269367448472
5919.963743169399 1.4819873845060412
5929.974690346084 1.6915422885572138
5939.985637522768 1.5420664534470505
5949.996584699454 1.3076359275053304
5960.007531876139 1.2252354299928927
5970.018479052824 1.3291799928926795
5980.029426229508 1.26976723525231
5990.040373406193 1.1852567519545132
6000.051320582877 1.2311211798152097
6010.062267759564 1.4426750177683012
6020.073214936248 1.0946495202558635
6030.084162112933 1.2122423596304193
6040.0951092896175 1.3980321606254442
6050.106056466302 1.220682302771855
6060.117003642987 1.463108564321251
6070.127950819673 1.5108608742004266
6080.138897996358 1.5432880241648899
6090.149845173042 1.6331289978678039
6100.160792349727 1.4943141435678748
6110.171739526411 1.4525586353944564
6120.182686703096 1.4171886105188345
6130.193633879782 1.40613894811656
6140.204581056467 1.4662180170575694
6150.215528233151 1.1576048329779671
6160.226475409836 1.3661602700781805
6170.237422586521 1.396477434257285
6180.248369763206 1.3641613361762615
6190.2593169398915 1.4515591684434968
6200.270264116576 1.4091373489694385
6210.281211293261 1.4498933901918976
6220.292158469945 1.416133617626155
6230.30310564663 1.2434479388770434
6240.314052823315 0.9658626510305615
6250.325000000001 1.0440376243781093
6260.335947176685 1.0529051172707888
6270.34689435337 0.9849413646055436
6280.357841530054 0.7151297085998578
6290.368788706739 0.820218105899076
6300.379735883425 0.7299107142857143
6310.39068306011 0.7160847547974414
6320.4016302367945 0.7851479211087419
6330.412577413479 0.6098525230987917
6340.423524590164 0.6889880952380952
6350.434471766848 0.8520344705046198
6360.445418943535 0.7818163646055436
6370.456366120219 0.9010027985074627
6380.467313296904 0.9502820717839374
6390.478260473588 1.0597125977256574
6400.489207650273 0.9546575159914712
6410.500154826958 0.9752132196162047
6420.511102003644 1.0826337064676617
6430.522049180328 1.202914001421464
6440.532996357013 1.1433901918976546
6450.5439435336975 1.1053105010660982
6460.554890710382 1.3216284648187633
6470.565837887068 1.1376154939587775
6480.576785063753 1.0415445095948828
6490.587732240438 1.1860341151385927
6500.598679417122 1.2412269012082446
6510.609626593807 1.4074715707178393
6520.620573770491 1.2999733475479744
6530.631520947177 1.6322405828002842
6540.642468123862 1.5987029140014215
6550.653415300547 1.6060323383084578
6560.664362477231 1.6543399076048328
6570.675309653916 1.5648320895522387
6580.6862568306005 1.6512304548685146
6590.697204007287 1.6667777185501067
6600.7081511839715 1.695207000710732
6610.719098360656 1.625355366027008
6620.730045537341 1.3974769012082444
6630.740992714025 1.5248534115138592
6640.75193989071 1.5576137171286424
6650.762887067396 1.5575026652452024
6660.773834244081 1.5963708244491825
6670.784781420765 1.6487873134328357
6680.79572859745 1.7412935323383085
6690.806675774134 1.6856565387348967
6700.81762295082 1.5279628642501777
6710.828570127505 1.6126954513148541
6720.83951730419 1.6638903695806682
6730.8504644808745 1.6807702558635393
6740.861411657559 1.6591151385927505
6750.872358834244 1.6116404584221748
6760.883306010929 1.5495069296375266
6770.894253187615 1.5398454157782515
6780.905200364299 1.4675506396588487
6790.916147540984 1.4106920753375978
6800.927094717668 1.2788734896943852
6810.938041894353 1.4357898009950247
6820.948989071039 1.2060234541577823
6830.959936247724 1.1768168088130775
6840.970883424408 1.1263992537313434
6850.981830601093 1.199471393034826
6860.9927777777775 1.24988894811656
6871.003724954462 1.261827025586354
6881.0146721311485 1.2655472636815919
6891.025619307833 1.2984186211798152
6901.036566484518 1.1347281449893392
6911.047513661202 1.2250133262260128
6921.058460837887 1.1277318763326225
6931.069408014571 1.1206245557924661
6941.080355191258 1.1652674129353235
6951.091302367942 1.1689321250888416
6961.102249544627 1.1363939232409381
6971.113196721311 1.255885749822317
6981.124143897996 1.10153473702914
6991.135091074681 1.1098414179104477
7001.146038251367 1.2609386105188345
7011.1569854280515 1.2035803127221036
7021.167932604736 1.0306392146410803
7031.178879781421 1.0363028606965172
7041.189826958105 1.2065787135749824
7051.200774134791 1.0711509417199716
7061.211721311476 1.0302394278606966
7071.222668488161 1.0826892324093815
7081.233615664845 1.0190009772565742
7091.24456284153 1.1006130063965884
7101.255510018214 1.0786469438521677
7111.266457194901 1.04262171286425
7121.277404371585 1.0988195184790335
7131.28835154827 1.0790689410092396
7141.2992987249545 1.1096304193319118
7151.310245901639 1.0348147654584223
7161.321193078324 1.0570362473347548
7171.33214025501 0.9414867626154939
7181.343087431695 0.9147010483297797
7191.354034608379 0.9780561478322672
7201.364981785064 0.8960443319118692
7211.375928961748 0.9589996446339729
7221.386876138434 0.9339796552949537
7231.397823315119 0.9067608386638237
7241.408770491804 0.7061122956645345
7251.419717668488 0.9659737029140015
7261.430664845173 0.9043065920398009
7271.4416120218575 0.7921997157071784
7281.452559198543 0.9634639303482586
7291.4635063752285 0.9114805437100213
7301.474453551913 0.8454601990049752
7311.485400728598 0.8696139836531628
7321.496347905282 0.970504619758351
7331.507295081967 0.8969771677327647
7341.518242258653 1.0219438521677326
7351.529189435338 0.9147787846481875
7361.540136612022 1.0533160092395166
7371.551083788707 0.820212553304904
7381.562030965391 1.0729166666666667
7391.572978142076 0.9245069296375267
7401.583925318762 0.8727012260127931
7411.594872495447 1.0992914889836531
7421.6058196721315 0.9582000710732055
7431.616766848816 0.8618847725657427
7441.627714025501 0.9545464641080312
7451.638661202185 1.0629664179104479
7461.649608378872 0.9732253909026297
7471.660555555556 0.935723169864961
7481.671502732241 0.9108253375977257
7491.682449908925 1.0170575692963753
7501.69339708561 0.9516202469793886
7511.704344262295 0.9459732587064678
7521.715291438981 0.9730366027007818
7531.726238615665 0.9903718017057569
7541.73718579235 0.9229522032693674
7551.7481329690345 1.0727167732764749
7561.759080145719 0.9363894811656005
7571.7700273224045 0.9986229566453447
7581.78097449909 0.9065054193319119
7591.791921675775 1.009539356787491
7601.802868852459 0.7570962153518124
7611.813816029144 0.6206023454157782
7621.824763205828 0.5944052061122956
7631.835710382514 0.29306592039800994
7641.846657559199 0.38779317697228144
7651.857604735884 0.5661313965884861
7661.868551912568 0.47393612295664533
7671.879499089253 0.4256729744136461
7681.890446265938 0.47029362117981516
7691.901393442624 0.5328824626865671
7701.912340619308 0.3881374378109453
7711.923287795993 0.40357364960909736
7721.934234972678 0.43535669864960913
7731.945182149362 0.4965684968017058
7741.956129326048 0.6809368336886994
7751.967076502733 0.730354921819474
7761.978023679418 0.7051683546552949
7771.988970856102 0.7125533049040512
7781.999918032787 0.8502909559346126
7792.010865209471 0.783237828713575
7802.021812386157 0.9911491648898365
7812.032759562842 0.9059390547263682
7822.043706739527 0.9048618514570006
7832.0546539162115 1.0260083511016347
7842.065601092896 0.9546797263681591
7852.076548269581 0.9659181769722814
7862.087495446266 0.8407404939587775
7872.098442622952 0.7597503553660269
7882.109389799636 1.0146810589907604
7892.120336976321 0.714741027007818
7902.131284153005 0.8618292466240227
7912.14223132969 1.0457644811656006
7922.153178506375 1.074104921819474
7932.164125683061 1.0494847192608387
7942.175072859745 1.0555814676616915
7952.18602003643 1.0458200071073205
7962.1969672131145 1.0771477434257286
7972.2079143898 1.1694873845060412
7982.218861566485 0.9888503909026296
7992.22980874317 1.0511060767590619
8002.240755919855 1.1901430348258706
8012.251703096539 1.1187366737739872
8022.262650273224 1.0888526119402986
8032.273597449909 1.1745957711442785
8042.284544626595 1.1883662046908317
8052.295491803279 1.199138237384506
8062.306438979964 1.1452780739161335
8072.317386156648 1.1811478322672353
8082.328333333333 1.0984141791044775
8092.339280510018 1.140835998578536
8102.350227686704 1.017712775408671
8112.361174863388 1.0
8122.372122040073 1.0903018390191899
8132.383069216758 1.0782471570717838
8142.394016393442 1.005719171997157
8152.404963570128 1.041100302061123
8162.415910746813 1.0590573916133617
8172.426857923498 0.9340573916133618
8182.437805100182 1.0803793532338308
8192.448752276867 0.9621090973702914
8202.459699453551 1.0631329957356077
8212.470646630238 0.8195740049751243
8222.481593806922 1.2099102700781805
8232.492540983607 1.1388370646766168
8242.503488160291 0.9724924484719261
8252.514435336976 0.9399098258706468
8262.52538251366 0.826292643923241
8272.536329690347 0.8218061478322671
8282.547276867032 0.6473436389481165
8292.558224043716 0.7780628109452736
8302.5691712204 0.8765436211798152
8312.580118397085 0.4838419509594883
8322.591065573772 0.4849524697938877
8332.602012750456 0.5824338130774698
8342.61295992714 0.4775786247334755
8352.623907103825 0.2579624200426439
8362.63485428051 0.37505552594172
8372.645801457194 0.37251799040511724
8382.656748633879 0.1959177327647477
8392.667695810565 0.4604100035536603
8402.67864298725 0.4107476012793177
8412.689590163935 0.19284159559346126
8422.70053734062 0.3156649786780384
8432.711484517304 0.5172685678749112
8442.72243169399 0.4202758528784648
8452.733378870675 0.6238561656005686
8462.74432604736 0.3419509594882729
8472.755273224044 0.4123689587775409
8482.766220400728 0.5320495735607675
8492.777167577413 0.42247468017057566
8502.7881147541 0.19599546908315565
8512.799061930784 0.3856165600568585
8522.810009107468 0.5259528251599147
8532.820956284153 0.4427749644633973
8542.831903460838 0.29596437455579244
8552.842850637524 0.46255330490405117
8562.853797814209 0.5499511371712864
8572.864744990893 0.5027096659559346
8582.875692167578 0.5166799928926795
8592.886639344262 0.5134372778962332
8602.897586520947 0.4427416488983653
8612.908533697631 0.4573005508173419
8622.919480874318 0.492093105899076
8632.930428051002 0.5715618336886994
8642.941375227687 0.5367248578535893
8652.952322404371 0.40341817697228144
8662.963269581056 0.5829668621179814
8672.974216757742 0.5100279850746269
8682.985163934427 0.8585754264392325
8692.996111111112 0.8465929282160625
8703.007058287796 0.870891080312722
8713.01800546448 0.8294798329779672
8723.028952641165 0.8290245202558635
8733.03989981785 1.0757484896943852
8743.050846994536 0.9722370291400142
8753.06179417122 1.089352345415778
8763.072741347905 0.5924951137171286
8773.08368852459 0.9176772388059702
8783.094635701276 0.923640724946695
8793.10558287796 0.9424862295664534
8803.116530054645 1.1161824804548686
8813.12747723133 1.0582467128642503
8823.138424408015 1.0148476368159205
8833.1493715847 0.99188210732054
8843.160318761384 1.0049862295664533
8853.17126593807 1.218905472636816
8863.182213114755 1.1747068230277184
8873.19316029144 0.9670897743425727
8883.204107468124 1.0427993958777542
8893.215054644808 0.9831423240938166
8903.226001821495 1.0471748400852878
8913.23694899818 0.8863495024875621
8923.247896174864 1.1975835110163469
8933.258843351548 0.9768901030561478
8943.269790528233 0.9084155117270789
8953.280737704918 0.8711576048329779
8963.291684881602 0.8087242359630419
8973.302632058289 1.013592750533049
8983.313579234973 0.6062544420753375
8993.324526411658 0.8017612828713575
