3508.1061202185792 -0.23870834117868575
3518.118360655738 0.5881001694596122
3528.130601092896 -0.2795782338542647
3538.1428415300543 1.155036716249294
3548.155081967213 1.2391639992468462
3558.1673224043716 -0.09100357748070043
3568.1795628415302 1.4324232724533985
3578.1918032786884 0.789870080964037
3588.2040437158466 -0.18414611184334398
3598.2162841530053 0.6123893805309735
3608.228524590164 0.9939747693466391
3618.2407650273226 0.38727170024477503
3628.253005464481 0.3537525889662964
3638.265245901639 0.22456222933534176
3648.2774863387976 -0.09799284503859913
3658.2897267759563 0.9635473545471662
3668.3019672131145 0.847486349086801
3678.314207650273 0.6108454151760497
3688.3264480874313 0.8415740915081905
3698.33868852459 0.3835812464695914
3708.3509289617487 0.28572773488985126
3718.363169398907 0.2038486160798343
3728.3754098360655 0.22651854641310487
3738.3876502732237 0.9696479005836942
3748.3998907103824 1.1400489549990587
3758.412131147541 0.9239691206929016
3768.424371584699 1.3120692901525137
3778.436612021858 1.5089437017510827
3788.448852459016 1.1690077198267745
3798.4610928961747 0.926755789870081
3808.4733333333334 0.8710977217096593
3818.4855737704916 1.4265863302579553
3828.49781420765 1.2476746375447185
3838.5100546448084 1.0714366409339109
3848.522295081967 1.215703257390322
3858.5345355191257 0.6264356994916213
3868.546775956284 0.5087554132931651
3878.5590163934426 0.6559969873846734
3888.5712568306008 1.0142346074185653
3898.5834972677594 1.5058934287328185
3908.595737704918 0.9116927132366787
3918.6079781420763 1.0682733948408965
3928.620218579235 1.031632460930145
3938.632459016393 0.9809075503671625
3948.6446994535518 0.5953681039352288
3958.6569398907104 0.9320278666917718
3968.6691803278686 1.1414046318960647
3978.6814207650273 1.5881378271511957
3988.6936612021855 1.266465825644888
3998.705901639344 0.9943136885708906
4008.7181420765028 1.225004707211448
4018.730382513661 0.7482206740726793
4028.7426229508196 1.3040482018452269
4038.754863387978 0.9804556580681605
4048.7671038251365 1.3649030314441724
4058.779344262295 1.0668047448691396
4068.7915846994533 1.0398418376953493
4078.803825136612 1.1122199209188477
4088.81606557377 1.085972509885144
4098.828306010929 1.0657503295048012
4108.8405464480875 1.44146111843344
4118.852786885245 1.23931463001318
4128.865027322405 1.2553944643193373
4138.8772677595625 1.0927508943701751
4148.88950819672 0.9779325927320656
4158.90174863388 1.0433063453210318
4168.913989071038 1.0204857842214272
4178.926229508197 0.8294106571267181
4188.938469945355 0.8643381660704199
4198.950710382513 1.1110901901713424
4208.962950819672 0.825080022594615
4218.97519125683 0.9752588966296366
4228.9874316939895 0.8747128601016758
4238.999672131147 0.9918659386179627
4249.011912568305 0.9954810770099792
4259.0241530054645 0.8271888533232913
4269.036393442622 0.9121822632272641
4279.048633879782 1.0242515533797778
4289.06087431694 1.0521935605347392
4299.073114754097 1.0637544718508756
4309.085355191257 1.176614573526643
4319.097595628415 1.0231218226322727
4329.109836065574 0.95853888156656
4339.122076502732 1.19710035774807
4349.13431693989 0.9597062700056487
4359.146557377049 1.4242892110713614
4369.158797814207 0.9464131048766711
4379.171038251367 1.1382037281114668
4389.183278688524 1.2584823950291846
4399.195519125682 1.4466578798719638
4409.207759562842 1.5076256825456598
4419.219999999999 1.3086800979099982
4429.232240437159 1.454340048954999
4439.244480874317 1.2008284692148372
4449.256721311474 1.2890604405949917
4459.268961748634 1.145584635661834
4469.281202185792 1.2712295236302016
4479.293442622951 1.3079646017699114
4489.305683060109 1.2702315948032386
4499.317923497267 1.4075315383167013
4509.330163934426 1.2410092261344379
4519.342404371584 1.1663340237243458
4529.354644808744 1.2734701562794202
4539.366885245901 1.4308039917153077
4549.379125683059 1.2891357559781584
4559.391366120219 1.3484842779137638
4569.403606557376 1.1523630201468649
4579.415846994536 1.177292411975146
4589.428087431694 1.1270947090943326
4599.440327868851 0.9326868762944831
4609.452568306011 1.3633967237808322
4619.464808743169 1.0855582752777255
4629.477049180328 1.2700809640369044
4639.489289617486 1.1565806816042177
4649.501530054644 1.0834494445490492
4659.513770491803 1.1194125400112973
4669.526010928961 0.9243456976087365
4679.538251366121 1.0930521559028432
4689.550491803278 1.145659951045001
4699.562732240436 1.043984183769535
4709.574972677596 0.8336283185840708
4719.5872131147535 1.0645452833741291
4729.599453551913 1.0662022218038034
4739.611693989071 0.8585577104123517
4749.6239344262285 0.9777819619657315
4759.636174863388 1.1545095085671249
4769.648415300546 1.1488231971380156
4779.660655737705 1.0864244021841463
4789.672896174863 1.046657879871964
4799.685136612021 1.1622669930333271
4809.69737704918 1.2649971756731313
4819.709617486338 1.2398418376953493
4829.721857923498 0.9846356618339296
4839.7340983606555 0.9596309546224817
4849.746338797813 0.9800790811523253
4859.758579234973 1.1407267934475618
4869.7708196721305 1.13308228205611
4879.78306010929 1.2348898512521185
4889.795300546448 1.176991150442478
4899.807540983606 1.2724910562982488
4909.819781420765 1.1221615514968932
4919.832021857923 1.269666729429486
4929.844262295082 1.3957070231594804
4939.85650273224 1.3956317077763134
4949.868743169398 1.384447373376012
4959.8809836065575 1.4304274147994729
4969.893224043715 1.5260779514215779
4979.905464480875 1.2650348333647148
4989.9177049180325 1.3626812276407456
4999.92994535519 1.316701186217285
5009.94218579235 1.3443984183769535
5019.954426229508 1.3564677085294672
5029.966666666666 1.4044059499152701
5039.978907103825 1.4582187911881002
5049.991147540983 1.2892110713613256
5060.003387978142 1.3739032197326304
5070.0156284153 1.3886650348333647
5080.027868852459 1.3392958011673883
5090.040109289617 1.278817548484278
5100.052349726775 1.2670306910186406
5110.064590163935 1.305855771041235
5120.076830601092 1.132705705140275
5130.089071038251 1.2836000753153831
5140.10131147541 1.28582187911881
5150.113551912567 1.3450197702880813
5160.125792349727 1.3153455093202788
5170.138032786885 1.3313123705516852
5180.150273224043 1.1989832423272453
5190.162513661202 1.239578233854265
5200.17475409836 1.3452833741291659
5210.186994535519 1.269742044812653
5220.199234972677 1.1354547166258708
5230.211475409835 1.3966108077574846
5240.223715846994 1.2721144793824137
5250.235956284152 1.1985313500282433
5260.248196721312 1.2431933722462813
5270.260437158469 1.2171719073620788
5280.272677595627 1.199472792317831
5290.284918032787 1.3062135191112785
5300.297158469944 1.1817736772735832
5310.309398907104 1.3194501977028807
5320.321639344262 1.2782150254189417
5330.3338797814195 1.2199209188476747
5340.346120218579 1.1806816042176616
5350.358360655737 1.0647712295236302
5360.370601092896 1.033553003200904
5370.382841530054 1.1318772359254377
5380.395081967212 1.2108077574844662
5390.407322404371 1.1511956317077763
5400.419562841529 1.3637733006966675
5410.431803278689 7.249105629824892e-28
5420.444043715846 1.038335530032009
5430.456284153004 1.341931839578234
5440.468524590164 1.0994539634720393
5450.4807650273215 1.0940689135755979
5460.493005464481 1.200150630766334
5470.505245901639 1.1474298625494257
5480.5174863387965 1.1620033891922426
5490.529726775956 1.1576727546601393
5500.541967213114 1.2094897382790435
5510.554207650273 1.0630766334023725
5520.566448087431 1.2031255884014311
5530.578688524589 1.1331952551308604
5540.590928961748 1.1275466013933346
5550.603169398906 1.2626247411033704
5560.615409836066 1.1957823385426474
5570.6276502732235 1.2902654867256638
5580.639890710382 1.127659574468085
5590.652131147541 1.219356053473922
5600.6643715846985 1.1946526077951423
5610.676612021858 1.2724533986066653
5620.688852459016 1.3206929015251365
5630.701092896174 1.1355300320090378
5640.713333333333 1.2352475993221617
5650.725573770491 1.1216343438147243
5660.73781420765 1.267143664093391
5670.750054644808 1.0513650913199022
5680.762295081966 1.195744680851064
5690.7745355191255 1.0140463189606477
5700.786775956283 0.8592732065524384
5710.799016393443 0.9219356053473922
5720.8112568306005 1.0710224063264921
5730.823497267758 1.139032197326304
5740.835737704918 1.012577668988891
5750.847978142076 1.219205422707588
5760.860218579235 1.1486725663716815
5770.872459016393 1.0961024289211072
5780.884699453551 1.0976087365844474
5790.89693989071 0.9896817925061193
5800.909180327868 0.9568819431368857
5810.9214207650275 1.0141216343438146
5820.933661202185 1.1555262662398795
5830.945901639343 1.100847298060629
5840.958142076503 1.0445113914517041
5850.97038251366 1.215627942007155
5860.98262295082 1.1535304085859537
5870.994863387978 1.0025230653360948
5881.007103825135 1.0395782338542647
5891.019344262295 1.1004330634532105
5901.031584699453 1.2741856524195065
5911.043825136611 1.0959141404631896
5921.05606557377 1.1761250235360572
5931.068306010928 1.1944266616456412
5941.080546448087 1.0740726793447561
5951.092786885245 1.0224439841837696
5961.105027322404 1.0570514027490114
5971.117267759562 1.116098663151949
5981.12950819672 1.1175484842779138
5991.14174863388 1.1356053473922048
6001.153989071037 1.0862737714178121
6011.166229508196 0.98689512332894
6021.178469945355 1.0655620410468838
6031.190710382512 1.038486160798343
6041.202950819672 1.0970815289022782
6051.21519125683 1.0506119374882321
6061.227431693988 1.110299378648089
6071.239672131147 1.1318395782338544
6081.251912568305 1.0178497458105817
6091.264153005464 1.0932027866691771
6101.276393442622 1.2001882884579176
6111.288633879781 1.1657879871963848
6121.300874316939 1.0999058557710413
6131.313114754097 1.1210318207493881
6141.325355191257 1.1097345132743364
6151.337595628414 1.0977217096591978
6161.349836065573 1.0681604217661458
6171.362076502732 1.1897947655808698
6181.3743169398895 1.1185840707964603
6191.386557377049 1.094370175108266
6201.398797814207 1.0407456222933535
6211.411038251365 1.1239691206929017
6221.423278688524 1.0771229523630201
6231.435519125682 1.1224251553379778
6241.447759562841 1.1173413669742045
6251.459999999999 1.1262474110337035
6261.472240437158 1.066089248729053
6271.484480874316 1.040933910751271
6281.496721311474 1.1829410657126718
6291.508961748634 1.0120504613067218
6301.5212021857915 1.1250988514404068
6311.53344262295 1.1267557898700808
6321.545683060109 1.0666164564112222
6331.5579234972665 1.0994916211636228
6341.570163934426 1.0996045942383732
6351.582404371584 1.0603276219167765
6361.5946448087425 1.1829787234042555
6371.606885245901 1.0361137262285822
6381.619125683059 1.1109395594050084
6391.631366120218 1.1074938806251178
6401.643606557376 1.1478817548484277
6411.655846994535 1.1296930898135944
6421.6680874316935 1.1212201092073057
6431.680327868851 1.1357936358501224
6441.692568306011 1.0294859725098853
6451.7048087431685 1.0135944266616457
6461.717049180327 1.0799849369233665
6471.729289617486 1.060666541141028
6481.741530054644 0.9535680662775372
6491.753770491803 0.9513086047825269
6501.766010928961 0.9706270005648653
6511.77825136612 1.0749011485595934
6521.790491803278 1.0694031255884013
6531.802732240436 1.0617209565053662
6541.8149726775955 1.0548295989455847
6551.827213114753 1.107324421012992
6561.839453551912 1.0906044059499151
6571.851693989071 1.034833364714743
6581.863934426228 1.0146111843344003
6591.876174863388 1.0498964413481453
6601.888415300546 1.1313500282432687
6611.900655737704 1.1062700056486536
6621.912896174863 1.0527207682169082
6631.925136612021 1.0201092073055922
6641.93737704918 1.11052532479759
6651.949617486338 1.0824326868762946
6661.961857923497 1.0850875541329317
6671.974098360655 1.0857089060440595
6681.986338797813 0.9962342308416493
6691.998579234973 1.051214460553568
6702.01081967213 0.9534174355112032
6712.023060109289 1.0083976652231217
6722.035300546448 0.9537186970438712
6732.047540983605 1.033553003200904
6742.059781420765 0.9254377706646583
6752.072021857923 0.9619280738090755
6762.084262295081 0.9393711165505555
6772.09650273224 0.9415929203539823
6782.108743169398 0.9393334588589719
6792.120983606557 0.9047260402937299
6802.133224043715 0.9643569949162116
6812.145464480874 0.9570702315948032
6822.157704918032 0.955563923931463
6832.16994535519 0.9111655055545096
6842.18218579235 0.9965354923743175
6852.194426229507 0.9028054980229712
6862.206666666666 0.9445678779890793
6872.218907103825 0.9664093391075127
6882.231147540982 0.9289775936735079
6892.243387978142 0.9541705893428734
6902.2556284153 0.9607230276784033
6912.2678688524575 0.9499152701939372
6922.280109289617 1.0
6932.292349726775 0.9672001506307664
6942.304590163934 0.9595368103935229
6952.316830601092 1.005723969120693
6962.32907103825 0.9595556392393148
6972.341311475409 0.9415929203539823
6982.353551912567 0.92728299755225
6992.365792349727 0.9545848239502919
7002.378032786884 1.005949915270194
7012.390273224042 1.02255695725852
7022.402513661202 0.9864808887215214
7032.4147540983595 1.0136697420448126
7042.426994535519 1.047787610619469
7052.439234972677 0.9887780079081153
7062.4514754098345 1.0083600075315384
7072.463715846994 1.0135379401242703
7082.475956284152 0.9786104311805686
7092.488196721311 0.9599698738467333
7102.500437158469 1.0150254189418189
7112.512677595627 1.0137450574279798
7122.524918032786 0.9606100546036528
7132.537158469944 1.0001129730747504
7142.549398907104 0.9792506119374883
7152.5616393442615 0.9652796083600075
7162.573879781419 0.8652984372057994
7172.586120218579 0.9689324044436076
7182.5983606557365 0.9428732818678215
7192.610601092895 0.9495010355865185
7202.622841530054 0.9722086236113726
7212.635081967212 0.9975899077386556
7222.647322404371 0.9226511014874789
7232.659562841529 0.9786480888721522
7242.671803278688 1.0233477687817738
7252.684043715846 1.006477122952363
7262.696284153004 0.9455469779702504
7272.7085245901635 0.9446055356806627
7282.720765027321 0.930483901336848
7292.73300546448 0.8947090943325174
7302.745245901639 0.9279231783091696
7312.757486338796 0.9218226322726417
7322.769726775956 0.9524759932216155
7332.781967213114 1.0013180192054227
7342.794207650272 0.9180568631142911
7352.806448087431 0.9034080210883074
7362.818688524589 0.9160610054603653
7372.830928961748 0.9258143475804934
7382.843169398906 0.9026925249482207
7392.855409836065 0.9412916588213142
7402.867650273223 0.9369610242892111
7412.879890710381 0.9040105441536433
7422.892131147541 0.9594050084729806
7432.904371584698 0.889173413669742
7442.916612021857 0.9018263980418001
7452.928852459016 0.9159856900771983
7462.941092896173 0.8866880060252307
7472.953333333333 0.8764074562229335
7482.965573770491 0.8534362643569949
7492.977814207649 0.9044247787610621
7502.990054644808 0.8832988137827151
7513.002295081966 0.716927132366786
7523.014535519125 0.7666352852570137
7533.026775956283 0.6980982865750329
7543.039016393442 0.9133873093579363
7553.0512568306 0.8643569949162117
7563.063497267758 0.9178685746563735
7573.075737704918 0.885445302202975
7583.087978142075 0.8799472792317832
7593.100218579234 0.8817548484277914
7603.112459016393 1.048239502918471
7613.124699453551 1.035059310864244
7623.13693989071 0.8702504236490302
7633.149180327868 0.8822067407267934
7643.161420765026 0.9358312935417059
7653.173661202185 1.0704951986443232
7663.185901639344 0.9233665976275655
7673.198142076502 0.8338542647335718
7683.21038251366 0.9258520052720768
7693.222622950819 0.9139898324232725
7703.234863387977 0.891545848239503
7713.247103825135 0.8552438335530032
7723.259344262294 0.9880625117680286
7733.271584699452 0.8311429109395595
7743.283825136611 0.8394276030879307
7753.29606557377 0.9321784974581059
7763.3083060109275 1.008002259461495
7773.320546448086 0.8656373564300508
7783.332786885245 0.8351346262474111
7793.345027322403 0.8701186217284881
7803.357267759562 0.9133873093579363
7813.36950819672 0.8287328186782151
7823.3817486338785 0.8048954999058557
7833.393989071037 0.911504424778761
7843.406229508196 0.8742233101110902
7853.418469945354 0.7815853888156655
7863.430710382512 0.8018075691960084
7873.442950819671 0.8584447373376012
7883.4551912568295 0.8770476369798531
7893.467431693988 0.8750517793259273
7903.479672131147 0.8680851063829788
7913.4919125683045 0.8508002259461495
7923.504153005463 0.8276030879307099
7933.516393442622 0.8430803991715309
7943.5286338797805 0.9049143287516476
7953.540874316939 0.8270005648653737
7963.553114754097 0.84146111843344
7973.565355191256 0.8381472415740916
7983.577595628414 0.901223874976464
7993.589836065573 0.8522688759179063
8003.6020765027315 0.8305780455658068
8013.614316939889 0.8283185840707964
8023.626557377048 0.8224439841837695
8033.638797814207 0.8637921295424591
8043.651038251365 0.8930898135944267
8053.663278688524 0.8595368103935228
8063.675519125682 0.8941065712671813
8073.68775956284 0.8916588213142534
8083.699999999999 0.9389945396347203
8093.712240437158 0.8694784409715685
8103.724480874316 0.935755978158539
8113.736721311474 0.9266428167953304
8123.748961748633 0.8657879871963848
8133.761202185791 0.8723404255319148
8143.77344262295 0.8411221992091884
8153.785683060109 0.9603464507625682
8163.797923497266 0.8912822443984184
8173.810163934425 0.8854641310487668
8183.822404371584 0.9260402937299944
8193.834644808743 0.9263038975710789
8203.846885245901 0.8827716061005461
8213.859125683059 0.870043306345321
8223.871366120216 0.9225381284127283
8233.883606557376 0.9279984936923367
8243.895846994536 0.8874788175484843
8253.908087431693 0.8865373752588968
8263.920327868851 0.8887591790623235
8273.932568306009 0.9607606853699869
8283.944808743168 0.8937299943513463
8293.957049180328 0.9178685746563735
8303.969289617486 0.9234419130107324
8313.981530054643 1.0640745622293355
8323.993770491801 0.9177556015816231
8334.00601092896 0.8898889098098287
8344.01825136612 0.8888344944454906
8354.030491803278 0.9418565241950668
8364.042732240436 0.8735454716625871
8374.054972677593 0.8774242138956883
8384.067213114753 0.8714742986254942
8394.079453551913 0.8008661269064207
8404.09169398907 0.838712106947844
8414.103934426228 0.8940689135755978
8424.116174863386 0.8836753906985503
8434.128415300545 0.87926944078328
8444.140655737705 0.8244398418376954
8454.152896174863 0.8485031067595556
8464.16513661202 0.8742609678026737
8474.177377049178 0.8547542835624177
8484.189617486338 0.8394652607795143
8494.201857923497 0.774844662022218
8504.214098360655 0.8723027678403314
8514.226338797813 0.8782903408021089
8524.23857923497 0.8771982677461871
8534.25081967213 0.8229711918659386
8544.26306010929 0.8727923178309169
8554.275300546447 0.8911692713236679
8564.287540983605 0.9455846356618339
8574.299781420763 0.8773112408209377
8584.312021857922 0.8907173790246657
8594.324262295082 0.9132366785916024
8604.33650273224 0.749011485595933
8614.348743169397 0.7752588966296367
8624.360983606555 0.949388062511768
8634.373224043715 0.7979288269629072
8644.385464480874 0.9331199397476935
8654.397704918032 0.8460176991150443
8664.40994535519 0.8196949726981736
8674.422185792348 0.786669177179439
8684.434426229507 0.8884579175296554
8694.446666666667 0.9234419130107324
8704.458907103824 0.7927697232159668
8714.471147540982 0.8432310299378648
8724.48338797814 0.849312747128601
8734.4956284153 0.8436076068537
8744.507868852459 0.8491432875164753
8754.520109289617 0.8215025418941819
8764.532349726775 0.7904349463377894
8774.544590163932 0.809527395970627
8784.556830601092 0.8859348521935605
8794.569071038251 0.8786669177179438
8804.58131147541 0.8990397288646206
8814.593551912567 0.8416870645829411
8824.605792349725 0.8036904537751836
8834.618032786884 0.938956881943137
8844.630273224044 0.8175484842779138
8854.642513661202 0.8534362643569949
8864.65475409836 0.8411033703633968
8874.666994535517 0.8743739408774243
8884.679234972677 0.8632272641687064
8894.691475409836 0.8446996799096216
8904.703715846994 0.9542835624176238
8914.715956284152 0.8331387685934852
8924.72819672131 0.8544530220297496
8934.740437158469 0.8926379212954246
8944.752677595628 0.8579175296554321
8954.764918032786 0.7599322161551497
8964.777158469944 0.8962154019958577
8974.789398907102 0.9298437205799285
8984.801639344261 0.7858407079646017
8994.81387978142 0.9107512709470909
