3507.3261111111115 1.68929395750725
3517.338333333333 0.7055808723442032
3527.3505555555557 0.7261999171450554
3537.3627777777783 2.051133337278807
3547.375 -0.0018934722140024859
3557.3872222222226 2.3085754867728
3567.3994444444443 0.9454696099899391
3577.411666666667 1.2372610522577974
3587.4238888888895 1.9237734509084454
3597.436111111111 0.7976563887080548
3607.4483333333337 1.2744274131502633
3617.4605555555554 2.3279872166656803
3627.472777777778 2.135645380836835
3637.4850000000006 1.1230514292477956
3647.4972222222223 1.2025803397052732
3657.509444444445 0.8702846659170268
3667.5216666666665 1.263774634550512
3677.533888888889 1.8881458247026102
3687.5461111111113 1.6676333076877554
3697.5583333333334 1.3727880688879686
3707.570555555556 1.377049180327869
3717.5827777777777 1.478960762265491
3727.5950000000003 2.0221341066461505
3737.6072222222224 1.474226193998935
3747.6194444444445 1.5670237320234364
3757.631666666667 2.9028821684322663
3767.643888888889 1.6887021364739303
3777.6561111111114 1.4973072142983963
3787.6683333333335 1.719240101793218
3797.6805555555557 2.1574243948629936
3807.6927777777782 2.345031662425283
3817.705 1.7269337752263716
3827.7172222222225 2.0381132745457777
3837.7294444444447 1.8841214416760372
3847.741666666667 1.6543765165413982
3857.7538888888894 2.3808960170444458
3867.766111111111 2.0867609634846422
3877.7783333333336 1.4090666982304552
3887.790555555556 1.5768479611765402
3897.802777777778 2.1360004734568268
3907.8150000000005 1.3328993312422324
3917.827222222222 0.8539030597147423
3927.839444444445 0.9194294845238801
3937.851666666667 1.3653311238681425
3947.863888888889 1.607385926495828
3957.8761111111116 1.3736166183346157
3967.8883333333333 1.5901047523228977
3977.900555555556 1.8864887258093155
3987.912777777778 2.020121915132864
3997.925 1.964194827484169
4007.9372222222228 1.9414097177013674
4017.9494444444445 1.956323607741019
4027.961666666667 1.9041249926022372
4037.973888888889 1.4247499556134227
4047.9861111111113 1.6578090785346513
4057.998333333334 2.107237971237498
4068.0105555555556 2.140971770136711
4078.022777777778 2.2586257915606325
4088.0350000000003 2.2299816535479673
4098.047222222222 1.8889743741492573
4108.059444444445 2.161448777889566
4118.071666666667 1.2655500976504706
4128.083888888889 1.6956264425637688
4138.096111111112 1.685624667100669
4148.108333333334 1.8870805468426348
4158.120555555555 1.8099070840977691
4168.132777777778 1.6584008995679707
4178.145 2.27129076167367
4188.157222222222 1.639344262295082
4198.169444444445 2.377226726637865
4208.181666666667 2.1164703793572825
4218.193888888889 1.88057051547612
4228.206111111112 1.8467183523702435
4238.218333333334 1.973959874533941
4248.230555555556 2.150795999289815
4258.2427777777775 1.56228916375688
4268.255 2.090548618097887
4278.267222222223 2.3019470911996214
4288.279444444444 2.250340297094159
4298.291666666667 2.0904302538912236
4308.30388888889 1.319879268509203
4318.316111111111 1.5395632360774103
4328.328333333334 1.522518790317808
4338.340555555556 1.8217435047641595
4348.352777777778 1.5345919393975263
4358.365 1.8589098656566256
4368.377222222222 1.5160087589512932
4378.389444444445 1.4886074451085993
4388.401666666667 1.6887021364739303
4398.413888888889 1.4575368408593243
4408.426111111112 1.3601230987749307
4418.4383333333335 1.7423211220926793
4428.450555555556 1.6717760549209921
4438.462777777779 1.6208794460555132
4448.475 1.8926436645558384
4458.487222222222 1.5029886962182637
4468.499444444445 1.5721133929099842
4478.511666666667 1.5529383914304316
4488.523888888889 1.703260933893591
4498.5361111111115 1.3095815825294432
4508.548333333334 1.3711309699946737
4518.560555555556 1.280937444516778
4528.572777777778 1.7001834645203293
4538.585000000001 1.7307214298396167
4548.597222222223 1.356808900988341
4558.609444444444 1.5090252707581229
4568.621666666667 1.8365390305971476
4578.6338888888895 1.8854234479493404
4588.646111111111 1.741610936852696
4598.658333333334 1.6038350002959108
4608.670555555556 1.6827839261407354
4618.682777777778 1.8215067763508317
4628.695000000001 1.6398769012250696
4638.707222222223 1.802331774871279
4648.719444444445 1.8206782269041843
4658.731666666667 1.6647925667278216
4668.743888888889 1.779960939811801
4678.756111111112 2.0835651299047173
4688.768333333333 1.9569154287743389
4698.780555555556 1.6611232763212407
4708.792777777779 2.0017754630999587
4718.805 1.6986447298336986
4728.817222222223 1.763745043498846
4738.829444444445 1.7323785287329112
4748.841666666667 1.49742557850506
4758.853888888889 1.5022785109782804
4768.866111111111 1.5593300585902823
4778.878333333334 1.5854885482630054
4788.890555555556 1.5659584541634612
4798.902777777778 1.2668521039237735
4808.915000000001 1.1537195951944132
4818.927222222223 1.352074332721785
4828.939444444445 1.7251583121264131
4838.951666666667 1.6179203408889153
4848.963888888889 1.7478842398058827
4858.976111111111 1.3892406936142512
4868.988333333334 1.3712493342013377
4879.000555555556 1.2717642185003257
4889.012777777778 1.3407113688820502
4899.025000000001 1.5440610759306388
4909.037222222223 1.2878025685032848
4919.049444444445 1.4601408534059301
4929.0616666666665 1.580990708409777
4939.073888888889 1.6749718885009175
4949.086111111112 1.4488962537728591
4959.098333333333 1.3376338995087886
4969.110555555556 1.3390542699887555
4979.1227777777785 1.4178848316269161
4989.135 1.3317156891755935
4999.147222222223 1.5042907024915666
5009.159444444445 1.2222287980114814
5019.171666666667 1.450316624252826
5029.183888888889 1.5928271290761675
5039.196111111111 1.3650943954548145
5049.208333333334 1.539799964490738
5059.220555555556 1.5263064449310528
5069.232777777778 1.3044919216428954
5079.245000000001 1.5406285139373854
5089.2572222222225 1.4232112209267918
5099.269444444445 1.4016689353139613
5109.281666666668 1.048919926614192
5119.293888888889 1.1348878499141861
5129.306111111111 1.1095815825294433
5139.318333333334 1.1400248564833997
5149.330555555556 1.2177309581582532
5159.342777777778 1.3141977865893355
5169.3550000000005 1.4203704799668582
5179.367222222223 1.554832218737054
5189.379444444445 1.3916079777475292
5199.391666666667 1.4841687873587028
5209.40388888889 1.4859442504586615
5219.416111111112 1.286027105403326
5229.428333333333 1.6626620110078714
5239.440555555556 1.5553056755637098
5249.4527777777785 1.368349411138072
5259.465 1.559685151210274
5269.477222222223 1.5145883884713263
5279.489444444445 1.4481860685328758
5289.501666666667 1.2841332780967036
5299.51388888889 1.5015683257382968
5309.526111111112 1.4171746463869328
5319.538333333334 1.3713676984080017
5329.550555555556 1.4049831331005505
5339.562777777778 1.3313605965556017
5349.575000000001 1.3742084393679352
5359.587222222222 1.387228502100965
5369.599444444445 1.3607149198082502
5379.611666666668 1.4011954784873057
5389.623888888889 1.182837190033734
5399.636111111112 1.4520920873527847
5409.648333333334 1.1469373261525715
5419.660555555556 1.2329999408178967
5429.672777777778 1.2434159910043205
5439.685 1.0081552938391432
5449.697222222223 1.1636740249748478
5459.709444444445 1.1393975261880809
5469.721666666667 1.3901876072675623
5479.73388888889 1.3241403799491034
5489.7461111111115 1.177688347043854
5499.758333333334 1.3405338225720542
5509.770555555557 1.3152630644493106
5519.782777777778 1.3317156891755935
5529.795 1.1170740368112684
5539.807222222223 1.4112564360537374
5549.819444444445 1.2408119784577145
5559.831666666667 1.1649641948274843
5569.8438888888895 1.1105284961827546
5579.856111111112 1.1588566017636268
5589.868333333334 1.191690832692194
5599.880555555556 1.2493342013375157
5609.892777777778 1.1738888560099427
5619.905000000001 1.0284310824406702
5629.917222222222 1.0242054802627687
5639.929444444445 0.9181866603539091
5649.9416666666675 1.001029768597976
5659.953888888889 1.204119074391904
5669.966111111112 1.1571521571876664
5679.978333333334 1.210274013138427
5689.990555555556 1.2256613600047348
5700.002777777779 1.0740131384269398
5710.015 1.2171391371249334
5720.027222222223 1.0127596614783692
5730.039444444445 1.20672308693851
5740.051666666667 1.1232881576611233
5750.06388888889 0.9926555009765048
5760.0761111111115 1.0470024264662365
5770.088333333334 1.2780967035568445
5780.100555555557 1.247558738237557
5790.112777777778 0.8931526306444931
5800.125000000001 1.0378055276084512
5810.137222222223 1.2237675326981123
5820.149444444445 1.1921642895188496
5830.161666666667 1.1062673847428537
5840.173888888889 1.0893768124519145
5850.186111111112 1.1673314789607623
5860.198333333334 1.2409303426643783
5870.210555555556 1.0793809551991478
5880.222777777778 1.3268627567023734
5890.235000000001 1.1394803811327454
5900.247222222223 1.0951529857371132
5910.259444444445 1.204119074391904
5920.271666666667 1.1348405042315204
5930.283888888889 1.1257501331597326
5940.296111111112 1.320944546369178
5950.308333333334 1.1888500917322604
5960.320555555556 1.1566905367816773
5970.332777777779 1.0286204651713324
5980.345 1.2231757116647926
5990.357222222223 1.1483340237912056
6000.369444444445 0.9368704503758064
6010.381666666667 1.122400426111144
6020.39388888889 1.03600639166716
6030.406111111111 1.0836834941113809
6040.418333333334 1.0154820382316387
6050.430555555557 1.0733502988696217
6060.442777777778 1.0240042611114402
6070.455000000001 1.0988696218263598
6080.4672222222225 0.9480026040125467
6090.479444444445 0.9643487009528319
6100.491666666668 1.093874652305143
6110.503888888889 1.068899804699059
6120.516111111112 0.946404687222584
6130.528333333334 1.0694561164703793
6140.540555555556 1.0949280937444519
6150.552777777779 1.0944072912351306
6160.5650000000005 1.021826359708824
6170.577222222223 1.065017458720483
6180.589444444445 0.9953127774161094
6190.601666666667 1.051251701485471
6200.61388888889 1.1339646091022075
6210.626111111112 0.9467834526839085
6220.638333333334 1.053346747943422
6230.650555555556 0.9881162336509441
6240.6627777777785 0.9617091791442268
6250.675000000001 1.1119015209800556
6260.687222222223 0.9405338225720543
6270.699444444445 0.9356690536781679
6280.711666666667 0.9044800852222289
6290.72388888889 0.8100964668284312
6300.736111111111 0.8768065337042079
6310.748333333334 0.9129312895780317
6320.7605555555565 0.7902822986328936
6330.772777777778 0.8590519027046222
6340.785000000001 0.8134698467183524
6350.797222222223 1.0467893708942417
6360.809444444445 0.8695744806770432
6370.821666666668 1.0389299875717584
6380.833888888889 0.9087767059241286
6390.846111111112 1.0472865005622303
6400.858333333334 1.0062851393738534
6410.870555555556 1.1590223116529563
6420.882777777779 1.0683079836657396
6430.895 1.0986447298336983
6440.907222222223 0.972018701544653
6450.919444444446 1.0350121323311832
6460.931666666667 1.018370124874238
6470.94388888889 1.0243593537314317
6480.956111111112 0.960927975380245
6490.968333333334 0.9579688702136476
6500.980555555556 0.9777830384091851
6510.992777777778 1.0257323785287331
6521.005000000001 1.0025685032846068
6531.017222222223 0.8990945138190212
6541.029444444445 0.9335384979582174
6551.041666666668 0.9644789015801624
6561.05388888889 0.8878144049239511
6571.066111111112 0.8912588033378707
6581.078333333334 0.9098538202047701
6591.090555555556 1.02485648339942
6601.102777777778 1.0
6611.115000000001 1.8765461324495474
6621.127222222223 0.9404154583653904
6631.139444444445 1.0392850801917501
6641.151666666668 0.9448067704326212
6651.16388888889 1.1152630644493107
6661.176111111112 0.9410782979227083
6671.188333333334 0.9535183760430846
6681.200555555556 0.8967390661064095
6691.212777777779 0.9510564005444755
6701.225 1.0181333964609103
6711.237222222223 0.8658104989051312
6721.2494444444455 0.8539385689767415
6731.261666666667 0.8162158963129551
6741.27388888889 0.9068592057761734
6751.2861111111115 0.8901639344262295
6761.298333333334 0.9206012901698527
6771.310555555557 0.9441557672959698
6781.322777777778 0.9349233591761852
6791.335000000001 0.8659288631117951
6801.347222222223 0.782055986269752
6811.359444444445 0.877504882523525
6821.371666666668 0.7415991004320294
6831.3838888888895 0.8729478605669646
6841.396111111112 0.8621885541812158
6851.408333333334 0.8996863348523407
6861.420555555556 0.9112150085814051
6871.432777777779 0.8723915487956443
6881.445000000001 0.9283659821270049
6891.457222222223 0.8702846659170268
6901.469444444445 0.8502574421494941
6911.4816666666675 0.7629875125761971
6921.49388888889 0.8357223175711666
6931.506111111112 0.7870036101083033
6941.518333333334 0.793785879150145
6951.530555555556 0.9068236965141742
6961.542777777779 0.8053500621412086
6971.555000000001 0.910031366514766
6981.567222222223 0.8026750310706042
6991.5794444444455 0.8443273953956325
7001.591666666667 0.8260105344143932
7011.60388888889 0.7821506776350832
7021.616111111112 0.7470675267799018
7031.628333333334 0.7965556015860805
7041.640555555557 0.8087826241344618
7051.652777777778 0.7644552287388294
7061.665000000001 0.7582766171509736
7071.6772222222235 0.8331301414452271
7081.689444444445 0.8502100964668284
7091.701666666668 0.6647097117831569
7101.713888888889 0.7831567733917264
7111.726111111112 0.7466650884772446
7121.738333333335 0.703420725572587
7131.750555555556 0.7838669586317097
7141.762777777779 0.7422145943066817
7151.775000000001 0.752074332721785
7161.787222222223 0.6926555009765047
7171.799444444445 0.7372788068887969
7181.811666666667 0.7903414807362255
7191.82388888889 0.7403917855240576
7201.836111111112 0.7073563354441618
7211.848333333334 0.703059714742262
7221.860555555557 0.6579629520033142
7231.8727777777785 0.6359827188258271
7241.885000000001 0.7818666035390899
7251.897222222223 0.7305379653192876
7261.909444444445 0.774232112209268
7271.921666666667 0.720400071018524
7281.93388888889 0.674746996508256
7291.946111111112 0.6936142510504825
7301.958333333334 0.6943125998697994
7311.9705555555565 0.7274190684736936
7321.982777777779 0.7273125406876961
7331.995000000001 0.5818784399597563
7342.007222222223 0.6866662721193112
7352.019444444445 0.7143161507959994
7362.031666666668 0.7070249156655029
7372.043888888889 0.7794638101438126
7382.056111111112 0.7529857371130971
7392.0683333333345 0.7372196247854649
7402.080555555556 0.7514114931644671
7412.092777777779 0.6208676096348464
7422.105000000001 0.724945256554418
7432.117222222223 0.7330532047108955
7442.129444444446 0.6229626560927976
7452.141666666667 0.6968692667337398
7462.15388888889 0.7820086405870865
7472.166111111112 0.7367343315381429
7482.178333333334 0.7153459193939753
7492.190555555557 0.6872462567319643
7502.2027777777785 0.6298455347103036
7512.215000000001 0.5006569213469847
7522.227222222224 1.8288453571639938
7532.239444444445 0.7515653666331302
7542.251666666668 0.6940758714564716
7552.26388888889 0.8026513582292716
7562.276111111112 0.7702432384446943
7572.288333333334 0.6603657453985916
7582.3005555555565 0.6287861750606617
7592.312777777779 0.7210274013138427
7602.325000000001 0.726401136296384
7612.337222222223 0.5992306326566846
7622.349444444445 0.6319938450612534
7632.361666666668 0.6598094336272712
7642.37388888889 0.6299816535479672
7652.386111111112 0.7593655678522815
7662.398333333334 0.5783630230218383
7672.410555555557 0.5897851689649051
7682.422777777779 0.5698526365627035
7692.435 0.6340178729952063
7702.447222222223 0.7108007338580814
7712.459444444446 0.7257738060010653
7722.471666666667 0.5494111380718472
7732.48388888889 0.5609753210629106
7742.496111111112 0.5428655974433332
7752.508333333334 0.6285376102266675
7762.520555555557 0.5790495354204889
7772.532777777779 0.5960229626560928
7782.545000000001 0.7074983724921584
7792.557222222223 0.6284192460200035
7802.569444444445 0.65886251997396
7812.581666666668 0.626099307569391
7822.5938888888895 0.6408356512990473
7832.606111111112 0.7168728176599397
7842.618333333335 0.7540510149730721
7852.630555555556 0.6555719950287033
7862.642777777779 0.7121264129727171
7872.655000000002 0.7515180209504646
7882.667222222223 0.7916316505888621
7892.679444444445 0.7837130851630467
7902.6916666666675 0.7317393620169261
7912.70388888889 0.7422264307273481
7922.716111111112 0.7725513404746406
7932.728333333334 0.7799372669704682
7942.740555555557 0.7723501213233119
7952.752777777779 0.7540865242350714
7962.765000000001 0.8668402675031072
7972.777222222224 0.734402556666864
7982.7894444444455 0.7365686216488134
7992.801666666667 0.7655560158608038
8002.81388888889 0.6893708942415814
8012.826111111112 0.6402793395277269
8022.838333333334 0.913759839024679
8032.850555555557 0.7086346688761319
8042.862777777779 0.6708646505296798
8052.875000000001 0.7160205953719595
8062.8872222222235 0.6864295437059833
8072.899444444446 0.6008167130259809
8082.911666666668 0.6266201100787122
8092.923888888889 0.5829792270817306
8102.936111111112 0.691874297212523
8112.948333333335 0.6374977806711252
8122.960555555556 0.6314552879209328
8132.972777777779 0.6866781085399776
8142.9850000000015 0.7462744865952536
8152.997222222223 0.6649109309344854
8163.009444444446 0.7329821861868971
8173.021666666668 0.7771201988518672
8183.03388888889 0.6685565484997337
8193.04611111111 0.7306030656329527
8203.058333333334 0.6530034917440966
8213.070555555558 0.6797656388708055
8223.082777777778 0.751375983902468
8233.095000000001 0.6000473456826656
8243.107222222225 0.5701130378173641
8253.119444444445 0.6103331952417589
8263.131666666668 0.6091850624371191
8273.14388888889 0.6584008995679707
8283.156111111111 0.6930461028584957
8293.168333333335 0.7483932058945375
8303.180555555557 0.6802390956974611
8313.192777777778 0.6481742321122093
8323.205000000002 0.5854412025803398
8333.217222222223 0.6455110374622715
8343.229444444445 0.7909333017695449
8353.241666666669 0.598934722140025
8363.253888888888 0.6329525951352312
8373.266111111112 0.6418831745280228
8383.278333333335 0.678475469018169
8393.290555555555 0.6178611587855832
8403.302777777779 0.6456649109309346
8413.315000000002 0.6811860093507723
8423.327222222222 0.5981535183760431
8433.339444444446 0.6752677990175772
8443.35166666667 0.5870627922116353
8453.363888888889 0.559803515416938
8463.376111111113 0.6087826241344618
8473.388333333334 0.6390483517784222
8483.400555555556 0.5161271231579571
8493.41277777778 0.6790909628928213
8503.425000000001 0.606758596200509
8513.437222222223 0.46945611647037944
8523.449444444446 0.6441971947683021
8533.461666666668 0.563898916967509
8543.47388888889 0.6529916553234303
8553.486111111113 0.652530034917441
8563.498333333333 0.6067112505178435
8573.510555555556 0.6090430253891224
8583.52277777778 0.6601408534059302
8593.535 0.5800082854944665
8603.547222222223 0.568231046931408
8613.559444444447 0.5935491507368172
8623.571666666667 0.5970172219920696
8633.58388888889 0.6086050778244659
8643.596111111114 0.5301177723856306
8653.608333333334 0.5357282357814996
8663.620555555557 0.549257264603184
8673.632777777779 0.6354855891578387
8683.645 0.6141918683790023
8693.657222222224 0.6315914067585963
8703.669444444446 0.5821625140557496
8713.681666666667 0.5906373912528852
8723.69388888889 0.46078002012191516
8733.706111111112 0.5864354619163166
8743.718333333334 0.5951589039474463
8753.730555555558 0.5949162573237853
8763.742777777778 0.7069775699828372
8773.755000000001 0.7047049772148903
8783.767222222225 0.6230928567201278
8793.779444444444 0.6353908977925076
8803.791666666668 0.6195656033615435
8813.803888888891 0.5182931881399065
8823.816111111111 0.5330176954488962
8833.828333333335 0.57671776054921
8843.840555555558 0.5953009409954431
8853.852777777778 0.5566668639403445
8863.865000000002 0.5569982837190034
8873.877222222223 0.5837130851630468
8883.889444444445 0.6519145410427887
8893.901666666668 0.6448837071669528
8903.91388888889 0.674474758832929
8913.926111111112 0.56271527490087
8923.938333333335 0.6662957921524532
8933.950555555557 0.5258566609457301
8943.962777777779 0.5273007042670297
8953.975000000002 0.5806474522104516
8963.987222222222 0.5438480203586435
8973.999444444446 0.4677043262117536
8984.011666666669 0.49815943658637635
8994.023888888889 0.5146712434159911
