3507.325928961749 -1.9925402881384886
3517.337786885246 1.9689653208814988
3527.3496448087435 2.421274414896646
3537.3615027322403 1.4652924093160982
3547.373360655738 0.25798075280451
3557.385218579235 0.09257445475770172
3567.3970765027325 -2.221001081942942
3577.4089344262293 3.369398098058197
3587.420792349727 0.5943852855759922
3597.432650273224 1.634189396959171
3607.4445081967215 2.5297534308980127
3617.456366120219 1.6364102272080177
3627.468224043716 0.009227264962131996
3637.4800819672137 -0.8932293149592848
3647.4919398907105 1.9547292295427368
3657.503797814208 -1.4053299925972327
3667.515655737705 -0.00971413928591766
3677.5275136612026 1.2296566254769092
3687.5393715846994 0.13483856272421843
3697.551229508197 1.288480154888674
3707.563087431694 2.967598656112978
3717.5749453551916 1.429588292238483
3727.5868032786884 1.0784693354592563
3737.598661202186 1.785547520072889
3747.610519125683 1.874437674392119
3757.6223770491806 1.8385627242184386
3767.6342349726774 0.6477136837309949
3777.646092896175 0.7812766926712602
3787.6579508196724 -0.22528329821764137
3797.6698087431696 -0.2903877911280679
3807.681666666667 -1.0689026820796081
3817.693524590164 0.2507886794601674
3827.705382513662 -0.5009338875918228
3837.7172404371586 0.567997266670463
3847.7290983606563 0.5202494163202551
3857.740956284153 -0.09903194578896418
3867.7528142076508 0.5720630943568134
3877.7646721311476 1.2776607254712147
3887.7765300546453 -0.30476054894368204
3897.788387978142 0.6297050281874609
3907.8002459016398 -0.5639314389841125
3917.8121038251365 -0.40949262570468653
3927.8239617486342 1.2183246967712544
3937.835819672131 0.93491259039918
3947.8476775956287 0.7387961961163944
3957.8595355191255 1.879391834178008
3967.8713934426232 1.2754968395877229
3977.8832513661205 1.4677979613917203
3987.8951092896177 2.2326177324753718
3997.906967213115 2.1493650703262914
4007.918825136612 1.346905073742953
4017.93068306011 2.8785376686976822
4027.9425409836067 1.5432777176698367
4037.9543989071044 2.9875861283525995
4047.966256830601 2.736575365867547
4057.978114754099 2.7755253117704006
4067.9899726775957 2.769603097773475
4078.0018306010934 2.2901315414839702
4088.01368852459 3.0467513239564945
4098.025546448088 3.0298388474460456
4108.037404371585 2.6463754911451516
4118.049262295082 2.3955925061215195
4128.061120218579 2.392745287853767
4138.072978142077 1.9545583964466715
4148.084836065575 2.1026706907351516
4158.096693989071 2.5828255794089174
4168.108551912568 2.8734126758157283
4178.120409836066 2.410284152383122
4188.132267759564 2.7950002847218265
4198.14412568306 2.9083195717783727
4208.155983606557 2.879904333466204
4218.167841530055 3.2503843744661465
4228.1796994535525 2.799897500142361
4238.191557377049 2.756278116280394
4248.203415300546 3.018791640567166
4258.215273224044 3.27208017766642
4268.2271311475415 2.9970388930015375
4278.238989071038 3.294971812539149
4288.250846994536 2.860998804168328
4298.262704918033 3.0040430499402087
4308.2745628415305 2.773760036444394
4318.286420765027 2.669893514036786
4328.298278688525 2.6234838562724216
4338.310136612023 2.483685439325779
4348.3219945355195 2.4310119013723592
4358.333852459016 2.315187062240191
4368.345710382514 2.4843118273446843
4378.357568306012 2.35487728489266
4388.3694262295085 2.2215705255964924
4398.381284153005 1.863675189340015
4408.393142076503 2.164569215876089
4418.405000000001 1.7676669893514037
4428.416857923497 1.9485792380843916
4438.428715846994 1.4029383292523203
4448.440573770492 1.7524628438016059
4458.45243169399 1.4523660383805022
4468.464289617486 1.5190478902112636
4478.476147540984 1.2216274699618475
4488.488005464481 1.120722054552702
4498.499863387979 1.6971129206764992
4508.511721311475 1.074369341153693
4518.523579234973 1.3319856500199307
4528.53543715847 1.4215021923580662
4538.547295081968 1.046181880302944
4548.559153005464 1.6281817664142133
4558.571010928962 1.4078924890382096
4568.58286885246 1.8820112749843403
4578.594726775957 1.9175445589658904
4588.606584699453 2.1221456636865783
4598.618442622951 2.1863219634417175
4608.630300546449 1.866066852684927
4618.642158469946 1.708729571208929
4628.654016393442 1.6254199646944936
4638.66587431694 1.9402084163771995
4648.677732240438 1.713512897898753
4658.689590163935 1.9388986959740333
4668.701448087432 2.23079551278401
4678.713306010929 2.616109560958943
4688.725163934427 2.370707818461363
4698.7370218579235 2.289049598542224
4708.748879781421 2.3877911280678776
4718.760737704918 2.426228574682535
4728.772595628416 2.2927509822903023
4738.7844535519125 2.4585160298388473
4748.79631147541 2.5037298559307555
4758.808169398908 2.345766186435852
4768.820027322405 2.2989579181140027
4778.8318852459015 2.282899607083879
4788.843743169399 1.9968680599054722
4798.855601092897 2.4123910939012583
4808.867459016394 1.7376857809919708
4818.8793169398905 2.0938443141051195
4828.891174863388 1.9038779112806787
4838.903032786886 1.7731336484254883
4848.914890710383 1.4905187631683845
4858.92674863388 1.640054666590741
4868.938606557377 1.5524172883093217
4878.950464480875 1.2491315984283355
4888.962322404372 1.698308752348955
4898.974180327869 1.5168840043277718
4908.986038251366 1.8203405273048232
4918.997896174864 1.4469563236717726
4929.009754098361 1.5271909344570356
4939.021612021858 1.2911280678776835
4949.033469945356 1.4037924947326461
4959.045327868853 1.4958145891464039
4969.05718579235 1.032059677694892
4979.069043715847 1.2696885143215078
4989.080901639345 1.2631968566710325
4999.092759562842 1.582256135755367
5009.104617486339 1.3410398041113831
5019.116475409836 1.2262399635556063
5029.128333333334 0.9559820055805478
5039.140191256831 1.2479357667558795
5049.1520491803285 1.1618928307044019
5059.163907103825 1.0218666362963384
5069.175765027323 1.1387164740048972
5079.18762295082 0.9849097431809123
5089.1994808743175 1.0326860657137975
5099.211338797814 1.2761801719719834
5109.223196721312 1.1150845623825523
5119.235054644809 0.937304253744092
5129.2469125683065 0.969363931438984
5139.258770491804 1.2536871476567393
5149.270628415301 1.4123341495359034
5159.282486338798 1.1530095097090143
5169.294344262295 1.2858037697169866
5179.306202185793 1.0868401571664483
5189.31806010929 1.1895108479016003
5199.329918032787 1.3045669381014746
5209.341775956284 1.3700814304424578
5219.353633879782 1.2087010990262512
5229.365491803279 1.520756221171915
5239.377349726777 1.295825978019475
5249.389207650273 1.31934400091111
5259.401065573771 1.5653436592449177
5269.412923497268 1.2610329707875407
5279.424781420766 1.714879562667274
5289.436639344262 1.6395421673025454
5299.44849726776 1.909914014008314
5309.460355191257 1.850748818404419
5319.472213114755 1.9246626046352715
5329.484071038252 1.8067308239849666
5339.495928961749 1.7280621832469678
5349.507786885246 1.7253003815272479
5359.519644808744 1.6535504811798871
5369.531502732241 1.5025909686236547
5379.543360655738 1.9672569899208472
5389.555218579235 1.7296850976595866
5399.567076502733 1.8559307556517282
5409.57893442623 1.4392688343488411
5419.590792349727 1.7665850464096577
5429.602650273225 2.4777632253288537
5439.6145081967215 1.9281362109219293
5449.626366120219 1.4376743921189
5459.638224043716 1.6183019190251124
5469.650081967214 1.325380103638745
5479.6619398907105 1.255623256078811
5489.673797814208 1.5921644553271452
5499.685655737705 1.3233301064859633
5509.697513661203 1.3371675872672397
5519.7093715847 1.5445589658903252
5529.721229508197 1.2788565571436707
5539.733087431694 1.3213939980638916
5549.744945355192 1.193041398553613
5559.7568032786885 1.4005466659074084
5569.768661202186 1.4549285348214795
5579.780519125684 1.2553954786173909
5589.792377049181 1.2326746768407266
5599.804234972678 1.2035761061442969
5609.816092896175 1.214338591196401
5619.827950819673 1.4502021524970103
5629.83980874317 1.6056033255509368
5639.851666666667 1.173851147428962
5649.863524590164 1.114742896190422
5659.875382513662 1.090997095837367
5669.887240437159 1.02955412561927
5679.899098360656 0.9612208871932122
5689.910956284153 1.0230624679687945
5699.922814207651 0.8657251864927965
5709.934672131148 1.0063777689197655
5719.946530054645 1.254313535675645
5729.958387978142 1.1688115710950402
5739.97024590164 1.1979386139741472
5749.982103825137 1.0442457718808724
5759.993961748634 1.2985023631911623
5770.005819672131 1.3459370195319174
5780.017677595629 1.4405216103866523
5790.0295355191265 1.4896076533227036
5800.041393442623 1.558567279767667
5810.053251366121 1.5068048516599284
5820.065109289618 1.5457547975627812
5830.0769672131155 1.6073686008769434
5840.088825136612 1.3965605603325553
5850.10068306011 1.2684926826490517
5860.112540983607 1.3431182734468423
5870.1243989071045 1.7092420704971243
5880.136256830601 1.4729229542736746
5890.148114754099 0.8799612778315585
5900.159972677596 1.4963270884345994
5910.1718306010935 1.3225898297363476
5920.18368852459 1.5130687318489835
5930.195546448088 1.4722965662547691
5940.207404371585 1.3641592164455327
5950.219262295082 1.3071009623597745
5960.231120218579 1.4155799783611411
5970.242978142077 1.3933716758726724
5980.254836065575 1.3959341723136496
5990.266693989071 1.2479642389385572
6000.278551912569 1.2937190365013382
6010.290409836066 1.2242469107681795
6020.302267759564 1.1701497636808837
6030.31412568306 1.1211206651101875
6040.325983606558 1.252206594157508
6050.337841530055 1.1912761232276068
6060.349699453553 1.1594442229941346
6070.361557377049 1.2772051705483742
6080.373415300547 1.1554581174192815
6090.385273224044 1.2796537782586412
6100.397131147542 1.1385456409088321
6110.408989071038 1.291270428791071
6120.420846994536 1.1927566767268378
6130.432704918033 1.2171858094641537
6140.444562841531 1.2850634929673708
6150.456420765027 1.1375775866977962
6160.468278688525 1.2996412504982633
6170.480136612023 1.3006662490746541
6180.49199453552 1.1464039633278287
6190.503852459017 1.095780422527191
6200.515710382514 0.997608336655088
6210.527568306012 1.0243152440066055
6220.5394262295085 0.9328056488810431
6230.551284153006 1.0
6240.563142076503 0.8770571151984511
6250.575000000001 0.9310403735550368
6260.5868579234975 0.7869711292067649
6270.598715846995 0.7760378110585957
6280.610573770492 0.6634588007516656
6290.62243169399 0.6707476795171118
6300.6342896174865 0.47219976083366555
6310.646147540984 0.5922783440578555
6320.658005464481 0.4721883719605945
6330.669863387979 0.6126074824896077
6340.6817213114755 0.6671601844997438
6350.693579234973 0.5131484539604806
6360.705437158471 0.4923694550424236
6370.717295081968 0.4995729172598371
6380.729153005465 0.5210238596890837
6390.741010928962 0.5267182962245885
6400.75286885246 0.5500199305278742
6410.764726775957 0.5829964125049827
6420.776584699454 0.5696144866465463
6430.788442622951 0.6762712829565515
6440.800300546449 0.6893115426228574
6450.812158469946 0.7458572974204203
6460.824016393443 0.8223905244576049
6470.83587431694 0.9357098115141507
6480.847732240438 1.111155401173054
6490.859590163935 0.9126473435453561
6500.871448087432 1.0310916234838563
6510.883306010929 1.0681624053299925
6520.895163934427 1.1161665053242982
6530.907021857924 0.988098627640795
6540.918879781421 1.0420249416320255
6550.930737704918 1.1750469791014178
6560.942595628416 1.321849552986732
6570.9544535519135 1.2676385171687263
6580.96631147541 1.3012356927282045
6590.978169398908 1.2412163316439837
6600.990027322405 1.3494675701839305
6611.0018852459025 1.1762428107738738
6621.013743169399 1.2979898639029668
6631.025601092897 1.1613233870508515
6641.037459016394 1.0341381470303515
6651.0493169398915 1.2499857639086613
6661.061174863388 1.1717442059108252
6671.073032786886 1.2037469392403621
6681.084890710383 1.2858607140823417
6691.09674863388 1.0996526393713342
6701.108606557377 1.2667843516884005
6711.120464480875 1.0907693183759466
6721.132322404372 1.0883207106656796
6731.144180327869 1.1576220033027733
6741.156038251366 1.2134844257160753
6751.167896174864 1.139684528215933
6761.179754098362 1.1015887477934059
6771.191612021858 1.0021638858834918
6781.203469945356 1.0452138260919082
6791.215327868853 1.1599567222823302
6801.227185792351 1.2232219121917887
6811.239043715847 0.9202209441375776
6821.250901639345 1.0245999658333806
6831.262759562842 0.9513125676214339
6841.27461748634 1.024656910198736
6851.286475409836 1.1085359603667218
6861.298333333334 0.8455668811571095
6871.310191256831 0.9759694778201697
6881.322049180329 1.0154319230112179
6891.333907103825 0.9997152781732248
6901.345765027323 1.0116166505324298
6911.35762295082 0.9396389727236489
6921.369480874318 1.065258242696885
6931.381338797814 0.9185126131769261
6941.393196721312 0.9809805819714139
6951.405054644809 0.8611696372643927
6961.4169125683065 0.9524514549285349
6971.428770491804 0.7453447981322248
6981.440628415301 0.9419167473378509
6991.452486338799 0.8161266442685496
7001.4643442622955 0.7353225898297363
7011.476202185793 0.7027504128466489
7021.48806010929 0.808382210580263
7031.499918032788 0.8945390353624508
7041.5117759562845 0.8219349695347645
7051.523633879782 0.8952793121120666
7061.535491803279 1.0219235806616935
7071.547349726777 0.8238710779568362
7081.5592076502735 0.7103809578042253
7091.571065573771 0.7838961334775925
7101.582923497268 0.7697739308695404
7111.594781420766 0.8135641478275725
7121.6066393442625 0.740732304538466
7131.61849726776 0.7417573031148568
7141.630355191257 0.8332099538750641
7151.642213114755 0.7872558510335402
7161.654071038252 0.8157849780764194
7171.665928961749 0.6977962530607597
7181.677786885247 0.7399920277888503
7191.689644808744 0.764364216160811
7201.701502732241 0.6972268094072092
7211.713360655738 0.7729628153294231
7221.725218579236 0.7078184613632482
7231.737076502733 0.691133762314219
7241.74893442623 0.542617163031718
7251.760792349727 0.6786060019361084
7261.772650273225 0.6643699105973464
7271.784508196722 0.6498490974318091
7281.796366120219 0.6948351460622971
7291.808224043716 0.7547975627811627
7301.820081967214 0.6647115767894767
7311.831939890711 0.6955184784465578
7321.843797814208 0.6969990319457889
7331.855655737705 0.8274016286088492
7341.867513661203 0.6500199305278742
7351.8793715847005 0.7830419679972667
7361.891229508197 0.6239394111952622
7371.903087431695 0.6278685724047606
7381.914945355192 0.6512157622003303
7391.9268032786895 0.7128865098798474
7401.938661202186 0.6204658049086043
7411.950519125684 0.5564888104322077
7421.962377049181 0.8333807869711293
7431.9742349726785 0.7166733101759581
7441.986092896175 0.5494960423666079
7451.997950819673 0.743237856614088
7462.00980874317 0.7976197255281591
7472.021666666667 0.6351005068048516
7482.033524590164 0.780023916633449
7492.045382513662 0.6170491429873014
7502.057240437159 0.6821934969534764
7512.069098360656 0.6466602129719264
7522.080956284153 0.7685211548317293
7532.092814207651 0.56920448721599
7542.104672131149 0.622401913330676
7552.116530054645 0.601104720687888
7562.128387978143 0.5064489493764592
7572.14024590164 0.7071920733443425
7582.152103825138 0.7377142531746484
7592.163961748634 0.5434542452024372
7602.175819672132 0.45752519788166957
7612.187677595629 0.39222709412903595
7622.199535519126 0.6997323614828312
7632.211393442623 0.3454416035533284
7642.223251366121 0.5099367917544558
7652.235109289618 0.7699447639656056
7662.246967213116 0.4170833096065144
7672.258825136613 0.5464267410739707
7682.27068306011 0.4950458402141108
7692.282540983607 0.4668526849268264
7702.294398907105 0.5829394681396276
7712.306256830602 0.33279426000797224
7722.318114754099 0.5318603724161495
7732.329972677596 0.4876601560275611
7742.3418306010935 0.47734183702522637
7752.353688524591 0.35036159672000455
7762.365546448088 0.6200671943511189
7772.377404371585 0.4964523660383805
7782.3892622950825 0.4724047605489437
7792.40112021858 0.43757189226126075
7802.412978142077 0.5321621775525311
7812.424836065574 0.5158362280052389
7822.4366939890715 0.6939525083992939
7832.448551912569 0.5421046637435226
7842.460409836066 0.701839303000968
7852.472267759564 0.4962872273788509
7862.484125683061 0.5990547235351062
7872.495983606558 0.7368600876943227
7882.507841530055 0.626103297078754
7892.519699453553 0.43212801093331815
7902.53155737705 0.5171060873526564
7912.543415300547 0.5852741871191846
7922.555273224044 0.6640851887705711
7932.567131147542 0.7854336313421787
7942.578989071039 0.6019019418028586
7952.590846994536 0.6090484596549172
7962.602704918033 0.7046865212687204
7972.614562841531 0.5381014748590627
7982.626420765028 0.512385399464723
7992.638278688525 0.5973463925744548
8002.650136612022 0.6210921929275098
8012.66199453552 0.5334092591538068
8022.673852459017 0.5855589089459597
8032.685710382514 0.6617504697910142
8042.697568306012 0.5423609133876203
8052.7094262295095 0.4224417743864245
8062.721284153006 0.6880018222196913
8072.733142076503 0.5974602813051648
8082.745000000001 0.4221428164683105
8092.7568579234985 0.47485906269574624
8102.768715846995 0.3999943055634645
8112.780573770492 0.570354763396162
8122.79243169399 0.5556745060076306
8132.8042896174875 0.43105745686464325
8142.816147540984 0.6137463697967087
8152.828005464481 0.6321393998063892
8162.839863387979 0.6077102670690735
8172.8517213114765 0.5825978019474972
8182.863579234973 0.41567678378224476
8192.87543715847 0.5000911109845682
8202.887295081968 0.4395421673025454
8212.899153005466 0.2876345310631513
8222.911010928961 0.5358009224987187
8232.92286885246 0.41624622743579526
8242.934726775959 0.6946073686008769
8252.946584699454 0.4228859404361939
8262.958442622952 0.3989180570582541
8272.970300546449 0.41971413928591766
8282.982158469946 0.12076191560845055
8292.994016393444 0.2607596378338363
8303.00587431694 0.4542964523660384
8313.017732240438 0.23050509652069925
8323.029590163937 0.44731507317350944
8333.041448087431 0.2778657251864928
8343.05330601093 0.30244860771026705
8353.065163934427 0.407647628267183
8363.077021857924 0.25567450600763053
8373.088879781422 0.4140083138773418
8383.100737704917 0.20440179944194523
8393.112595628416 0.12117760947554239
8403.124453551914 0.33204259438528555
8413.13631147541 0.22019816639143555
8423.148169398908 0.29650931040373557
8433.160027322405 0.4670804623882467
8443.171885245902 0.20903707078184616
8453.1837431694 0.35950686179602526
8463.195601092897 0.29533625647742157
8473.207459016394 0.13550196458060476
8483.219316939892 0.22961676442116052
8493.231174863387 0.33295939866750185
8503.243032786886 0.1475941005637492
8513.254890710385 0.24943340356471727
8523.26674863388 0.31974830590513065
8533.278606557378 0.3936507032629121
8543.290464480875 0.3944536188144183
8553.302322404372 0.252035761061443
8563.31418032787 0.3273105176242811
8573.326038251365 0.2830704401799442
8583.337896174864 0.26671032401343886
8593.349754098363 0.3192016399977222
8603.361612021858 0.42922954273674624
8613.373469945356 0.2784294744035078
8623.385327868853 0.27931780650304655
8633.39718579235 0.48859973805591933
8643.409043715848 0.3463982688912932
8653.420901639345 0.24133591481122943
8663.432759562842 0.4427082740162861
8673.44461748634 0.25824839132167876
8683.456475409836 0.4167928933432037
8693.468333333334 0.4517567336712032
8703.480191256833 0.3091395706394852
8713.492049180328 0.42169010876373786
8723.503907103826 0.4790615568589488
8733.515765027323 0.41480838221058025
8743.52762295082 0.4825750242013553
8753.539480874319 0.48409543875633504
8763.551338797814 -0.011604692215705257
8773.563196721312 0.4470588235294118
8783.57505464481 0.5930186208074711
8793.586912568306 0.7620294971812539
8803.598770491804 0.5120266499629862
8813.610628415301 0.44536757587836684
8823.622486338798 0.4705369853652981
8833.634344262297 0.4040373555036729
8843.646202185793 0.4334548146460908
8853.65806010929 0.4611354706451796
8863.669918032789 0.5480069472125734
8873.681775956284 0.6089630431068845
8883.693633879782 0.41175901144581745
8893.70549180328 0.4475542395080007
8903.717349726776 0.7079323500939583
8913.729207650274 0.5924491771539206
8923.741065573771 0.5688115710950401
8933.752923497268 0.5182905301520415
8943.764781420767 0.43964466716018447
8953.776639344262 0.26857240476054894
8963.78849726776 0.6771254484368772
8973.800355191259 0.6235977450031319
8983.812213114754 0.47485906269574624
8993.824071038252 0.4688685154603952
