3508.1061202185792 -0.6422118254416391
3518.118360655738 1.3471001048640798
3528.130601092896 0.3029261111559248
3538.1428415300543 0.2937605872388481
3548.155081967213 0.3330745341614907
3558.1673224043716 0.1862547390497701
3568.1795628415302 0.8074735823183027
3578.1918032786884 1.445914334113092
3588.2040437158466 0.5116963781560054
3598.2162841530053 0.4222190852625635
3608.228524590164 0.4989009437767202
3618.2407650273226 0.5239069936274905
3628.253005464481 0.9323425022182785
3638.265245901639 0.10097503428248768
3648.2774863387976 0.2978442365088328
3658.2897267759563 0.6387129950794547
3668.3019672131145 0.36943413729128016
3678.314207650273 0.9800758247963217
3688.3264480874313 0.7770629991126886
3698.33868852459 0.7234512382027909
3708.3509289617487 0.520488827942244
3718.363169398907 0.7033455674760022
3728.3754098360655 0.6585766717754296
3738.3876502732237 0.6507622811970638
3748.3998907103824 0.6040977655884487
3758.412131147541 0.49269984673711376
3768.424371584699 0.6098652899895136
3778.436612021858 0.6624032023876745
3788.448852459016 0.6473037831733484
3798.4610928961747 0.41357788174558363
3808.4733333333334 0.5059187706703234
3818.4855737704916 0.36831491489876583
3828.49781420765 0.40101435831249493
3838.5100546448084 0.35054851980317814
3848.522295081967 0.6120835686053078
3858.5345355191257 0.5960615471485037
3868.546775956284 0.5633520206501573
3878.5590163934426 0.468863434701944
3888.5712568306008 0.3529482939420827
3898.5834972677594 0.3350709849157054
3908.595737704918 0.6707368718238284
3918.6079781420763 0.3465505767524401
3928.620218579235 0.5615168992498185
3938.632459016393 0.5762886182140841
3948.6446994535518 0.6564390578365733
3958.6569398907104 0.5974429297410664
3968.6691803278686 0.553097523594418
3978.6814207650273 0.8010809066709687
3988.6936612021855 0.8454565620714689
3998.705901639344 0.8784181656852463
4008.7181420765028 0.9460655803823506
4018.730382513661 1.0890739695087521
4028.7426229508196 0.9315358554488988
4038.754863387978 1.166713721061547
4048.7671038251365 1.103039041703638
4058.779344262295 1.0773775913527466
4068.7915846994533 0.7287650237960797
4078.803825136612 0.8099943534726143
4088.81606557377 1.024138904573687
4098.828306010929 0.7465818343147537
4108.8405464480875 0.7417419536984754
4118.852786885245 0.8513350004033234
4128.865027322405 1.1752843429862063
4138.8772677595625 1.0513632330402516
4148.88950819672 1.0430951036541098
4158.90174863388 1.2180366217633298
4168.913989071038 1.1158949745906268
4178.926229508197 1.2339678954585787
4188.938469945355 1.118566992014197
4198.950710382513 1.1351536662095667
4208.962950819672 1.272989432927321
4218.97519125683 1.1803258852948293
4228.9874316939895 1.1599580543679924
4238.999672131147 1.0212148100346858
4249.011912568305 1.0957288053561345
4259.0241530054645 1.156428974751956
4269.036393442622 1.0952246511252723
4279.048633879782 1.1221464870533193
4289.06087431694 1.1271880293619425
4299.073114754097 1.169536984754376
4309.085355191257 1.1948455271436638
4319.097595628415 1.122751472130354
4329.109836065574 1.072235218197951
4339.122076502732 1.0418851335000403
4349.13431693989 1.0283738001129306
4359.146557377049 1.051665725578769
4369.158797814207 0.9757300153262887
4379.171038251367 1.030894571267242
4389.183278688524 1.0457167056545937
4399.195519125682 1.0036198273775914
4409.207759562842 1.027768815035896
4419.219999999999 0.9019016697588126
4429.232240437159 0.9017907558280229
4439.244480874317 0.8951661692344922
4449.256721311474 0.8492377188029362
4459.268961748634 0.762583689602323
4469.281202185792 1.0018300798580302
4479.293442622951 0.987133984028394
4489.305683060109 0.889953214487376
4499.317923497267 0.9923771880293619
4509.330163934426 1.050354924578527
4519.342404371584 1.0608413325804629
4529.354644808744 1.0283738001129306
4539.366885245901 0.9486871823828346
4549.379125683059 1.0303904170363798
4559.391366120219 1.0425909494232477
4569.403606557376 1.0305920787287246
4579.415846994536 1.1094418004355893
4589.428087431694 1.2017020246833912
4599.440327868851 1.13671654432524
4609.452568306011 1.0613454868113255
4619.464808743169 1.1758893280632412
4629.477049180328 1.1904089699120755
4639.489289617486 1.171956925062515
4649.501530054644 1.1086351536662096
4659.513770491803 1.2405219004597887
4669.526010928961 1.2321529402274745
4679.538251366121 1.1641929499072354
4689.550491803278 1.0843349197386465
4699.562732240436 1.2594780995402113
4709.574972677596 1.1296079696700814
4719.5872131147535 1.260284746309591
4729.599453551913 1.2221706864564006
4739.611693989071 1.1718056787932565
4749.6239344262285 1.2792409453900138
4759.636174863388 1.2050294426070824
4769.648415300546 1.1693353230620311
4779.660655737705 1.157739775752198
4789.672896174863 1.1758893280632412
4799.685136612021 1.089275631201097
4809.69737704918 1.1554206662902315
4819.709617486338 1.1258772283617005
4829.721857923498 1.1172057755908686
4839.7340983606555 1.1087359845123819
4849.746338797813 1.1374727756715335
4859.758579234973 1.1264822134387351
4869.7708196721305 1.1364644672098088
4879.78306010929 1.1280955069774945
4889.795300546448 1.1183149148987657
4899.807540983606 1.0886706461240623
4909.819781420765 1.1357586512866016
4919.832021857923 1.112466725820763
4929.844262295082 1.0830241187384044
4939.85650273224 1.1267847059772524
4949.868743169398 1.1161974671291441
4959.8809836065575 1.1058118899733806
4969.893224043715 1.1405985319028797
4979.905464480875 1.070016939582157
4989.9177049180325 1.0376502379607968
4999.92994535519 1.0289787851899652
5009.94218579235 1.006059933854965
5019.954426229508 1.0097200935710253
5029.966666666666 0.891758086633863
5039.978907103825 0.9840989755586029
5049.991147540983 1.068706138581915
5060.003387978142 0.9979027183996129
5070.0156284153 1.10742518351214
5080.027868852459 1.0627571186577398
5090.040109289617 1.0067657497781721
5100.052349726775 1.0741510042752278
5110.064590163935 1.060639670888118
5120.076830601092 1.106316044204243
5130.089071038251 1.0527748648866662
5140.10131147541 1.1069210292812777
5150.113551912567 1.1273896910542873
5160.125792349727 1.0943171735097201
5170.138032786885 1.066992014196983
5180.150273224043 1.0795958699685406
5190.162513661202 1.017988222957167
5200.17475409836 1.018895700572719
5210.186994535519 1.1322295716705655
5220.199234972677 1.1641929499072354
5230.211475409835 1.2002903928369768
5240.223715846994 1.1853674276034525
5250.235956284152 1.170847785754618
5260.248196721312 1.1206340243607325
5270.260437158469 1.1688311688311688
5280.272677595627 1.125978059207873
5290.284918032787 1.1139287730902636
5300.297158469944 1.1136766959748325
5310.309398907104 1.0911914172783739
5320.321639344262 1.056707267887392
5330.3338797814195 1.0497499395014922
5340.346120218579 1.0839315963539566
5350.358360655737 0.8808179398241509
5360.370601092896 1.024743889650722
5370.382841530054 1.061244655965153
5380.395081967212 1.0512624021940793
5390.407322404371 1.0735460191981931
5400.419562841529 1.1260788900540455
5410.431803278689 7.508873114463177e-28
5420.444043715846 0.8600770347664758
5430.456284153004 1.0708235863515365
5440.468524590164 1.0273654916512058
5450.4807650273215 0.9595365814309913
5460.493005464481 1.056908929579737
5470.505245901639 1.1093409695894167
5480.5174863387965 1.1044002581269663
5490.529726775956 1.1329353875937727
5500.541967213114 1.138682745825603
5510.554207650273 1.0174840687263047
5520.566448087431 1.1079293377430022
5530.578688524589 1.0954263128176172
5540.590928961748 1.1340445269016697
5550.603169398906 1.1084334919738648
5560.615409836066 1.1432201339033636
5570.6276502732235 1.1245664273614584
5580.639890710382 1.0265588448818264
5590.652131147541 1.0354319593450028
5600.6643715846985 1.088368153585545
5610.676612021858 1.1189198999758005
5620.688852459016 1.0392635314995562
5630.701092896174 1.092804710817133
5640.713333333333 1.1169032830523513
5650.725573770491 1.1402960393643624
5660.73781420765 1.1007703476647577
5670.750054644808 1.1075260143583125
5680.762295081966 1.0899814471243041
5690.7745355191255 1.1111559248205212
5700.786775956283 1.1037952730499314
5710.799016393443 1.1599580543679924
5720.8112568306005 1.0731426958135033
5730.823497267758 1.113777526821005
5740.835737704918 1.1567314672904734
5750.847978142076 1.1325320642090828
5760.860218579235 1.1247680890538032
5770.872459016393 1.1790150842945875
5780.884699453551 1.1239614422844235
5790.89693989071 1.0654795515043962
5800.909180327868 1.1484633379043316
5810.9214207650275 1.116600790513834
5820.933661202185 1.1803258852948293
5830.945901639343 1.14019520851819
5840.958142076503 1.0964850367024281
5850.97038251366 1.1556223279825764
5860.98262295082 1.1298096313624264
5870.994863387978 1.1463458901347099
5881.007103825135 1.1312212632088408
5891.019344262295 1.143522626441881
5901.031584699453 1.115289989513592
5911.043825136611 1.0947204968944098
5921.05606557377 1.0991570541259983
5931.068306010928 1.1333387109784625
5941.080546448087 1.0743526659675728
5951.092786885245 1.086654029200613
5961.105027322404 1.0865531983544405
5971.117267759562 1.0732435266596756
5981.12950819672 1.074856820198435
5991.14174863388 1.1143825118980397
6001.153989071037 1.1537065419052996
6011.166229508196 1.1226506412841817
6021.178469945355 1.0937121884326853
6031.190710382512 1.1364644672098088
6041.202950819672 1.1350528353633942
6051.21519125683 1.0813099943534725
6061.227431693988 1.0275671533435509
6071.239672131147 1.124263934822941
6081.251912568305 1.1017786561264822
6091.264153005464 1.0211139791885133
6101.276393442622 1.0005949019924174
6111.288633879781 1.1001149471646365
6121.300874316939 1.0588247156570139
6131.313114754097 1.072033556505606
6141.325355191257 1.093208034201823
6151.337595628414 1.1064168750504155
6161.349836065573 1.0962329595869968
6171.362076502732 1.0290796160361377
6181.3743169398895 1.0714285714285714
6191.386557377049 1.066992014196983
6201.398797814207 1.087964830200855
6211.411038251365 1.0509599096555617
6221.423278688524 1.017988222957167
6231.435519125682 1.016677421956925
6241.447759562841 1.0431959345002821
6251.459999999999 1.029331693151569
6261.472240437158 0.9824453496813745
6271.484480874316 1.0070783254013067
6281.496721311474 1.050354924578527
6291.508961748634 0.9681475356941195
6301.5212021857915 0.929367992256191
6311.53344262295 0.9369403888037428
6321.545683060109 0.972432846656449
6331.5579234972665 0.9791582640961523
6341.570163934426 0.9854299427280793
6351.582404371584 0.9938190691296281
6361.5946448087425 0.977837380011293
6371.606885245901 0.9810236347503428
6381.619125683059 0.9922763571831894
6391.631366120218 1.0030702992659515
6401.643606557376 0.9983060417843026
6411.655846994535 1.0196015164959265
6421.6680874316935 1.0272646608050333
6431.680327868851 1.0084092925707833
6441.692568306011 0.9887472775671533
6451.7048087431685 1.051867387271114
6461.717049180327 1.0392635314995562
6471.729289617486 0.9469730579979028
6481.741530054644 1.017786561264822
6491.753770491803 1.0418851335000403
6501.766010928961 1.0471283375010083
6511.77825136612 1.0318020488827941
6521.790491803278 1.0331632653061225
6531.802732240436 1.0943171735097201
6541.8149726775955 1.0427926111155925
6551.827213114753 1.0618496410421876
6561.839453551912 1.0655803823505687
6571.851693989071 1.0642695813503267
6581.863934426228 1.0220214568040655
6591.876174863388 1.0784867306606436
6601.888415300546 1.0898806162781318
6611.900655737704 1.0452125514237316
6621.912896174863 1.0732435266596756
6631.925136612021 1.0924013874324434
6641.93737704918 1.0765709445833669
6651.949617486338 1.0578164071952891
6661.961857923497 1.0551948051948052
6671.974098360655 1.0780834072759538
6681.986338797813 1.071126078890054
6691.998579234973 1.0639670888118093
6702.01081967213 1.0858473824312334
6712.023060109289 1.0891748003549244
6722.035300546448 1.0006654835847382
6732.047540983605 1.0772767605065743
6742.059781420765 1.0798983625070582
6752.072021857923 1.0755626361216424
6762.084262295081 1.0765709445833669
6772.09650273224 1.0846374122771638
6782.108743169398 0.9946862144067113
6792.120983606557 0.9547067838993304
6802.133224043715 1.0344236508832783
6812.145464480874 1.0509599096555617
6822.157704918032 1.017988222957167
6832.16994535519 1.021013148342341
6842.18218579235 1.0475316608856982
6852.194426229507 0.9986186174074373
6862.206666666666 1.005495281116399
6872.218907103825 1.0942163426635476
6882.231147540982 1.0508590788093894
6892.243387978142 1.0049608776316852
6902.2556284153 1.0222231184964103
6912.2678688524575 0.9945248850528353
6922.280109289617 1.0061506816165202
6932.292349726775 0.9681072033556506
6942.304590163934 0.9760728402032749
6952.316830601092 0.9988807776074856
6962.32907103825 1.015568282649028
6972.341311475409 0.9704868113253206
6982.353551912567 0.9954424457530048
6992.365792349727 0.9883439541824635
7002.378032786884 0.9919738646446721
7012.390273224042 1.0305920787287246
7022.402513661202 0.9826772606275711
7032.4147540983595 1.0024501895619908
7042.426994535519 1.0084092925707833
7052.439234972677 0.9994353472614342
7062.4514754098345 0.9958961845607809
7072.463715846994 0.9859542631281761
7082.475956284152 0.9986992820843752
7092.488196721311 0.9950391223683148
7102.500437158469 0.9860853432282004
7112.512677595627 1.0112325562636122
7122.524918032786 0.9996067596999274
7132.537158469944 1.014055819956441
7142.549398907104 1.0135516657255788
7152.5616393442615 0.9886061143825119
7162.573879781419 0.9944643865451318
7172.586120218579 0.9781701218036621
7182.5983606557365 0.976889570057272
7192.610601092895 1.0159716060337178
7202.622841530054 0.9999193353230621
7212.635081967212 1.0111317254174397
7222.647322404371 0.9903404049366783
7232.659562841529 0.9835645720738889
7242.671803278688 0.9904412357828506
7252.684043715846 0.9855106074050174
7262.696284153004 0.9752661934338953
7272.7085245901635 0.9652234411551182
7282.720765027321 1.002339275631201
7292.73300546448 1.020811486649996
7302.745245901639 0.9272505444865693
7312.757486338796 0.9022747438896507
7322.769726775956 0.9738142292490117
7332.781967213114 0.9143441961764943
7342.794207650272 0.9507239654755183
7352.806448087431 0.9441397112204565
7362.818688524589 0.9594055013309672
7372.830928961748 0.9682685327095264
7382.843169398906 0.9490602565136727
7392.855409836065 0.9491409211906107
7402.867650273223 0.9756695168185852
7412.879890710381 0.9224913285472292
7422.892131147541 0.9661510849399049
7432.904371584698 0.9512987012987013
7442.916612021857 0.9556445107687344
7452.928852459016 0.9316266032104541
7462.941092896173 0.9658788416552392
7472.953333333333 0.9804085665886908
7482.965573770491 0.9631463257239654
7492.977814207649 0.9955836089376462
7502.990054644808 0.8468883600871179
7513.002295081966 0.8599358715818343
7523.014535519125 0.9328365733645236
7533.026775956283 0.915725578769057
7543.039016393442 0.9597180769541017
7553.0512568306 0.9764761635879649
7563.063497267758 0.9756695168185852
7573.075737704918 0.9736024844720498
7583.087978142075 0.9611801242236024
7593.100218579234 0.9511172057755909
7603.112459016393 1.1871823828345567
7613.124699453551 1.1173066064370412
7623.13693989071 0.9927653867871259
7633.149180327868 1.0338186658062434
7643.161420765026 1.0795958699685406
7653.173661202185 1.0946196660482375
7663.185901639344 1.0152657901105107
7673.198142076502 0.91670363797693
7683.21038251366 0.9548882794224409
7693.222622950819 0.9773332257804307
7703.234863387977 0.9532749858836815
7713.247103825135 0.97279583770267
7723.259344262294 1.0220214568040655
7733.271584699452 0.9781701218036621
7743.283825136611 0.9811950471888361
7753.29606557377 0.9680366217633298
7763.3083060109275 0.9730932886988787
7773.320546448086 0.978291118819069
7783.332786885245 0.9876885536823424
7793.345027322403 0.9643058804549487
7803.357267759562 0.9744595466645156
7813.36950819672 0.9833528272969267
7823.3817486338785 0.9948677099298218
7833.393989071037 1.0162740985722352
7843.406229508196 1.0028837622005324
7853.418469945354 0.9479410341211584
7863.430710382512 0.9859945954666453
7873.442950819671 0.9884750342824877
7883.4551912568295 1.0013208840848593
7893.467431693988 0.9576913769460353
7903.479672131147 0.9732596595950633
7913.4919125683045 0.9814773735581188
7923.504153005463 0.9190429136081311
7933.516393442622 0.9424558360893763
7943.5286338797805 0.9371823828345567
7953.540874316939 0.9586593530692908
7963.553114754097 0.9371118012422359
7973.565355191256 0.9300838912640155
7983.577595628414 0.9578123739614424
7993.589836065573 0.9662619988706945
8003.6020765027315 0.9608776316850851
8013.614316939889 0.9462369928208437
8023.626557377048 0.9447245301282569
8033.638797814207 0.9499626925869162
8043.651038251365 0.976929902395741
8053.663278688524 0.9402073082197305
8063.675519125682 0.9568343147535694
8073.68775956284 0.9844115511817374
8083.699999999999 0.9383016052270711
8093.712240437158 0.979107848673066
8103.724480874316 0.9065398886827458
8113.736721311474 0.9654856013551666
8123.748961748633 0.9133258046301524
8133.761202185791 0.9738243123336291
8143.77344262295 0.9040191175284342
8153.785683060109 0.9188311688311689
8163.797923497266 0.943625473904977
8173.810163934425 0.9649864886666127
8183.822404371584 0.9042812777284828
8193.834644808743 0.930678793256433
8203.846885245901 0.9339457126724208
8213.859125683059 0.9219670081471323
8223.871366120216 0.9313442768411713
8233.883606557376 0.9484149390981689
8243.895846994536 0.9586694361539082
8253.908087431693 0.970295232717593
8263.920327868851 0.959808824715657
8273.932568306009 0.9010244413971121
8283.944808743168 0.9527204162297329
8293.957049180328 0.8969811244655965
8303.969289617486 0.9132350568685972
8313.981530054643 0.9960222231184963
8323.993770491801 0.942153343550859
8334.00601092896 0.9460554972977332
8344.01825136612 0.9754073566185367
8354.030491803278 0.8980801806888763
8364.042732240436 0.9278051141405179
8374.054972677593 0.9030511414051787
8384.067213114753 0.9009135274663225
8394.079453551913 0.9099177220295233
8404.09169398907 0.9638420585625554
8414.103934426228 0.9104218762603856
8424.116174863386 0.9422743405662659
8434.128415300545 0.8885012503024925
8444.140655737705 0.9521658465757845
8454.152896174863 0.9141324513995321
8464.16513661202 0.9420827619585384
8474.177377049178 0.9098471404372025
8484.189617486338 0.918548842461886
8494.201857923497 0.8725699766072437
8504.214098360655 0.9214023554085665
8514.226338797813 0.9485762684520448
8524.23857923497 0.928470597725256
8534.25081967213 0.963126159554731
8544.26306010929 0.9452589336129709
8554.275300546447 0.9238626280551746
8564.287540983605 0.911299104622086
8574.299781420763 0.9504920545293216
8584.312021857922 0.9010093167701863
8594.324262295082 0.8988464951197871
8604.33650273224 0.9171372106154715
8614.348743169397 0.9169153827538922
8624.360983606555 0.9789263531499556
8634.373224043715 0.9627430023392756
8644.385464480874 0.8823001532628861
8654.397704918032 1.0
8664.40994535519 0.9027183996128096
8674.422185792348 0.9066810518673873
8684.434426229507 0.9174699524078406
8694.446666666667 0.9182161006695168
8704.458907103824 0.9866197467129144
8714.471147540982 0.9243970315398886
8724.48338797814 0.9292621198677099
8734.4956284153 0.9236508832782124
8744.507868852459 0.9275127046866176
8754.520109289617 0.8979793498427039
8764.532349726775 0.7852605469065097
8774.544590163932 0.8837420343631524
8784.556830601092 0.9402879728966685
8794.569071038251 0.8394571267242075
8804.58131147541 0.8762906348310074
8814.593551912567 0.9217754295394047
8824.605792349725 0.8503065257723642
8834.618032786884 0.7603754940711462
8844.630273224044 0.8463842058562555
8854.642513661202 0.928218520609825
8864.65475409836 0.9199554327659917
8874.666994535517 0.9137291280148423
8884.679234972677 0.8868778736791159
8894.691475409836 0.9023856578204404
8904.703715846994 0.9550294426070822
8914.715956284152 0.898927159796725
8924.72819672131 1.0079353875937727
8934.740437158469 0.9658687585706218
8944.752677595628 0.8997035573122529
8954.764918032786 0.8157517947890619
8964.777158469944 0.764872549810438
8974.789398907102 0.9102605469065096
8984.801639344261 0.8957812373961442
8994.81387978142 0.9369605549729774
