3507.325919854281 2.763514153176181
3517.3377595628417 1.9012117769573036
3527.3495992714024 1.7968380195020353
3537.361438979964 -0.29731136987598217
3547.373278688525 -1.4553630597368172
3557.3851183970855 2.3670358799583453
3567.396958105647 2.295701978604563
3577.408797814208 1.4282874183470604
3587.4206375227686 -0.13669412098835557
3597.43247723133 0.1009893022815488
3607.444316939891 4.069819180157152
3617.4561566484517 2.052021206096753
3627.467996357013 1.792909211398277
3637.479836065574 4.821073558648111
3647.491675774135 0.5930133484805452
3657.503515482696 -2.755088516519928
3667.515355191257 1.7213859698949163
3677.527194899818 1.40106977184512
3687.5390346083786 0.4120941020543406
3697.5508743169403 1.9898229669601442
3707.562714025501 2.2621887721291296
3717.5745537340617 2.1786424311275203
3727.5863934426234 0.8310139165009941
3737.598233151184 2.2570765880905044
3747.610072859745 1.5730852977373853
3757.6219125683065 0.8877212912998201
3767.633752276867 2.081913282211493
3777.645591985428 1.66467859509609
3787.6574316939896 1.7797027359651614
3797.6692714025503 2.1792104515762567
3807.681111111111 1.290826469752911
3817.6929508196727 1.0755940547193032
3827.7047905282334 0.7657862349711255
3837.716630236794 0.7391366089179211
3847.7284699453553 1.227918205055382
3857.7403096539165 0.4571475906465966
3867.752149362477 1.6632112089368551
3877.7639890710384 0.04080706238757928
3887.7758287795996 0.9218971882987788
3897.7876684881603 0.49749124301808195
3907.7995081967215 1.2295039288081038
3917.8113479052827 1.1856480166619332
3927.8231876138434 0.7281548802423554
3937.835027322404 0.09777051973871059
3947.8468670309658 1.5184133295465305
3957.8587067395265 0.6829972545678311
3967.870546448087 1.134999526649626
3977.882386156649 0.5979361923695921
3987.8942258652096 0.7875603521726782
3997.9060655737703 1.0469563570955223
4007.917905282332 1.3204582031619805
4017.9297449908927 0.9150336078765502
4027.9415846994534 1.163353214049039
4037.953424408015 1.6087049133768816
4047.965264116576 2.2661175802328883
4057.9771038251365 2.2992047713717696
4067.988943533698 2.239278614030105
4078.000783242259 2.200274543216889
4088.0126229508196 3.0346019123355106
4098.024462659381 2.768673672252201
4108.036302367942 2.0934393638170974
4118.048142076503 2.164441919909117
4128.059981785063 2.954227018839345
4138.071821493625 2.5503171447505446
4148.083661202186 2.2887437281075456
4158.095500910747 2.0167566032377167
4168.107340619308 1.879484994793146
4178.119180327869 1.9232699043832246
4188.13102003643 2.156868313925968
4198.142859744991 2.117580232888384
4208.154699453552 1.6588563854965446
4218.166539162114 2.414465587427814
4228.178378870674 2.6923695919719774
4238.190218579235 2.352172678216416
4248.202058287796 2.8709646880621036
4258.2138979963565 3.0374420145791916
4268.225737704918 2.5229574931364196
4278.23757741348 2.708842184985326
4288.2494171220405 2.653365521158762
4298.261256830601 3.1301713528353687
4308.273096539162 2.5433588942535263
4318.284936247723 2.828457824481681
4328.296775956284 2.301950203540661
4338.308615664845 2.647637981634005
4348.320455373407 2.295133958155827
4358.3322950819675 2.3598882893117485
4368.344134790528 1.9429612799394111
4378.355974499089 2.1981444665341283
4388.367814207651 2.092208652844836
4398.379653916211 2.6344788412382845
4408.391493624773 2.579049512449115
4418.403333333334 2.4265360219634573
4428.415173041894 2.619804979645934
4438.427012750455 1.8297358704913376
4448.438852459017 2.04137082268295
4458.4506921675775 2.012259774685222
4468.462531876139 1.8028969042885545
4478.4743715847 1.4436239704629366
4488.486211293261 1.6810565180346493
4498.498051001821 1.4833854018744674
4508.509890710382 1.8542554198617818
4518.521730418944 1.8715327085108397
4528.533570127505 1.608397235633816
4538.545409836066 1.732320363533087
4548.557249544627 1.12482249360977
4558.5690892531875 1.716699801192843
4568.580928961748 1.7978320552873235
4578.59276867031 1.028424689955505
4588.6046083788715 1.1642052447221432
4598.616448087432 1.2140017040613462
4608.628287795993 1.8478178547761053
4618.640127504554 1.4922843889046673
4628.651967213114 1.756555902679163
4638.663806921676 1.7447694783678878
4648.675646630237 2.0732746378869638
4658.687486338798 2.3759822020259396
4668.699326047359 2.3434156962984
4678.71116575592 1.9938937801760863
4688.723005464481 2.481160655116917
4698.734845173041 2.040376786897662
4708.746684881603 2.20159992426394
4718.758524590165 2.464404051879201
4728.770364298725 2.2707090788601723
4738.782204007286 2.513159140395721
4748.794043715847 2.1133674145602575
4758.8058834244075 2.0123071097226166
4768.817723132969 2.0445422701883933
4778.829562841531 2.1942156584303705
4788.8414025500915 1.856858846918489
4798.853242258652 1.5934393638170974
4808.865081967213 2.098693552967907
4818.876921675774 1.712108302565559
4828.888761384335 1.7850515951907602
4838.900601092897 1.8973539714096375
4848.912440801458 1.7235160465776767
4858.924280510018 2.1197576446085393
4868.936120218579 2.0201647259301336
4878.94795992714 1.8332859982959386
4888.9597996357015 1.345356432831582
4898.971639344262 1.3560068162453849
4908.983479052824 1.3365047808387769
4918.995318761385 1.7155637602953706
4929.007158469945 0.9573037962699992
4939.018998178506 1.637082268294992
4949.030837887067 1.336220770614409
4959.042677595628 1.3737574552683898
4969.05451730419 1.438843131686074
4979.066357012751 1.201102906371296
4989.0781967213115 1.0270756413897566
4999.090036429872 1.2711350941967243
5009.101876138433 1.1598504212818328
5019.113715846995 1.2042980213954368
5029.125555555556 1.1617911578150146
5039.137395264117 1.1902868503266117
5049.149234972678 1.0885165199280507
5059.1610746812385 1.2411720155258923
5069.172914389799 1.5694878348953896
5079.184754098361 1.0990248982296695
5089.1965938069225 1.7486509514342516
5099.208433515483 0.9715516425257977
5109.220273224044 1.3189198144466534
5119.232112932605 1.327037773359841
5129.243952641165 1.2795133958155827
5139.255792349727 1.1441825239041938
5149.267632058288 1.323061630218688
5159.279471766849 0.6346208463504686
5169.29131147541 1.0152892170784813
5179.303151183971 1.2134810186500047
5189.314990892532 1.3991290353119379
5199.326830601093 0.9058032755845877
5209.338670309654 1.2084635046861687
5219.350510018216 1.054198617816908
5229.362349726776 1.3710120230994982
5239.374189435337 1.034270567073748
5249.386029143898 1.065417021679447
5259.3978688524585 1.2681529868408596
5269.40970856102 1.0940547193032284
5279.421548269582 1.2529584398371674
5289.4333879781425 1.0284010224368076
5299.445227686703 1.2207232793713907
5309.457067395264 1.4431979551263847
5319.468907103825 1.4064659661081131
5329.480746812386 1.0470036921329167
5339.492586520948 1.597794187257408
5349.504426229509 1.4367130550033136
5359.516265938069 1.497017892644135
5369.52810564663 1.496165861971031
5379.539945355191 2.064375650856764
5389.5517850637525 1.7695730379627
5399.563624772313 1.6314020638076303
5409.575464480875 1.1721575310044496
5419.587304189436 1.6616964877402252
5429.599143897996 1.4511502414086908
5439.610983606557 1.7395152892170784
5449.622823315119 1.0647543311559216
5459.634663023679 1.3134999526649627
5469.646502732241 1.6047524377544258
5479.658342440802 1.4709836220770616
5489.6701821493625 1.832623307772413
5499.682021857923 1.1828079144182524
5509.693861566484 1.0988118905613935
5519.705701275046 1.2358704913376881
5529.717540983607 1.2245574174003597
5539.729380692168 0.9987692890277382
5549.741220400729 1.3496639212344979
5559.753060109289 1.4251633058790116
5569.76489981785 0.8749881662406513
5579.776739526412 1.1355675470983622
5589.788579234973 1.1055097983527407
5599.800418943534 1.3830824576351415
5609.812258652095 1.3117958913187542
5619.824098360656 1.5877118242923411
5629.835938069216 1.3314399318375463
5639.847777777777 1.272649815393354
5649.85961748634 1.339368550601155
5659.8714571949 1.3298778756035217
5669.883296903461 1.1848906560636183
5679.895136612022 1.2172204866041842
5689.9069763205825 1.538246710214901
5699.918816029143 1.0886585250402347
5709.930655737706 1.172820221527975
5719.942495446267 1.1076398750355012
5729.954335154827 1.048281738142573
5739.966174863388 1.0330398561014862
5749.978014571949 1.177695730379627
5759.9898542805095 0.9855628135946227
5770.001693989071 1.0584587711824291
5780.013533697633 1.1717551831865947
5790.0253734061935 1.314020638076304
5800.037213114754 1.4176843699706523
5810.049052823315 1.2545678311085864
5820.060892531876 1.2981160655116917
5830.072732240437 1.3792009845687778
5840.084571948999 1.5045441635898893
5850.09641165756 1.3913187541418157
5860.10825136612 1.1541702167944712
5870.120091074681 1.4325002366751869
5880.131930783242 1.6141247751585723
5890.143770491803 1.347107829215185
5900.155610200365 1.7051500520685412
5910.167449908926 1.3834848054529962
5920.179289617487 1.445044021584777
5930.191129326047 1.6675186973397709
5940.202969034608 1.3765975575120704
5950.214808743169 1.3195115024140869
5960.226648451731 1.393922181198523
5970.238488160292 1.2172204866041842
5980.250327868853 1.3962415980308625
5990.2621675774135 1.2225693458297833
6000.274007285974 1.3379721669980118
6010.285846994535 1.2283442203919341
6020.297686703097 1.4416832339297547
6030.309526411658 1.2811701221243965
6040.321366120219 1.313594622739752
6050.33320582878 1.4118384928524093
6060.34504553734 1.3814730663637222
6070.356885245901 1.2731705008046956
6080.368724954463 1.3203635330871912
6090.380564663024 1.3969042885543879
6100.392404371585 1.3497112562718925
6110.404244080146 1.315630029347723
6120.416083788707 1.272223800056802
6130.427923497267 1.3068730474297074
6140.439763205828 1.2416927009372338
6150.451602914391 1.2541418157720345
6160.463442622951 1.3345167092682004
6170.475282331512 1.2622361071665247
6180.487122040073 1.4040992142383792
6190.4989617486335 0.9639307015052542
6200.510801457194 1.1429518129319323
6210.522641165757 1.2576919435766354
6220.5344808743175 1.0701031903815204
6230.546320582878 1.2808861119000283
6240.558160291439 1.111805358326233
6250.57 1.1972924358610242
6260.58183970856 0.9092587333143993
6270.593679417122 1.0241408690712865
6280.605519125684 1.045630976048471
6290.617358834244 0.773407175991669
6300.629198542805 0.8547761052731232
6310.641038251366 0.894679541796838
6320.652877959927 0.6423364574458014
6330.664717668488 0.5980308624443813
6340.67655737705 0.6040897472309003
6350.688397085611 0.479314588658525
6360.700236794171 0.5846823818990817
6370.712076502732 0.5888478651898135
6380.723916211293 0.5390514058506106
6390.735755919854 0.4074268673672252
6400.747595628416 0.5132538104705103
6410.759435336977 0.6657199659187731
6420.771275045538 0.6834706049417779
6430.783114754098 0.4774685222001325
6440.794954462659 0.6542648868692607
6450.80679417122 0.5627425920666477
6460.818633879782 0.6829499195304365
6470.830473588343 0.5975101770330399
6480.842313296904 0.7214333049323108
6490.8541530054645 0.8446937423080564
6500.865992714025 0.9000284010224368
6510.877832422586 0.951102906371296
6520.889672131148 1.0123071097226166
6530.901511839709 1.0
6540.91335154827 1.0546719681908547
6550.925191256831 0.8504686168702073
6560.937030965391 1.1123260437375744
6570.948870673952 1.0306257691943574
6580.960710382514 1.0049701789264414
6590.972550091075 1.0437849095900784
6600.984389799636 1.0741740035974627
6610.996229508197 1.229669601438985
6621.008069216758 1.1040897472309004
6631.019908925318 1.0591214617059546
6641.03174863388 1.0163305879011644
6651.043588342442 1.092019312695257
6661.055428051002 1.059973492379059
6671.067267759563 0.9725930133484805
6681.079107468124 1.11521348101865
6691.0909471766845 1.109911956830446
6701.102786885245 1.1197103095711445
6711.114626593808 1.1344315062008898
6721.1264663023685 1.2748035595948122
6731.138306010929 1.0428855438795797
6741.15014571949 1.0284483574742023
6751.161985428051 1.0482344031051785
6761.173825136611 1.0209220865284483
6771.185664845173 0.9719776578623497
6781.197504553735 1.1164441919909116
6791.209344262295 0.9923790589794564
6801.221183970856 1.1315440689198144
6811.233023679417 1.000899365710499
6821.244863387978 0.9828173814257313
6831.256703096539 0.7719397898324339
6841.268542805101 0.8587049133768816
6851.280382513662 0.9273643851178643
6861.292222222222 0.7282968853545394
6871.304061930783 0.7431127520590741
6881.315901639344 0.9065606361829026
6891.327741347905 0.8301618858278899
6901.339581056467 1.0319511502414087
6911.351420765028 0.9148442677269716
6921.3632604735885 0.7724131402063807
6931.375100182149 0.8472971693647638
6941.38693989071 0.8497112562718924
6951.398779599271 0.7091261952096942
6961.410619307833 0.7393732841048944
6971.422459016394 0.7506863580422228
6981.434298724955 0.8285998295938654
6991.446138433515 0.8271324434346303
7001.457978142076 0.6275679257786614
7011.469817850637 0.850373946795418
7021.481657559199 0.7949446180062482
7031.49349726776 0.8312032566505727
7041.505336976321 0.8347533844551738
7051.517176684882 0.6998011928429423
7061.529016393442 0.7276341948310139
7071.540856102003 0.8777335984095428
7081.552695810565 0.8180441162548518
7091.564535519126 0.7510177033039857
7101.576375227687 0.7598693552967907
7111.588214936248 0.8256650572753952
7121.600054644809 0.7539288081037584
7131.611894353369 0.7410300104137082
7141.623734061931 0.6793524566884408
7151.635573770493 0.7080848243870113
7161.647413479053 0.5578907507336931
7171.659253187614 0.6280412761526082
7181.671092896175 0.6860266969610906
7191.6829326047355 0.7403673198901827
7201.694772313296 0.6565843037015999
7211.706612021859 0.6238284578244817
7221.7184517304195 0.6824765691564896
7231.73029143898 0.7050553819937518
7241.742131147541 0.6047524377544259
7251.753970856102 0.4695990722332671
7261.765810564662 0.628656631638739
7271.777650273225 0.5964688062103569
7281.789489981786 0.49976332481302665
7291.801329690346 0.5655116917542365
7301.813169398907 0.47328883839818237
7311.825009107468 0.4561062198239137
7321.836848816029 0.5523998863959103
7331.84868852459 0.45825523052163214
7341.860528233152 0.5710025560920192
7351.872367941713 0.6243491432358231
7361.884207650273 0.5763987503550128
7371.896047358834 0.4670311464546057
7381.907887067395 0.5634289501088705
7391.919726775956 0.5538909400738427
7401.931566484518 0.5894158856385496
7411.943406193079 0.5369686642052447
7421.9552459016395 0.682287229006911
7431.9670856102 0.6388809997159898
7441.978925318761 0.554955978415223
7451.990765027322 0.5654170216794471
7462.002604735884 0.5103190381520402
7472.014444444445 0.6367035879958345
7482.026284153006 0.6131780744106788
7492.038123861566 0.4227681529868409
7502.049963570127 0.508567641768437
7512.061803278688 0.18823250970368266
7522.07364298725 0.4786802991574364
7532.085482695811 0.5113604089747231
7542.097322404372 0.6009182997254569
7552.109162112933 0.43933068257123925
7562.121001821493 0.546814351983338
7572.132841530054 0.5684464640727066
7582.144681238616 0.6212250307677744
7592.156520947177 0.4393874846161128
7602.168360655738 0.5142951812931932
7612.180200364299 0.6355675470983622
7622.1920400728595 0.47661649152702823
7632.20387978142 0.2556186689387484
7642.215719489982 0.3843889046672347
7652.2275591985435 0.6492473729054246
7662.239398907104 0.47882230426962036
7672.251238615665 0.4403862539051406
7682.263078324226 0.47226640159045724
7692.274918032786 0.6557796080658903
7702.286757741348 0.4981065985042128
7712.29859744991 0.6174855628135946
7722.31043715847 0.36799678121745716
7732.322276867031 0.37079428192748276
7742.334116575592 0.4731184322635615
7752.345956284153 0.3486414844267727
7762.357795992713 0.39533749881662406
7772.369635701275 0.43959102527690996
7782.381475409837 0.37742118716273787
7792.393315118397 0.33090504591498626
7802.405154826958 0.38508472971693647
7812.416994535519 0.30037394679541796
7822.42883424408 0.34649720723279376
7832.440673952641 0.4558080090883272
7842.452513661203 0.2966297453374988
7852.464353369764 0.30207800814162644
7862.476193078324 0.44531856480166615
7872.488032786885 0.15177033039856103
7882.499872495446 0.3927340717599167
7892.511712204007 0.5123544447600114
7902.523551912569 0.48182334564044305
7912.53539162113 0.25122124396478274
7922.5472313296905 0.3949233172394206
7932.559071038251 0.4491290353119379
7942.570910746812 0.48688819464167377
7952.582750455374 0.5118337593486698
7962.594590163935 0.3557086055097983
7972.606429872496 0.4829120515005207
7982.618269581057 0.423700653223516
7992.630109289617 0.3374609485941494
8002.641948998178 0.37457161791157817
8012.653788706739 0.4197292435861024
8022.6656284153005 0.29412572185932023
8032.677468123862 0.5064849001230711
8042.689307832423 0.5866231184322636
8052.701147540984 0.2389804032945186
8062.712987249544 0.5202120609675283
8072.724826958105 0.4342374325475717
8082.736666666667 0.4786045630976049
8092.748506375228 0.4760484710782922
8102.760346083789 0.4597368171920856
8112.77218579235 0.5354539430086149
8122.7840255009105 0.3708558174760958
8132.795865209471 0.5189340149578718
8142.807704918033 0.33371674713623023
8152.8195446265945 0.27775726592824007
8162.831384335155 0.45186973397708985
8172.843224043716 0.4058127425920666
8182.855063752277 0.5756413897566979
8192.866903460837 0.47599640253715797
8202.8787431694 0.48466344788412385
8212.89058287796 0.35436429044778944
8222.902422586521 0.6200416548329073
8232.914262295082 0.5371580043548234
8242.926102003643 0.5155732273028495
8252.937941712204 0.47590646596610814
8262.949781420764 0.5612515383887153
8272.961621129325 0.5574174003597463
8282.973460837888 0.3309192464262047
8292.985300546448 0.3348859225598788
8302.997140255009 0.39063712960333236
8313.00897996357 0.5435955694404999
8323.02081967213 0.34186784057559405
8333.032659380693 0.43855912146170595
8343.044499089254 0.2521348101865001
8353.056338797815 0.46557796080658903
8363.068178506375 0.344012117769573
8373.080018214936 0.4203635330871911
8383.091857923497 0.41475906465966106
8393.103697632057 0.26623118432263565
8403.11553734062 0.29014011171068826
8413.12737704918 0.39158383035122596
8423.139216757741 0.384937991101013
8433.151056466302 0.038313452617627565
8443.162896174863 0.36635898892360125
8453.174735883425 0.23782542838208845
8463.186575591986 0.39548423743254757
8473.198415300547 0.36064091640632395
8483.210255009108 0.2883603143046483
8493.222094717668 0.3070765880905046
8503.23393442623 0.32667802707564136
8513.24577413479 0.4249076966770804
8523.25761384335 0.27990154312221904
8533.269453551913 0.2652986840859604
8543.281293260474 0.365142478462558
8553.293132969035 0.22694310328505157
8563.304972677595 0.3350373946795418
8573.316812386156 0.1916264318848812
8583.328652094719 0.26868313925968
8593.34049180328 0.11367509230332291
8603.35233151184 0.27137176938369784
8613.3641712204 0.23566695067689103
8623.376010928961 0.16894348196535075
8633.387850637522 0.15255135851557322
8643.399690346083 0.2708179494461801
8653.411530054645 0.2137082268294992
8663.423369763206 0.2322020259396005
8673.435209471767 0.16433778282684844
8683.447049180328 0.21293666571996592
8693.458888888888 0.35297737385212535
8703.470728597451 0.2140916406323961
8713.482568306012 0.37049133768815673
8723.494408014572 0.39563570955221056
8733.506247723133 0.3058600776294614
8743.518087431694 0.3232131023383508
8753.529927140255 0.3989728296885354
8763.541766848815 0.1908974723090031
8773.553606557376 0.2256413897566979
8783.565446265939 0.296004922843889
8793.5772859745 0.4902016472593014
8803.58912568306 0.42228533560541515
8813.60096539162 0.4772318470131591
8823.612805100182 0.5266022910158099
8833.624644808744 0.5361639685695352
8843.636484517305 0.462562718924548
8853.648324225866 0.365587427814068
8863.660163934426 0.3632135756887248
8873.672003642987 0.336253905140585
8883.683843351548 0.4378727634194831
8893.695683060108 0.4000994035785288
8903.707522768671 0.44026791631165385
8913.719362477232 0.5208747514910537
8923.731202185792 0.36838492852409355
8933.743041894353 0.46503360787655024
8943.754881602914 0.4386537915364953
8953.766721311476 0.40132064754331154
8963.778561020037 0.23397235633816152
8973.790400728598 0.4537915364953138
8983.802240437159 0.3149342042980214
8993.81408014572 0.37482249360977
