3508.1061202185792 -0.33785388714129805
3518.118360655738 0.48159144893111644
3528.130601092896 0.6596103229119855
3538.1428415300543 -0.06415869551261474
3548.155081967213 0.7501604930346023
3558.1673224043716 0.8575463824870001
3568.1795628415302 0.12672369519162868
3578.1918032786884 0.6282178853437761
3588.2040437158466 0.4374398151120241
3598.2162841530053 0.13494414842395838
3608.228524590164 1.0234159337484754
3618.2407650273226 1.0508602426654683
3628.253005464481 0.6377511715991526
3638.265245901639 1.0036672658406627
3648.2774863387976 0.14978814919432498
3658.2897267759563 0.3306317005841946
3668.3019672131145 0.11832188483019837
3678.314207650273 0.6514412274507287
3688.3264480874313 0.19198176799126918
3698.33868852459 0.2851319252744431
3708.3509289617487 0.5703601463696475
3718.363169398907 0.5542787443024974
3728.3754098360655 0.673541118315465
3738.3876502732237 0.3271811003402452
3748.3998907103824 0.8384637606727868
3758.412131147541 0.6954484175386788
3768.424371584699 0.5779193682994158
3778.436612021858 0.47203408872054947
3788.448852459016 0.7448963214996469
3798.4610928961747 0.4591224240867946
3808.4733333333334 0.46990755601206907
3818.4855737704916 0.4057584900815305
3828.49781420765 0.3137478333440329
3838.5100546448084 -0.0019190152147396803
3848.522295081967 0.45722860627848755
3858.5345355191257 0.4518520896193105
3868.546775956284 0.5761378956153304
3878.5590163934426 0.4784618347563716
3888.5712568306008 0.37170186813892275
3898.5834972677594 0.5863613019194966
3908.595737704918 0.47754702445913844
3918.6079781420763 0.7713214996469153
3928.620218579235 0.46714707581690956
3938.632459016393 0.598671117673493
3948.6446994535518 0.6597868652500481
3958.6569398907104 0.4921197920010272
3968.6691803278686 0.39633754895037554
3978.6814207650273 0.6195833600821724
3988.6936612021855 0.18979906272067792
3998.705901639344 0.3987930923797907
4008.7181420765028 0.514524619631508
4018.730382513661 0.3170539898568402
4028.7426229508196 0.500834563779932
4038.754863387978 0.6237561789818322
4048.7671038251365 0.6067198433587982
4058.779344262295 0.602587147717789
4068.7915846994533 0.6350869872247544
4078.803825136612 0.5729119856198241
4088.81606557377 0.6699139757334531
4098.828306010929 0.5315368812993516
4108.8405464480875 0.7926269499903704
4118.852786885245 0.6236598831610708
4128.865027322405 0.6936669448545932
4138.8772677595625 0.6900719008795019
4148.88950819672 0.7545259035757848
4158.90174863388 0.6902163446106439
4168.913989071038 0.8760993772870258
4178.926229508197 0.8390896835077357
4188.938469945355 0.7358685883032676
4198.950710382513 0.5325800860242665
4208.962950819672 0.6402548629389485
4218.97519125683 0.7323457661937472
4228.9874316939895 0.6626596905694293
4238.999672131147 0.4497175322591
4249.011912568305 0.7894170892983244
4259.0241530054645 0.8550105925402838
4269.036393442622 0.8399723951980484
4279.048633879782 1.0627527765294986
4289.06087431694 0.9152436284265263
4299.073114754097 1.01535918341144
4309.085355191257 0.966761892533864
4319.097595628415 1.003916030044296
4329.109836065574 0.9962605122937666
4339.122076502732 0.8437760801181229
4349.13431693989 1.0797008409835014
4359.146557377049 1.0562207100211851
4369.158797814207 0.8060602169865827
4379.171038251367 0.884220324837902
4389.183278688524 1.0456923669512743
4399.195519125682 0.9694742248186429
4409.207759562842 0.9345509404891827
4419.219999999999 0.9546928163317712
4429.232240437159 0.8319316941644732
4439.244480874317 0.9488348205687873
4449.256721311474 0.9033992424728767
4459.268961748634 0.8840598318032998
4469.281202185792 0.92318000898761
4479.293442622951 0.8999165436220069
4489.305683060109 0.8808820697181743
4499.317923497267 0.867737690184246
4509.330163934426 0.7792097322976184
4519.342404371584 0.8070552738011171
4529.354644808744 0.9019869037683764
4539.366885245901 0.8255280220838416
4549.379125683059 0.840646465943378
4559.391366120219 0.767172754702446
4569.403606557376 0.8027380111703153
4579.415846994536 0.7467098927906529
4589.428087431694 0.7051421968286576
4599.440327868851 0.788261539449188
4609.452568306011 0.9297842973614945
4619.464808743169 0.8975251974064326
4629.477049180328 0.9530878859857482
4639.489289617486 0.9653174552224433
4649.501530054644 0.9876259870321628
4659.513770491803 1.0504750593824228
4669.526010928961 0.9489150670860884
4679.538251366121 0.9135584515632021
4689.550491803278 0.9696668164601656
4699.562732240436 0.9239263015985106
4709.574972677596 0.9151312833023048
4719.5872131147535 1.0690280541824484
4729.599453551913 1.0209764396225205
4739.611693989071 1.0352121717917444
4749.6239344262285 1.134011683892919
4759.636174863388 1.012502407395519
4769.648415300546 1.1095525454195287
4779.660655737705 1.1485363035244271
4789.672896174863 1.1147685690441036
4799.685136612021 1.1486005007382678
4809.69737704918 1.2588110675996662
4819.709617486338 1.1946941002760478
4829.721857923498 1.1763497464210055
4839.7340983606555 1.1009501187648456
4849.746338797813 1.135600564935482
4859.758579234973 1.078978622327791
4869.7708196721305 1.1742151890607948
4879.78306010929 1.1369085831674905
4889.795300546448 1.0680329973679141
4899.807540983606 1.142999293830648
4909.819781420765 1.119262374012968
4919.832021857923 1.2033446748411118
4929.844262295082 1.16201771843102
4939.85650273224 1.1690312640431406
4949.868743169398 1.101752583937857
4959.8809836065575 1.1231463054503434
4969.893224043715 1.1089266225845797
4979.905464480875 1.058724401360981
4989.9177049180325 1.1285228221095205
4999.92994535519 1.0977723566797202
5009.94218579235 1.1203617512999937
5019.954426229508 1.100901970854465
5029.966666666666 1.0431405277010977
5039.978907103825 1.117529049239263
5049.991147540983 1.0901970854464915
5060.003387978142 1.0764107337741542
5070.0156284153 1.150077036656609
5080.027868852459 1.1318610772292483
5090.040109289617 1.1096006933299094
5100.052349726775 1.1079155164665853
5110.064590163935 1.1073056429350967
5120.076830601092 1.1093278551710857
5130.089071038251 1.0580503306156512
5140.10131147541 1.0804391089426717
5150.113551912567 1.0658663414007834
5160.125792349727 1.139372151248636
5170.138032786885 1.0795884958592796
5180.150273224043 1.0852057520703602
5190.162513661202 0.9799704692816332
5200.17475409836 1.0153110355010593
5210.186994535519 1.0474417410284393
5220.199234972677 1.0451466906336264
5230.211475409835 1.0966328561340437
5240.223715846994 1.1071611992039545
5250.235956284152 1.0324516915965847
5260.248196721312 1.130737625987032
5270.260437158469 1.1337548950375553
5280.272677595627 1.147075816909546
5290.284918032787 1.1297826924311485
5300.297158469944 1.1734127238877832
5310.309398907104 1.1417955960711306
5320.321639344262 1.0617416704115041
5330.3338797814195 1.0961192784233165
5340.346120218579 1.1398857289593631
5350.358360655737 1.0914007832060089
5360.370601092896 1.0480195159530077
5370.382841530054 1.105299480002568
5380.395081967212 1.0790267702381717
5390.407322404371 1.08939462027348
5400.419562841529 1.157893047441741
5410.431803278689 9.076683571932979e-28
5420.444043715846 0.8703537266482634
5430.456284153004 1.107000706169352
5440.468524590164 1.0938242280285035
5450.4807650273215 1.0794601014315979
5460.493005464481 1.1533992424728767
5470.505245901639 1.0812255248122231
5480.5174863387965 1.1195191628683314
5490.529726775956 1.0792514604866148
5500.541967213114 1.0639885728959364
5510.554207650273 1.0949155806637991
5520.566448087431 0.908310329331707
5530.578688524589 0.8808820697181743
5540.590928961748 1.0301245425948515
5550.603169398906 1.0724305065160171
5560.615409836066 1.0588287218334724
5570.6276502732235 1.157893047441741
5580.639890710382 1.1627720356936508
5590.652131147541 1.1443474353213072
5600.6643715846985 1.1597226680362074
5610.676612021858 1.1402709122424086
5620.688852459016 1.0162900430121333
5630.701092896174 1.066492264235732
5640.713333333333 1.1433202798998523
5650.725573770491 1.1564165115234
5660.73781420765 1.0970501380240099
5670.750054644808 1.082252680233678
5680.762295081966 1.0642935096616806
5690.7745355191255 1.0629132695641008
5700.786775956283 1.090510046863966
5710.799016393443 1.0549688643512871
5720.8112568306005 1.0843711882904281
5730.823497267758 1.0727514925852217
5740.835737704918 1.110948834820569
5750.847978142076 1.0970661873274699
5760.860218579235 1.0038036849200744
5770.872459016393 0.928564550298517
5780.884699453551 1.0120530268986325
5790.89693989071 1.0705527380111701
5800.909180327868 1.0822045323232974
5810.9214207650275 1.138826474930988
5820.933661202185 1.046446684213905
5830.945901639343 1.105026641843744
5840.958142076503 1.058708352057521
5850.97038251366 1.0595268665339923
5860.98262295082 1.1114624125312962
5870.994863387978 1.1187006483918598
5881.007103825135 1.0506034538101046
5891.019344262295 1.014396225203826
5901.031584699453 1.0555305899723952
5911.043825136611 1.0695416318931759
5921.05606557377 1.1050908390575849
5931.068306010928 1.1207870578416896
5941.080546448087 1.1500288887462284
5951.092786885245 1.1083006997496307
5961.105027322404 1.0938242280285035
5971.117267759562 1.0519836939076843
5981.12950819672 1.0653848622969764
5991.14174863388 1.0899723951980484
6001.153989071037 1.0888328946523722
6011.166229508196 1.0805354047634332
6021.178469945355 1.0931020093727932
6031.190710382512 1.0325158888104258
6041.202950819672 1.0632503049367656
6051.21519125683 1.059157732554407
6061.227431693988 1.0838094626693202
6071.239672131147 1.0428516402388135
6081.251912568305 1.0628490723502602
6091.264153005464 1.002295050394813
6101.276393442622 1.0693971881620339
6111.288633879781 1.1062945368171024
6121.300874316939 1.0817230532194904
6131.313114754097 1.066700905180715
6141.325355191257 1.0734416126340116
6151.337595628414 1.0674873210502664
6161.349836065573 1.1022019644347436
6171.362076502732 1.0298356551325674
6181.3743169398895 1.0341368684599088
6191.386557377049 1.046446684213905
6201.398797814207 1.1012069076202093
6211.411038251365 1.118508056750337
6221.423278688524 1.1241895101752586
6231.435519125682 1.1044488669191757
6241.447759562841 1.1086056365153754
6251.459999999999 1.114102522950504
6261.472240437158 1.0598478526031971
6271.484480874316 1.113468575463825
6281.496721311474 1.086168710277974
6291.508961748634 0.9085831674905309
6301.5212021857915 0.9899691853373563
6311.53344262295 1.0720453232329716
6321.545683060109 1.070953970597676
6331.5579234972665 1.012213519933235
6341.570163934426 1.0399146177055916
6351.582404371584 1.0206394042498557
6361.5946448087425 1.0229505039481286
6371.606885245901 1.0187616357450087
6381.619125683059 1.0320986069204598
6391.631366120218 0.9858043910894267
6401.643606557376 0.9971753225909995
6411.655846994535 0.99162226359376
6421.6680874316935 0.9923765808563908
6431.680327868851 0.9888778327020608
6441.692568306011 1.0277652949861975
6451.7048087431685 1.0485009950568145
6461.717049180327 1.0251011106117995
6471.729289617486 1.044424471977916
6481.741530054644 1.0115073505809848
6491.753770491803 1.0296270141875843
6501.766010928961 0.9949444694100277
6511.77825136612 1.007398728895166
6521.790491803278 1.001179623804327
6531.802732240436 1.0128554920716442
6541.8149726775955 0.9874815433010207
6551.827213114753 1.0169962123643834
6561.839453551912 1.0267541888682032
6571.851693989071 0.9912852282210952
6581.863934426228 0.9758618475958144
6591.876174863388 1.0338479809976246
6601.888415300546 1.0450022469024844
6611.900655737704 1.0238011170315209
6621.912896174863 0.9823136675868268
6631.925136612021 1.022485074147782
6641.93737704918 1.0016209796494833
6651.949617486338 1.028551710855749
6661.961857923497 0.9815994735828466
6671.974098360655 1.016691275598639
6681.986338797813 1.0077999614816717
6691.998579234973 1.040925723823586
6702.01081967213 1.0421454708865634
6712.023060109289 1.0463503883931438
6722.035300546448 1.0603132824035437
6732.047540983605 1.0619984592668679
6742.059781420765 1.0059221929768247
6752.072021857923 1.0536046735571676
6762.084262295081 1.0599120498170378
6772.09650273224 1.0647268408551067
6782.108743169398 1.0564774988765486
6792.120983606557 1.033591192142261
6802.133224043715 1.058026256660461
6812.145464480874 1.0937439815112024
6822.157704918032 1.0651120241381524
6832.16994535519 1.0478590229184055
6842.18218579235 0.9992135841304487
6852.194426229507 1.0638441291647942
6862.206666666666 1.075544071387302
6872.218907103825 1.12709443410156
6882.231147540982 1.0545836810682416
6892.243387978142 1.0611317968800156
6902.2556284153 1.0736342042755345
6912.2678688524575 1.0515182641073377
6922.280109289617 1.0574244077807022
6932.292349726775 0.9673557167618926
6942.304590163934 1.013136354882198
6952.316830601092 1.0538935610194518
6962.32907103825 1.002166655967131
6972.341311475409 1.0653527636900557
6982.353551912567 1.0551133080824293
6992.365792349727 1.0625441355845155
7002.378032786884 1.0408936252166656
7012.390273224042 1.0531873916672017
7022.402513661202 1.1093118058676252
7032.4147540983595 1.1813089811902164
7042.426994535519 1.0324195929896642
7052.439234972677 1.0051357771072735
7062.4514754098345 1.0210566861398216
7072.463715846994 1.0270511009822174
7082.475956284152 0.9892148680747256
7092.488196721311 1.0119085831674905
7102.500437158469 1.0193073120626566
7112.512677595627 1.0049271361622907
7122.524918032786 1.021152981960583
7132.537158469944 0.9846568658920203
7142.549398907104 1.0079123066058933
7152.5616393442615 1.0123419143609167
7162.573879781419 1.0117320408294281
7172.586120218579 1.0502503691339795
7182.5983606557365 1.0348751364190794
7192.610601092895 1.025983822302112
7202.622841530054 1.001187648456057
7212.635081967212 0.9936926237401297
7222.647322404371 0.9964210053283687
7232.659562841529 0.9649643705463183
7242.671803278688 0.9996790139307954
7252.684043715846 0.9693939783013418
7262.696284153004 0.9945271875200616
7272.7085245901635 0.9491558066379919
7282.720765027321 1.0267702381716632
7292.73300546448 0.9875617898183219
7302.745245901639 0.9745297554086152
7312.757486338796 0.9822334210695256
7322.769726775956 1.0031135648712846
7332.781967213114 1.0096295820761378
7342.794207650272 0.9904667137446235
7352.806448087431 0.9692174359632793
7362.818688524589 1.04678371958657
7372.830928961748 1.0295949155806638
7382.843169398906 0.9770976439622521
7392.855409836065 1.0275406047377544
7402.867650273223 1.001476535918341
7412.879890710381 1.0074789754124671
7422.892131147541 0.9665211529819606
7432.904371584698 1.0210245875329012
7442.916612021857 1.0139307954034795
7452.928852459016 1.0090036592411888
7462.941092896173 1.03421711497721
7472.953333333333 1.015792514604866
7482.965573770491 0.9864704371830263
7492.977814207649 0.9948963214996468
7502.990054644808 0.9964691532387494
7513.002295081966 0.8418020157925146
7523.014535519125 0.9019869037683764
7533.026775956283 0.8673364575977403
7543.039016393442 0.9246645695576812
7553.0512568306 0.9511298709636001
7563.063497267758 0.9060473775438146
7573.075737704918 0.9153238749438274
7583.087978142075 0.9270719650767157
7593.100218579234 0.8724722347050138
7603.112459016393 1.0878699364447584
7613.124699453551 1.0721095204468127
7623.13693989071 0.9801951595300764
7633.149180327868 0.9520767798677537
7643.161420765026 0.9779964049560249
7653.173661202185 0.8948931116389549
7663.185901639344 1.0267541888682032
7673.198142076502 0.8994671631251203
7683.21038251366 0.903206650831354
7693.222622950819 0.9125312961417474
7703.234863387977 0.937006483918598
7713.247103825135 0.9146979521088785
7723.259344262294 0.941548436797843
7733.271584699452 0.9368299415805355
7743.283825136611 0.9366533992424728
7753.29606557377 0.9468126083327983
7763.3083060109275 0.9598366180907748
7773.320546448086 0.9333632920331257
7783.332786885245 0.9198979264299929
7793.345027322403 0.9262053026898632
7803.357267759562 0.9740322270013481
7813.36950819672 0.9128041343005714
7823.3817486338785 0.9964210053283687
7833.393989071037 0.9829877383321564
7843.406229508196 0.963552031841818
7853.418469945354 0.901120241381524
7863.430710382512 0.9394459780445528
7873.442950819671 0.9542434358348848
7883.4551912568295 0.9908197984207485
7893.467431693988 0.9678853437760802
7903.479672131147 1.0076314437953393
7913.4919125683045 0.9846568658920203
7923.504153005463 0.9590261282660333
7933.516393442622 1.0223727290235602
7943.5286338797805 1.020527059125634
7953.540874316939 1.0082011940681774
7963.553114754097 0.9505841946459523
7973.565355191256 0.9956345894588176
7983.577595628414 1.0190826218142133
7993.589836065573 0.9955864415484368
8003.6020765027315 1.0214579187263273
8013.614316939889 1.0369936444758296
8023.626557377048 1.038470180394171
8033.638797814207 1.0375794440521282
8043.651038251365 1.009838223021121
8053.663278688524 0.9993419785581307
8063.675519125682 1.0301245425948515
8073.68775956284 1.0558515760415998
8083.699999999999 1.0436059575014445
8093.712240437158 1.0524972716184116
8103.724480874316 1.0288245490145727
8113.736721311474 1.0352924183090455
8123.748961748633 0.9148263465365603
8133.761202185791 1.0
8143.77344262295 0.9476632214161905
8153.785683060109 0.9894877062335494
8163.797923497266 0.9656063426847274
8173.810163934425 0.950568145342492
8183.822404371584 0.9473422353469859
8193.834644808743 0.9584002054310843
8203.846885245901 0.9764075239134622
8213.859125683059 0.9666816460165629
8223.871366120216 0.9442286704757014
8233.883606557376 0.933379341336586
8243.895846994536 0.9632952429864544
8253.908087431693 0.9052930602811837
8263.920327868851 0.9925531231944534
8273.932568306009 0.9246806188611415
8283.944808743168 0.9492842010656738
8293.957049180328 0.918918918918919
8303.969289617486 0.9228670475701355
8313.981530054643 0.9395342492135842
8323.993770491801 0.998539513385119
8334.00601092896 0.9474545804712076
8344.01825136612 1.0180233677858381
8354.030491803278 0.9428323810746614
8364.042732240436 0.9437792899788149
8374.054972677593 0.9159337484753162
8384.067213114753 0.9457854529113436
8394.079453551913 0.9342941516338191
8404.09169398907 0.9417891763497463
8414.103934426228 0.9271201129870964
8424.116174863386 0.8975412467098928
8434.128415300545 0.9170892983244527
8444.140655737705 0.8959844642742505
8454.152896174863 0.9223133466007576
8464.16513661202 0.8514797457790332
8474.177377049178 0.9164312768825833
8484.189617486338 0.9170090518071515
8494.201857923497 0.9035115875970983
8504.214098360655 0.9022757912306606
8514.226338797813 0.9276978879116646
8524.23857923497 0.923541118315465
8534.25081967213 0.9393817808307119
8544.26306010929 0.876468511266611
8554.275300546447 0.9714643384477114
8564.287540983605 0.9049881235154394
8574.299781420763 0.9476150735058098
8584.312021857922 0.9380496886435129
8594.324262295082 0.8958881684534891
8604.33650273224 0.9695544713359441
8614.348743169397 0.9345830390961032
8624.360983606555 1.0290813378699366
8634.373224043715 0.9411151056044168
8644.385464480874 0.9875778391217821
8654.397704918032 0.955864415484368
8664.40994535519 0.9945271875200616
8674.422185792348 0.9833408230082815
8684.434426229507 0.9909802914553508
8694.446666666667 0.9788791166463375
8704.458907103824 0.9735828465044617
8714.471147540982 0.9651248635809205
8724.48338797814 0.99930185529948
8734.4956284153 0.996228413686846
8744.507868852459 0.956634782050459
8754.520109289617 0.8874622841368685
8764.532349726775 0.9029819605829107
8774.544590163932 0.900205431084291
8784.556830601092 0.9870161135006741
8794.569071038251 0.9630705527380111
8804.58131147541 0.9465558194774347
8814.593551912567 1.0089555113308082
8824.605792349725 0.9424150991846953
8834.618032786884 1.0316652757270335
8844.630273224044 0.9102041471400142
8854.642513661202 0.9425113950054568
8864.65475409836 0.8847660011555498
8874.666994535517 1.00977402580728
8884.679234972677 0.9152757270334468
8894.691475409836 0.9326571226808756
8904.703715846994 0.9031103550105926
8914.715956284152 0.9114399435064519
8924.72819672131 0.932336136611671
8934.740437158469 1.0045098542723245
8944.752677595628 0.9027572703344675
8954.764918032786 0.9291583745265455
8964.777158469944 0.9839025486293895
8974.789398907102 0.9096103229119856
8984.801639344261 0.9917025101110611
8994.81387978142 0.9803556525646787
