3508.1061202185792 -1.0262094880225459
3518.118360655738 -0.29133395960544856
3528.130601092896 -0.336249412869892
3538.1428415300543 -0.6136918741193048
3548.155081967213 -0.2874001878816346
3558.1673224043716 -1.2187646782527009
3568.1795628415302 -0.6171676843588539
3578.1918032786884 0.32067872240488493
3588.2040437158466 -0.5312000939408174
3598.2162841530053 -0.516486613433537
3608.228524590164 -0.6365664631282293
3618.2407650273226 -0.11984499765147957
3628.253005464481 -0.25385157350868953
3638.265245901639 0.41755519023015497
3648.2774863387976 0.41257632691404417
3658.2897267759563 -0.12529356505401598
3668.3019672131145 0.01978511038046031
3678.314207650273 -0.08737435415688118
3688.3264480874313 -0.1424847346171912
3698.33868852459 0.038030765617660875
3708.3509289617487 -0.07050493189290748
3718.363169398907 -0.16932832315641147
3728.3754098360655 0.09753522780648193
3738.3876502732237 0.09614138093001409
3748.3998907103824 0.4842531705025834
3758.412131147541 0.20648191639267263
3768.424371584699 0.0037076092062000945
3778.436612021858 0.08199506810709253
3788.448852459016 0.3182480037576327
3798.4610928961747 0.2710075152653828
3808.4733333333334 0.18848050728041332
3818.4855737704916 0.40064584311883517
3828.49781420765 0.04520079849694692
3838.5100546448084 0.23240958196336312
3848.522295081967 0.3366486613433537
3858.5345355191257 0.371911695631752
3868.546775956284 0.20509628933771726
3878.5590163934426 0.21465476749647724
3888.5712568306008 0.20738609675904182
3898.5834972677594 0.32162987317989666
3908.595737704918 0.24572569281352746
3918.6079781420763 0.3789455143259747
3928.620218579235 0.2076561766087365
3938.632459016393 0.4150305307656177
3948.6446994535518 0.4594527947393143
3958.6569398907104 0.30319398778769374
3968.6691803278686 0.16878816345702208
3978.6814207650273 0.2515382808830437
3988.6936612021855 0.2955378111789573
3998.705901639344 0.33375998121183653
4008.7181420765028 0.44471582902771256
4018.730382513661 0.1697627994363551
4028.7426229508196 0.2422733677782997
4038.754863387978 0.22017379051197747
4048.7671038251365 0.3509217942696102
4058.779344262295 0.3685885392202912
4068.7915846994533 0.42235791451385635
4078.803825136612 0.4620948802254579
4088.81606557377 0.4581258806951621
4098.828306010929 0.4756106153123532
4108.8405464480875 0.5999412869891968
4118.852786885245 0.416451385627055
4128.865027322405 0.5516439643024895
4138.8772677595625 0.7106153123532175
4148.88950819672 0.5907703147017379
4158.90174863388 0.37539924847346173
4168.913989071038 0.31003992484734616
4178.926229508197 0.5113668388914984
4188.938469945355 0.5061120244246124
4198.950710382513 0.26430248943165807
4208.962950819672 0.2879286049788633
4218.97519125683 0.6009981211836543
4228.9874316939895 0.607022076092062
4238.999672131147 0.6629051197745421
4249.011912568305 0.6265500234852044
4259.0241530054645 0.7429426961014561
4269.036393442622 0.7580906528886802
4279.048633879782 0.7263269140441522
4289.06087431694 0.8473461719116956
4299.073114754097 0.8358971348050729
4309.085355191257 0.8452090183184593
4319.097595628415 0.7650070455612964
4329.109836065574 0.7821512447158291
4339.122076502732 0.8120479098168154
4349.13431693989 0.8083137623297323
4359.146557377049 0.7666979802724284
4369.158797814207 0.7014208548614372
4379.171038251367 0.8160756223579145
4389.183278688524 0.8351221230624707
4399.195519125682 0.6989549084077032
4409.207759562842 0.7803428839830906
4419.219999999999 0.8316228276186003
4429.232240437159 0.6971113198684828
4439.244480874317 0.7784523250352279
4449.256721311474 0.6651596993893848
4459.268961748634 0.7926256458431189
4469.281202185792 0.6955201972757163
4479.293442622951 0.6171089713480508
4489.305683060109 0.733125880695162
4499.317923497267 0.7328910286519492
4509.330163934426 0.6225692813527478
4519.342404371584 0.606763738844528
4529.354644808744 0.6197510568341945
4539.366885245901 0.628417097228746
4549.379125683059 0.6367778299671207
4559.391366120219 0.504814466885862
4569.403606557376 0.6219116956317521
4579.415846994536 0.7136449037106624
4589.428087431694 0.829356505401597
4599.440327868851 0.7226456082667919
4609.452568306011 0.7655237200563645
4619.464808743169 0.8320338186942227
4629.477049180328 0.7954556129638328
4639.489289617486 0.70477923907938
4649.501530054644 0.7352278064819164
4659.513770491803 0.8181070925317051
4669.526010928961 0.7438351338656647
4679.538251366121 0.8052372005636449
4689.550491803278 0.8422733677782996
4699.562732240436 0.7834664161578206
4709.574972677596 0.8768905589478629
4719.5872131147535 0.8695631751996243
4729.599453551913 0.8088539220291218
4739.611693989071 0.9654415218412402
4749.6239344262285 0.9295091592296852
4759.636174863388 0.938363081258807
4769.648415300546 0.9568341944574917
4779.660655737705 1.0619422263973697
4789.672896174863 0.992132456552372
4799.685136612021 0.9545091592296854
4809.69737704918 1.021230624706435
4819.709617486338 0.9828205730389855
4829.721857923498 1.021524189760451
4839.7340983606555 1.061801315171442
4849.746338797813 0.982867543447628
4859.758579234973 1.0408290277125412
4869.7708196721305 0.9899953029591358
4879.78306010929 1.0394199154532644
4889.795300546448 1.0933419445749177
4899.807540983606 1.0724753405354626
4909.819781420765 1.0302489431658057
4919.832021857923 0.9408525129168624
4929.844262295082 0.9953734147487084
4939.85650273224 1.0149131047440114
4949.868743169398 0.9571277595115077
4959.8809836065575 0.9672381399718178
4969.893224043715 0.9306834194457493
4979.905464480875 0.9420032879286051
4989.9177049180325 0.9699271958666041
4999.92994535519 1.0326679192108972
5009.94218579235 0.9438116486613434
5019.954426229508 0.9891968060122123
5029.966666666666 1.0887505871301082
5039.978907103825 0.9976514795678723
5049.991147540983 0.9922616251761391
5060.003387978142 1.0669798027242838
5070.0156284153 1.0101338656646313
5080.027868852459 1.0162752465946454
5090.040109289617 1.0352630342883984
5100.052349726775 1.1491662752465948
5110.064590163935 1.034687646782527
5120.076830601092 1.0
5130.089071038251 0.9691874119304839
5140.10131147541 1.0150892437764207
5150.113551912567 0.870385157350869
5160.125792349727 0.8308478158759981
5170.138032786885 1.0020549553781117
5180.150273224043 0.9314232033818693
5190.162513661202 1.0802724283701268
5200.17475409836 1.0621301080319399
5210.186994535519 0.8918858619069987
5220.199234972677 1.0181305777360263
5230.211475409835 1.0236613433536872
5240.223715846994 1.030789102865195
5250.235956284152 1.0301550023485204
5260.248196721312 1.0424729920150306
5270.260437158469 1.0332080789102867
5280.272677595627 0.992977923907938
5290.284918032787 1.0421265852512918
5300.297158469944 1.059464537341475
5310.309398907104 0.9776538280883045
5320.321639344262 0.9576092062000939
5330.3338797814195 1.013914983560357
5340.346120218579 0.9130342883983091
5350.358360655737 0.98069516204791
5360.370601092896 1.0608736496007516
5370.382841530054 0.9821042743071865
5380.395081967212 0.9622005636449038
5390.407322404371 1.0307186472522312
5400.419562841529 0.9695044621888211
5410.431803278689 6.441521841240019e-28
5420.444043715846 0.8154532644434007
5430.456284153004 0.9845291216533585
5440.468524590164 0.9850868952559888
5450.4807650273215 0.9720878346641616
5460.493005464481 0.9992367308595586
5470.505245901639 0.9103922029121654
5480.5174863387965 0.7976632221700329
5490.529726775956 0.8653710662282761
5500.541967213114 1.045514325974636
5510.554207650273 1.0513503992484736
5520.566448087431 1.1149365899483326
5530.578688524589 1.093236261155472
5540.590928961748 1.0283583842179427
5550.603169398906 1.1121418506341005
5560.615409836066 1.0607386096759042
5570.6276502732235 1.0524307186472524
5580.639890710382 0.932738374823861
5590.652131147541 1.008877407233443
5600.6643715846985 1.1138914983560357
5610.676612021858 1.0898074213245657
5620.688852459016 1.13290277125411
5630.701092896174 1.0851338656646312
5640.713333333333 0.9738844527947395
5650.725573770491 1.0519962423673086
5660.73781420765 1.0602395490840772
5670.750054644808 1.1304250821982151
5680.762295081966 1.1260333489901362
5690.7745355191255 1.0732973226867075
5700.786775956283 1.085991075622358
5710.799016393443 1.0493071864725223
5720.8112568306005 1.0136096759041804
5730.823497267758 1.0198802254579615
5740.835737704918 1.0897134805072803
5750.847978142076 1.038104744011273
5760.860218579235 1.0397369657116018
5770.872459016393 1.0286402066697982
5780.884699453551 1.031540629403476
5790.89693989071 1.067977923907938
5800.909180327868 0.9941169563175201
5810.9214207650275 1.0426491310474402
5820.933661202185 1.0263269140441522
5830.945901639343 1.1066932832315641
5840.958142076503 1.0522076092062
5850.97038251366 1.0606975105683418
5860.98262295082 1.0874706434945984
5870.994863387978 1.1103217472992015
5881.007103825135 1.1152184124001878
5891.019344262295 0.9685767966181306
5901.031584699453 1.1427782996712073
5911.043825136611 1.1382104274307188
5921.05606557377 1.0777712541099107
5931.068306010928 1.0674142790042274
5941.080546448087 1.0653006106153124
5951.092786885245 1.11231798966651
5961.105027322404 1.099941286989197
5971.117267759562 1.122040864255519
5981.12950819672 1.0987376702677314
5991.14174863388 1.1084664161578206
6001.153989071037 1.0498238609675905
6011.166229508196 1.1126702677313292
6021.178469945355 1.1381986848285581
6031.190710382512 1.1262564584311885
6041.202950819672 1.0583959605448567
6051.21519125683 1.0225575387505872
6061.227431693988 1.1275598872710193
6071.239672131147 1.149025364020667
6081.251912568305 1.0955612963832786
6091.264153005464 1.1283466416157821
6101.276393442622 1.1094058243306717
6111.288633879781 1.1103100046970409
6121.300874316939 1.112811178957257
6131.313114754097 1.045643494598403
6141.325355191257 1.0969938938468766
6151.337595628414 1.1296735556599342
6161.349836065573 1.134135744480977
6171.362076502732 1.119504462188821
6181.3743169398895 1.1619539689995304
6191.386557377049 1.112517613903241
6201.398797814207 1.06414983560357
6211.411038251365 1.0812940347581024
6221.423278688524 1.1336073273837481
6231.435519125682 1.0362024424612495
6241.447759562841 0.9263386566463129
6251.459999999999 1.0063292625645843
6261.472240437158 1.0328558008454674
6271.484480874316 1.1252465946453734
6281.496721311474 1.127054955378112
6291.508961748634 1.0808830436824801
6301.5212021857915 1.05643494598403
6311.53344262295 1.1160403945514326
6321.545683060109 1.1183302019727572
6331.5579234972665 1.084852043212776
6341.570163934426 1.0829614842649131
6351.582404371584 1.0526303428839832
6361.5946448087425 1.0855565993424143
6371.606885245901 1.0399835603569751
6381.619125683059 1.061120244246125
6391.631366120218 1.0797792390793801
6401.643606557376 1.0639032409581963
6411.655846994535 1.032151244715829
6421.6680874316935 1.0615194927195868
6431.680327868851 1.0549436355096289
6441.692568306011 1.0243424142790043
6451.7048087431685 1.02959135744481
6461.717049180327 0.9934593705965241
6471.729289617486 1.0370126820103336
6481.741530054644 0.9822217003287929
6491.753770491803 0.9808595584781589
6501.766010928961 1.0050023485204322
6511.77825136612 0.9983912635039924
6521.790491803278 0.9732151244715829
6531.802732240436 0.974318929074683
6541.8149726775955 0.9581963363081258
6551.827213114753 1.0307186472522312
6561.839453551912 0.9973931423203383
6571.851693989071 1.0322569281352747
6581.863934426228 1.0060591827148897
6591.876174863388 0.9635744480976985
6601.888415300546 0.9992015030530765
6611.900655737704 1.0127054955378112
6621.912896174863 0.9692226397369658
6631.925136612021 0.9624823860967591
6641.93737704918 1.0242015030530767
6651.949617486338 1.003546265852513
6661.961857923497 0.9932891028651949
6671.974098360655 1.0171911695631752
6681.986338797813 1.0493306716768436
6691.998579234973 1.0209605448567403
6702.01081967213 1.0522076092062
6712.023060109289 1.0838656646312823
6722.035300546448 1.0387036167214656
6732.047540983605 1.0273015500234852
6742.059781420765 1.0057656176608736
6752.072021857923 1.0542155941756695
6762.084262295081 1.0653710662282763
6772.09650273224 1.0273015500234852
6782.108743169398 1.0352395490840771
6792.120983606557 1.0274659464537341
6802.133224043715 1.0112259276655706
6812.145464480874 1.0852278064819165
6822.157704918032 1.0265382808830437
6832.16994535519 1.1591474870831375
6842.18218579235 1.0511977454203851
6852.194426229507 1.0755049318929075
6862.206666666666 1.0477101925786754
6872.218907103825 1.078616721465477
6882.231147540982 0.9889736965711603
6892.243387978142 1.078769375293565
6902.2556284153 1.0817754814466887
6912.2678688524575 1.0641615782057303
6922.280109289617 1.0603922029121653
6932.292349726775 1.052829967120714
6942.304590163934 1.0106916392672616
6952.316830601092 1.155753875058713
6962.32907103825 1.0253757632691405
6972.341311475409 1.1864725223109442
6982.353551912567 1.0481094410521372
6992.365792349727 0.9945984030061062
7002.378032786884 1.0280765617660874
7012.390273224042 1.0203734147487082
7022.402513661202 1.0108031939877877
7032.4147540983595 1.0156176608736496
7042.426994535519 1.0133395960544858
7052.439234972677 1.0144081728511039
7062.4514754098345 0.9700798496946923
7072.463715846994 1.0049377642085486
7082.475956284152 0.9910521371535932
7092.488196721311 1.0039455143259746
7102.500437158469 0.9821042743071865
7112.512677595627 1.0238492249882574
7122.524918032786 1.032738374823861
7132.537158469944 1.0220760920620011
7142.549398907104 0.9524776890558948
7152.5616393442615 0.975164396430249
7162.573879781419 0.9779473931423204
7172.586120218579 0.9774659464537342
7182.5983606557365 0.9900422733677783
7192.610601092895 0.98768201033349
7202.622841530054 1.0034640676373885
7212.635081967212 0.9655530765617661
7222.647322404371 0.9924847346171911
7232.659562841529 0.9561883513386568
7242.671803278688 1.0750469704086427
7252.684043715846 0.992754814466886
7262.696284153004 0.9645490840770315
7272.7085245901635 0.9849107562235792
7282.720765027321 1.0326561766087365
7292.73300546448 1.0080201972757163
7302.745245901639 0.9974753405354626
7312.757486338796 1.0056481916392674
7322.769726775956 0.9709135744480978
7332.781967213114 0.9683889149835604
7342.794207650272 1.0192226397369657
7352.806448087431 0.9823215124471583
7362.818688524589 1.017848755284171
7372.830928961748 0.9987905119774543
7382.843169398906 1.0182127759511508
7392.855409836065 0.9636683889149836
7402.867650273223 0.9781939877876937
7412.879890710381 1.0076914044152183
7422.892131147541 0.9988374823860969
7432.904371584698 1.0311061531235322
7442.916612021857 0.984687646782527
7452.928852459016 1.0009981211836545
7462.941092896173 1.0338656646312823
7472.953333333333 0.993071864725223
7482.965573770491 0.9594997651479568
7492.977814207649 0.9787811178957259
7502.990054644808 0.8840418036636919
7513.002295081966 0.8202325035227807
7523.014535519125 0.8490488492249884
7533.026775956283 0.8446336308125881
7543.039016393442 0.8993776420854861
7553.0512568306 0.8526773132926257
7563.063497267758 0.9539455143259746
7573.075737704918 0.9278064819163927
7583.087978142075 0.9296148426491311
7593.100218579234 0.8841474870831376
7603.112459016393 1.2180601221230625
7613.124699453551 1.1063879755753876
7623.13693989071 0.9631575857209959
7633.149180327868 0.9916157820573039
7643.161420765026 1.0020079849694694
7653.173661202185 0.9643846876467825
7663.185901639344 1.0410051667449507
7673.198142076502 0.955201972757163
7683.21038251366 0.9638093001409113
7693.222622950819 0.9697510568341945
7703.234863387977 0.9698449976514796
7713.247103825135 1.0677782996712073
7723.259344262294 1.0110263034288398
7733.271584699452 0.9622592766557069
7743.283825136611 0.9651362141850635
7753.29606557377 0.9542155941756694
7763.3083060109275 0.9628522780648192
7773.320546448086 0.9941052137153594
7783.332786885245 1.0085133865664633
7793.345027322403 1.0070690465007046
7803.357267759562 1.0348872710192578
7813.36950819672 0.9693635509628934
7823.3817486338785 1.0049671207139503
7833.393989071037 0.9711836542977925
7843.406229508196 1.002994363550963
7853.418469945354 1.0349694692343825
7863.430710382512 1.0210897134805073
7873.442950819671 1.0084899013621418
7883.4551912568295 1.0526538280883044
7893.467431693988 1.0621888210427433
7903.479672131147 1.0071395021136684
7913.4919125683045 1.0228393612024425
7923.504153005463 1.0328088304368248
7933.516393442622 1.0647017379051198
7943.5286338797805 1.0210192578675434
7953.540874316939 1.0516322217003289
7963.553114754097 1.034652418976045
7973.565355191256 1.0471348050728042
7983.577595628414 1.0625058713010804
7993.589836065573 1.0399835603569751
8003.6020765027315 1.0582315641146078
8013.614316939889 1.0644199154532645
8023.626557377048 1.0910521371535933
8033.638797814207 1.0700328792860498
8043.651038251365 0.9957609206200095
8053.663278688524 1.0588304368248005
8063.675519125682 1.043987787693753
8073.68775956284 1.0273485204321278
8083.699999999999 0.9971113198684829
8093.712240437158 1.033842179426961
8103.724480874316 1.0403593236261155
8113.736721311474 0.9430483795209019
8123.748961748633 0.9510685767966182
8133.761202185791 1.0063527477689056
8143.77344262295 1.0020432127759513
8153.785683060109 0.9997651479567873
8163.797923497266 0.9580906528886801
8173.810163934425 0.9700798496946923
8183.822404371584 1.0123297322686706
8193.834644808743 1.0136918741193048
8203.846885245901 1.0072334429309535
8213.859125683059 0.9583489901362142
8223.871366120216 0.9910756223579146
8233.883606557376 0.9781117895725694
8243.895846994536 1.0251409112259278
8253.908087431693 1.0255988727101926
8263.920327868851 1.0294034758102395
8273.932568306009 1.0312118365429779
8283.944808743168 1.1244246124941288
8293.957049180328 1.0344175669328324
8303.969289617486 1.0286167214654767
8313.981530054643 1.0129109910756224
8323.993770491801 1.0284992954438705
8334.00601092896 0.978252700798497
8344.01825136612 1.0359088774072336
8354.030491803278 1.0190112728980742
8364.042732240436 0.9989431658055424
8374.054972677593 1.0033231564114609
8384.067213114753 1.044539689995303
8394.079453551913 0.9401362141850634
8404.09169398907 0.9264208548614374
8414.103934426228 1.0007867543447628
8424.116174863386 0.9892790042273368
8434.128415300545 1.0261977454203852
8444.140655737705 0.9930366369187411
8454.152896174863 0.9895255988727102
8464.16513661202 0.9895608266791922
8474.177377049178 0.968365429779239
8484.189617486338 1.0152771254109911
8494.201857923497 1.0108853922029122
8504.214098360655 1.0387623297322688
8514.226338797813 0.9891968060122123
8524.23857923497 1.0129873179896667
8534.25081967213 0.9940347581023955
8544.26306010929 1.0133161108501645
8554.275300546447 1.0013503992484736
8564.287540983605 1.0121183654297792
8574.299781420763 1.0188116486613434
8584.312021857922 0.9723344293095351
8594.324262295082 1.062482386096759
8604.33650273224 1.0083255049318929
8614.348743169397 1.0492719586660404
8624.360983606555 1.1074095819633631
8634.373224043715 1.1048966651009864
8644.385464480874 1.020314701737905
8654.397704918032 1.173637858149366
8664.40994535519 1.0553546265852514
8674.422185792348 1.014466885861907
8684.434426229507 1.0276538280883045
8694.446666666667 0.9509981211836542
8704.458907103824 1.0168858619069987
8714.471147540982 1.0288985439173322
8724.48338797814 0.9998062470643495
8734.4956284153 0.9437764208548615
8744.507868852459 0.9912517613903242
8754.520109289617 1.0490840770314702
8764.532349726775 1.23602630342884
8774.544590163932 1.0814936589948332
8784.556830601092 0.9947158290277125
8794.569071038251 1.0189643024894317
8804.58131147541 0.9693165805542509
8814.593551912567 1.025587130108032
8824.605792349725 0.9465946453734148
8834.618032786884 0.9773720056364491
8844.630273224044 0.9645725692813528
8854.642513661202 1.032480037576327
8864.65475409836 1.0258572099577266
8874.666994535517 1.0075857209957726
8884.679234972677 0.999741662752466
8894.691475409836 1.0439055894786284
8904.703715846994 1.0054720526068577
8914.715956284152 0.9656998590887742
8924.72819672131 1.0240840770314703
8934.740437158469 0.953252700798497
8944.752677595628 0.9975575387505872
8954.764918032786 0.9167801784875528
8964.777158469944 0.9097346171911695
8974.789398907102 0.9860967590418037
8984.801639344261 1.0040394551432599
8994.81387978142 1.0142555190230156
