3507.325919854281 0.8927326594632277
3517.3377595628417 3.1042174973858487
3527.3495992714024 1.4979958173579646
3537.361438979964 1.9565179505054024
3547.373278688525 3.746253049843151
3557.3851183970855 1.1193795747647264
3567.396958105647 2.876002091321018
3577.408797814208 1.1524921575461833
3587.4206375227686 2.4316835134193098
3597.43247723133 1.489020564656675
3607.444316939891 1.2504356918787034
3617.4561566484517 2.548536075287557
3627.467996357013 1.3898570930637852
3637.479836065574 2.004313349599164
3647.491675774135 3.5934994771697455
3657.503515482696 3.0781631230393867
3667.515355191257 0.571392471244336
3677.527194899818 1.9627919135587313
3687.5390346083786 2.0480132450331126
3697.5508743169403 0.3473074241896131
3707.562714025501 2.0537643778319974
3717.5745537340617 1.396653886371558
3727.5863934426234 1.1968455907981874
3737.598233151184 2.342105263157895
3747.610072859745 3.256796793307773
3757.6219125683065 1.8168351341930986
3767.633752276867 2.4263680724991286
3777.645591985428 1.819972115719763
3787.6574316939896 3.15719762983618
3797.6692714025503 3.1172011153712096
3807.681111111111 2.9453642384105962
3817.6929508196727 3.2843325200418265
3827.7047905282334 1.6700941094458002
3837.716630236794 2.2501742767514816
3847.7284699453553 3.2717845939351693
3857.7403096539165 2.5179505054025797
3867.752149362477 2.289560822586267
3877.7639890710384 2.142645521087487
3887.7758287795996 2.2663820146392473
3897.7876684881603 3.120860927152318
3907.7995081967215 3.5947629836179855
3917.8113479052827 2.1683513419309866
3927.8231876138434 2.742680376437783
3937.835027322404 2.6334088532589752
3947.8468670309658 3.1334088532589752
3957.8587067395265 1.8762635064482398
3967.870546448087 2.2113976995468803
3977.882386156649 1.5386023004531197
3987.8942258652096 2.495120250958522
3997.9060655737703 2.3888114325548973
4007.917905282332 2.0354653189264553
4017.9297449908927 2.1476124085047057
4027.9415846994534 2.199111188567445
4037.953424408015 1.4530759846636458
4047.965264116576 2.281195538515162
4057.9771038251365 2.312913907284768
4067.988943533698 3.2960962007668178
4078.000783242259 2.4420529801324506
4088.0126229508196 2.1672185430463577
4098.024462659381 2.4321192052980134
4108.036302367942 2.3537818055071456
4118.048142076503 2.180115022655978
4128.059981785063 2.492157546183339
4138.071821493625 2.158766120599512
4148.083661202186 2.201638201463925
4158.095500910747 2.1454339491111885
4168.107340619308 2.407807598466365
4178.119180327869 2.1120599512025096
4188.13102003643 2.369205298013245
4198.142859744991 2.4912861624259324
4208.154699453552 1.5416521436040433
4218.166539162114 2.557075636110143
4228.178378870674 2.228563959567794
4238.190218579235 2.3611014290693624
4248.202058287796 2.2283025444405715
4258.2138979963565 2.1618159637504357
4268.225737704918 1.8901185081910072
4278.23757741348 2.0135935866155457
4288.2494171220405 1.941878703380969
4298.261256830601 2.1605088881143257
4308.273096539162 1.6708347856395958
4318.284936247723 1.9315092366678288
4328.296775956284 1.5528929940745906
4338.308615664845 2.1170268386197284
4348.320455373407 2.138724294179157
4358.3322950819675 2.5365109794353433
4368.344134790528 2.0182119205298013
4378.355974499089 1.5583827117462532
4388.367814207651 1.9007493900313697
4398.379653916211 1.9975601254792614
4408.391493624773 1.878616242593238
4418.403333333334 1.755925409550366
4428.415173041894 2.0815615196932726
4438.427012750455 1.8289909376089228
4448.438852459017 1.5968107354478913
4458.4506921675775 1.9399616591146742
4468.462531876139 2.106483095155107
4478.4743715847 1.5133321714883234
4488.486211293261 1.7865109794353433
4498.498051001821 1.9679330777274313
4508.509890710382 1.605785988149181
4518.521730418944 1.6885674451028234
4528.533570127505 1.8455907981875217
4538.545409836066 2.0377309166957125
4548.557249544627 1.8213663297316138
4558.5690892531875 1.867113976995469
4568.580928961748 1.4925932380620426
4578.59276867031 2.0658766120599514
4588.6046083788715 1.599512025095852
4598.616448087432 2.206430812129662
4608.628287795993 1.6856047403276402
4618.640127504554 1.5331125827814571
4628.651967213114 1.8248518647612408
4638.663806921676 1.8631927500871384
4648.675646630237 1.803328685953294
4658.687486338798 1.6321889159986058
4668.699326047359 1.8748692924363892
4678.71116575592 1.9941617288253748
4688.723005464481 1.9466713140467062
4698.734845173041 1.6659114674102475
4708.746684881603 1.6715754618333913
4718.758524590165 1.7086964098989197
4728.770364298725 1.7318752178459396
4738.782204007286 1.486842105263158
4748.794043715847 1.8467235970721507
4758.8058834244075 1.6786336702683862
4768.817723132969 1.6518821889159987
4778.829562841531 1.7816312303938655
4788.8414025500915 1.7891251307075635
4798.853242258652 1.8785291042174976
4808.865081967213 1.7039037992331825
4818.876921675774 1.401533635413036
4828.888761384335 1.6986754966887418
4838.900601092897 1.732572324851865
4848.912440801458 1.47420704078076
4858.924280510018 1.698849773440223
4868.936120218579 1.7829383060299757
4878.94795992714 1.7008539560822586
4888.9597996357015 1.660944579993029
4898.971639344262 1.5372080864412687
4908.983479052824 1.2553154409201814
4918.995318761385 1.1871732310909726
4929.007158469945 1.6736667828511678
4939.018998178506 1.7453816660857444
4949.030837887067 1.5792087835482747
4959.042677595628 1.7035552457302197
4969.05451730419 1.7622865109794357
4979.066357012751 1.285683164865807
4989.0781967213115 1.5881840362495643
4999.090036429872 1.36467410247473
5009.101876138433 1.3478563959567793
5019.113715846995 2.090449634018822
5029.125555555556 1.8930812129661903
5039.137395264117 1.548448936911816
5049.149234972678 1.39691530149878
5059.1610746812385 1.4957302195887068
5069.172914389799 1.4945974207040782
5079.184754098361 1.4979958173579646
5089.1965938069225 1.4151272220285815
5099.208433515483 1.589403973509934
5109.220273224044 1.4898919484140816
5119.232112932605 1.6165040083652842
5129.243952641165 1.3690310212617638
5139.255792349727 1.265597769257581
5149.267632058288 1.807859881491809
5159.279471766849 1.640205646566748
5169.29131147541 1.9369989543394912
5179.303151183971 1.6166782851167654
5189.314990892532 1.5328511676542351
5199.326830601093 1.4349947716974556
5209.338670309654 1.5045311955385152
5219.350510018216 1.3860230045311956
5229.362349726776 1.2342279539909378
5239.374189435337 1.4417044266294878
5249.386029143898 1.3928633670268387
5259.3978688524585 1.5026141512722202
5269.40970856102 1.6712269083304288
5279.421548269582 1.378093412338794
5289.4333879781425 1.3799233182293482
5299.445227686703 1.4995643081212968
5309.457067395264 1.5870512373649355
5319.468907103825 1.602823283373998
5329.480746812386 1.224468455907982
5339.492586520948 1.3366155454862323
5349.504426229509 1.4013593586615547
5359.516265938069 1.332607180202161
5369.52810564663 1.34280237016382
5379.539945355191 1.2192837225514115
5389.5517850637525 1.5910596026490067
5399.563624772313 1.3783548274660162
5409.575464480875 0.9903276402927851
5419.587304189436 1.185430463576159
5429.599143897996 1.540432206343674
5439.610983606557 1.4178285116765423
5449.622823315119 1.583391425583827
5459.634663023679 1.1852561868246776
5469.646502732241 1.2214186127570583
5479.658342440802 1.325636110142907
5489.6701821493625 1.4588706866504009
5499.682021857923 1.1814220982920878
5509.693861566484 1.275095852213315
5519.705701275046 1.264290693621471
5529.717540983607 1.4356047403276404
5539.729380692168 1.3752178459393518
5549.741220400729 1.4521610317183689
5559.753060109289 1.2620250958522132
5569.76489981785 1.1836005576856048
5579.776739526412 0.9730742418961311
5589.788579234973 1.2811084001394215
5599.800418943534 1.3048100383408854
5609.812258652095 1.2831997211571975
5619.824098360656 1.4899790867898224
5629.835938069216 1.2899093760892297
5639.847777777777 1.1865632624607878
5649.85961748634 1.2843760892296967
5659.8714571949 1.3624956430812132
5669.883296903461 1.1907459044963402
5679.895136612022 1.0460962007668178
5689.9069763205825 1.2070407807598467
5699.918816029143 1.2919135587312651
5709.930655737706 1.1890902753572674
5719.942495446267 1.302457302195887
5729.954335154827 0.9749041477866853
5739.966174863388 1.2711746253049845
5749.978014571949 1.15074939003137
5759.9898542805095 1.1113628441965844
5770.001693989071 0.8666521436040432
5780.013533697633 1.254139072847682
5790.0253734061935 1.2348379226211224
5800.037213114754 1.4048448936911817
5810.049052823315 1.396653886371558
5820.060892531876 1.1029104217497387
5830.072732240437 0.9577378877657721
5840.084571948999 1.274747298710352
5850.09641165756 1.1674799581735797
5860.10825136612 1.0946322760543743
5870.120091074681 1.0561171139769956
5880.131930783242 1.0
5890.143770491803 1.008888114325549
5900.155610200365 1.220721505751133
5910.167449908926 1.332868595329383
5920.179289617487 1.1888288602300454
5930.191129326047 1.1040432206343673
5940.202969034608 1.1979783896828164
5950.214808743169 0.9905890554200071
5960.226648451731 1.3377483443708609
5970.238488160292 1.223945625653538
5980.250327868853 1.1338445451376786
5990.2621675774135 1.1826420355524574
6000.274007285974 1.0434820494945976
6010.285846994535 1.13401882188916
6020.297686703097 1.182467758800976
6030.309526411658 1.054897176716626
6040.321366120219 1.2884280237016381
6050.33320582878 0.956822934820495
6060.34504553734 1.1232136632973162
6070.356885245901 1.1360230045311956
6080.368724954463 0.9571279191355874
6090.380564663024 1.0407807598466363
6100.392404371585 1.025618682467759
6110.404244080146 1.156849076333217
6120.416083788707 1.1421226908330429
6130.427923497267 1.1233008016730568
6140.439763205828 1.002439874520739
6150.451602914391 1.0515859184384804
6160.463442622951 1.09280237016382
6170.475282331512 0.9738584872777971
6180.487122040073 1.1243900313698154
6190.4989617486335 1.0205646566747997
6200.510801457194 1.0327640292784943
6210.522641165757 1.1074416172882537
6220.5344808743175 1.0943708609271523
6230.546320582878 0.9485883583130011
6240.558160291439 1.0474904147786686
6250.57 1.1230393865458348
6260.58183970856 1.135935866155455
6270.593679417122 0.8552544440571628
6280.605519125684 0.9126873475078426
6290.617358834244 0.9673231090972465
6300.629198542805 0.8068577901707913
6310.641038251366 0.895346810735448
6320.652877959927 0.9916782851167655
6330.664717668488 1.0357267340536773
6340.67655737705 0.9636632973161382
6350.688397085611 1.011850819100732
6360.700236794171 0.9961659114674103
6370.712076502732 0.9138201463924712
6380.723916211293 0.9789125130707563
6390.735755919854 1.0850470547229
6400.747595628416 0.996514464970373
6410.759435336977 0.858635413035901
6420.771275045538 1.002962704775183
6430.783114754098 0.9275008713837575
6440.794954462659 1.0219588706866505
6450.80679417122 0.9024050191704428
6460.818633879782 0.895346810735448
6470.830473588343 0.9500697107005927
6480.842313296904 0.9261066573719066
6490.8541530054645 0.9187870338096898
6500.865992714025 0.9057162774485885
6510.877832422586 0.9837051237364937
6520.889672131148 1.0653537818055072
6530.901511839709 0.9837051237364937
6540.91335154827 0.9322934820494947
6550.925191256831 0.8759149529452772
6560.937030965391 0.9764726385500175
6570.948870673952 0.9002265597769257
6580.960710382514 0.8484184384803067
6590.972550091075 0.9703729522481701
6600.984389799636 0.8700505402579296
6610.996229508197 0.944318577901708
6621.008069216758 0.7984140815615197
6631.019908925318 0.8500174276751482
6641.03174863388 0.9205298013245033
6651.043588342442 0.8403014987800628
6661.055428051002 0.9713314743813176
6671.067267759563 0.7355088881143256
6681.079107468124 1.0553328685953294
6691.0909471766845 0.98710352039038
6701.102786885245 0.9010979435343326
6711.114626593808 0.7213576158940397
6721.1264663023685 0.8514464970372952
6731.138306010929 0.8581735796444755
6741.15014571949 0.9835308469850123
6751.161985428051 0.7345852213314744
6761.173825136611 0.8703032415475775
6771.185664845173 0.9110317183687697
6781.197504553735 1.0441791565005227
6791.209344262295 0.9130359010108052
6801.221183970856 1.0310212617636807
6811.233023679417 0.8835831300104566
6821.244863387978 0.8897699546880445
6831.256703096539 0.9313349599163472
6841.268542805101 0.8892471244336005
6851.280382513662 0.9148222377134893
6861.292222222222 0.8976995468804462
6871.304061930783 0.8604566050888812
6881.315901639344 0.8002788428023702
6891.327741347905 0.8215928895085396
6901.339581056467 0.9389159986057859
6911.351420765028 0.842140118508191
6921.3632604735885 0.765066225165563
6931.375100182149 1.0129836179853609
6941.38693989071 0.810691878703381
6951.398779599271 1.1640815615196933
6961.410619307833 0.7075026141512722
6971.422459016394 0.8701115371209481
6981.434298724955 0.8424102474729871
6991.446138433515 0.7355219588706866
7001.457978142076 0.8008713837574069
7011.469817850637 0.7970982920878354
7021.481657559199 0.787225514116417
7031.49349726776 0.8142035552457303
7041.505336976321 0.7486754966887418
7051.517176684882 0.7639421401185083
7061.529016393442 0.731570233530847
7071.540856102003 0.7661380271871733
7081.552695810565 0.6490676193795748
7091.564535519126 0.8094545137678635
7101.576375227687 0.7587835482746602
7111.588214936248 0.823065528058557
7121.600054644809 0.798183164865807
7131.611894353369 0.7638375740676194
7141.623734061931 0.8040257929592193
7151.635573770493 0.6731700941094458
7161.647413479053 0.770346810735448
7171.659253187614 0.745738933426281
7181.671092896175 0.7918612757058209
7191.6829326047355 0.6566399442314396
7201.694772313296 0.7611101429069362
7211.706612021859 0.7620512373649356
7221.7184517304195 0.7455646566747995
7231.73029143898 0.7726124085047056
7241.742131147541 0.8024137330080168
7251.753970856102 0.6910901010805158
7261.765810564662 0.7278842802370163
7271.777650273225 0.7016556291390729
7281.789489981786 0.8021174625304985
7291.801329690346 0.6184384803067271
7301.813169398907 0.7179505054025793
7311.825009107468 0.7658243290345068
7321.836848816029 0.6534855350296271
7331.84868852459 0.6957737887765773
7341.860528233152 0.6349686301847334
7351.872367941713 0.7914342976646915
7361.884207650273 0.6476472638550018
7371.896047358834 0.619972115719763
7381.907887067395 0.6269344719414431
7391.919726775956 0.7386240850470548
7401.931566484518 0.7906849076333218
7411.943406193079 0.7459916347159289
7421.9552459016395 0.7438915998605786
7431.9670856102 0.6972551411641688
7441.978925318761 0.6481352387591496
7451.990765027322 0.654888462879052
7462.002604735884 0.7230742418961311
7472.014444444445 0.6840188218891601
7482.026284153006 0.7435169048448937
7492.038123861566 0.6487364935517602
7502.049963570127 0.7127047751829906
7512.061803278688 0.7895782502614151
7522.07364298725 1.080820843499477
7532.085482695811 0.8766991983269432
7542.097322404372 0.7524485883583131
7552.109162112933 0.7359097246427327
7562.121001821493 0.701150226559777
7572.132841530054 0.6750697107005926
7582.144681238616 0.6012896479609621
7592.156520947177 0.5835047054722899
7602.168360655738 0.7263332171488324
7612.180200364299 0.6770913210177762
7622.1920400728595 0.6616242593238062
7632.20387978142 0.6876786336702684
7642.215719489982 0.6580515859184385
7652.2275591985435 0.6446061345416522
7662.239398907104 0.688915998605786
7672.251238615665 0.6243028929940746
7682.263078324226 0.603738236319275
7692.274918032786 0.6337399790867899
7702.286757741348 0.6698152666434298
7712.29859744991 0.7295137678633671
7722.31043715847 0.5829383060299757
7732.322276867031 0.5961920529801324
7742.334116575592 0.6330515859184385
7752.345956284153 0.57191530149878
7762.357795992713 0.6681770651795051
7772.369635701275 0.6146218194492855
7782.381475409837 0.5325113279888464
7792.393315118397 0.6806204252352737
7802.405154826958 0.698588358313001
7812.416994535519 0.5873910770303241
7822.42883424408 0.585683164865807
7832.440673952641 0.6717410247472987
7842.452513661203 0.6645259672359708
7852.464353369764 0.6110230045311955
7862.476193078324 0.7110491460439178
7872.488032786885 0.5508713837574067
7882.499872495446 0.576673056814221
7892.511712204007 0.5866416869989544
7902.523551912569 0.6488236319275009
7912.53539162113 0.36817706517950505
7922.5472313296905 0.5493377483443709
7932.559071038251 0.6721070059254096
7942.570910746812 0.6068752178459393
7952.582750455374 0.6565528058556989
7962.594590163935 0.685691878703381
7972.606429872496 0.4933949111188567
7982.618269581057 0.590597769257581
7992.630109289617 0.6186388985709307
8002.641948998178 0.6168177065179505
8012.653788706739 0.6338706866504009
8022.6656284153005 0.45321540606483096
8032.677468123862 0.6377047751829906
8042.689307832423 0.7304548623213664
8052.701147540984 0.6897699546880446
8062.712987249544 0.49955559428372254
8072.724826958105 0.6843412338794005
8082.736666666667 0.4661815963750436
8092.748506375228 0.547037295224817
8102.760346083789 0.5422533983966539
8112.77218579235 0.46919658417567095
8122.7840255009105 0.5543046357615894
8132.795865209471 0.5745730219588707
8142.807704918033 0.5037033809689787
8152.8195446265945 0.596514464970373
8162.831384335155 0.6425409550365981
8172.843224043716 0.6204078075984664
8182.855063752277 0.5289647960962008
8192.866903460837 0.5598030672708262
8202.8787431694 0.6212356221680028
8212.89058287796 0.6099076333217149
8222.902422586521 0.47783199721157193
8232.914262295082 0.42855524573021964
8242.926102003643 0.6007581038689439
8252.937941712204 0.5990066225165563
8262.949781420764 0.5621470895782503
8272.961621129325 0.680907981875218
8282.973460837888 0.6517514813523876
8292.985300546448 0.6022568839316835
8302.997140255009 0.559663645869641
8313.00897996357 0.4650139421401185
8323.02081967213 0.49069362147089585
8333.032659380693 0.5289125130707564
8343.044499089254 0.4891164168699895
8353.056338797815 0.5222725688393168
8363.068178506375 0.405663994423144
8373.080018214936 0.6410857441617288
8383.091857923497 0.5579731613802719
8393.103697632057 0.4510108051585919
8403.11553734062 0.6052718717323109
8413.12737704918 0.4905716277448589
8423.139216757741 0.4963663297316138
8433.151056466302 0.43392296967584526
8443.162896174863 0.6180812129661903
8453.174735883425 0.5656413384454514
8463.186575591986 0.594078947368421
8473.198415300547 0.4316312303938655
8483.210255009108 0.49648832345765076
8493.222094717668 0.5090449634018822
8503.23393442623 0.6247995817357964
8513.24577413479 0.5698675496688742
8523.25761384335 0.5800714534681074
8533.269453551913 0.6197978389682817
8543.281293260474 0.49872777971418614
8553.293132969035 0.5832607180202162
8563.304972677595 0.614560822586267
8573.316812386156 0.5019867549668875
8583.328652094719 0.39549494597420704
8593.34049180328 0.593939525967236
8603.35233151184 0.497542697804113
8613.3641712204 0.5609097246427327
8623.376010928961 0.45911467410247475
8633.387850637522 0.5243726036946672
8643.399690346083 0.4246775880097595
8653.411530054645 0.6041129313349599
8663.423369763206 0.5404932032066923
8673.435209471767 0.49505054025792955
8683.447049180328 0.4529365632624608
8693.458888888888 0.4842018124782154
8703.470728597451 0.5573021958870688
8713.482568306012 0.4749390031369815
8723.494408014572 0.4688741721854305
8733.506247723133 0.5075636110142907
8743.518087431694 0.48817532241199024
8753.529927140255 0.621514464970373
8763.541766848815 0.5213837574067619
8773.553606557376 0.34285465318926456
8783.565446265939 0.45328511676542355
8793.5772859745 0.4720285813872429
8803.58912568306 0.6086964098989196
8813.60096539162 0.5429679330777275
8823.612805100182 0.43084698501219937
8833.624644808744 0.4470198675496689
8843.636484517305 0.4929417915650052
8853.648324225866 0.5362234227953991
8863.660163934426 0.5495425235273614
8873.672003642987 0.4840623910770303
8883.683843351548 0.4783025444405717
8893.695683060108 0.4503572673405368
8903.707522768671 0.49369989543394915
8913.719362477232 0.43841930986406413
8923.731202185792 0.5269693272917393
8933.743041894353 0.4547403276402928
8943.754881602914 0.5083827117462532
8953.766721311476 0.5024747298710353
8963.778561020037 0.4586702683861973
8973.790400728598 0.47968804461484843
8983.802240437159 0.31567619379574763
8993.81408014572 0.3895172533983967
