3507.326666666667 -0.5332662979721804
3517.34 -1.3588067705714766
3527.3533333333335 0.9101539951213153
3537.366666666667 1.1144070163678006
3547.38 2.003984879801873
3557.3933333333334 2.7119527773122543
3567.4066666666668 4.023052715863173
3577.42 -0.582555909353295
3587.4333333333334 2.3710034821145936
3597.4466666666667 -1.8521311658566562
3607.46 3.3769063180827885
3617.4733333333334 0.8627078561719085
3627.4866666666667 1.637804219503566
3637.5 0.43814125840269624
3647.5133333333333 1.127832709532056
3657.5266666666666 -0.20168333240228664
3667.54 -2.7328082230043016
3677.5533333333333 -0.44306649535407705
3687.566666666667 1.998026181032717
3697.5800000000004 0.5550341694132543
3707.5933333333337 -1.3169469117181536
3717.606666666667 2.2062082192801147
3727.6200000000003 0.3824181144442582
3737.6333333333337 2.0723237063106343
3747.646666666667 -1.8340502392789975
3757.6600000000003 -0.15654432713256244
3767.6733333333336 1.474265869690706
3777.686666666667 2.336368545518872
3787.7000000000003 1.4246876338379606
3797.7133333333336 0.29125002327616706
3807.726666666667 0.728301957060127
3817.7400000000002 0.694058060071132
3827.7533333333336 0.6451967301640504
3837.766666666667 0.3041170884308139
3847.78 0.6348434910526414
3857.7933333333335 -0.12134331415377167
3867.806666666667 1.565406029458317
3877.82 1.4612963894009645
3887.8333333333335 1.843844850380798
3897.846666666667 0.3488445710667933
3907.86 1.39737072416811
3917.8733333333334 0.5136025920339646
3927.8866666666668 1.1030110049717894
3937.9 0.8377558050760665
3947.9133333333334 1.4267731784071653
3957.9266666666667 -0.1424706254771614
3967.94 1.1112228367130328
3977.9533333333334 1.0245237696218088
3987.9666666666667 0.8349068022270636
3997.98 1.1400666629424798
4007.9933333333333 1.4101074427871814
4018.0066666666667 0.45027279667802544
4028.02 0.25271400108001413
4038.0333333333333 0.9112526302068786
4048.0466666666666 1.0845204178537513
4058.06 1.9362046813027205
4068.0733333333333 1.3423458652216822
4078.0866666666666 1.5683108951082807
4088.1 1.3268532484218758
4098.113333333333 1.5315717930097015
4108.126666666667 1.8497849282163008
4118.139999999999 1.8005698005698005
4128.153333333334 1.5303241904549092
4138.166666666666 0.9213637971807906
4148.18 0.8349812859616781
4158.193333333333 2.088617023257546
4168.206666666667 1.9667430124946466
4178.219999999999 1.854198089492207
4188.233333333334 1.6586038023946519
4198.246666666667 2.526860696795337
4208.26 1.9840604807925066
4218.2733333333335 1.9861087834944045
4228.286666666667 1.6496843751745711
4238.3 1.6210267582816602
4248.3133333333335 1.8410517103327562
4258.326666666667 1.5169357391579614
4268.34 1.747611865258924
4278.3533333333335 1.3604826546003017
4288.366666666667 1.153352699104333
4298.380000000001 1.2436921587248386
4308.393333333333 1.2724801221533246
4318.406666666668 0.8831536413235759
4328.42 0.8250563283243021
4338.433333333334 0.6986574306835744
4348.446666666667 1.208163417313744
4358.460000000001 1.1696553265180716
4368.473333333333 1.3608736942070274
4378.486666666668 1.4982775636370407
4388.5 0.4059549745824256
4398.513333333334 1.3664599743031116
4408.526666666667 0.8290598290598291
4418.540000000001 1.2224363629592387
4428.553333333333 1.4246690129043071
4438.5666666666675 1.2083310057166265
4448.58 1.0856004320056607
4458.593333333334 0.7947042064689124
4468.606666666667 1.6917676852317374
4478.620000000001 1.7374820773513584
4488.633333333333 1.7924883153641324
4498.646666666667 1.0421950356590879
4508.66 1.6623466100590283
4518.673333333334 0.9966296110086961
4528.6866666666665 1.1106455877697707
4538.700000000001 1.093439845073832
4548.713333333333 1.6089883246745993
4558.726666666667 0.7072416810978902
4568.74 1.1251885369532428
4578.753333333334 1.2395583114537363
4588.766666666666 1.1609407295681806
4598.780000000001 1.197568106064838
4608.793333333333 1.437182280319535
4618.806666666667 1.2651248533601474
4628.82 1.23581550378936
4638.833333333334 0.8686106921401039
4648.846666666666 0.6470960653967189
4658.860000000001 1.1370500716905945
4668.873333333333 0.9474703461631567
4678.886666666667 1.171461557082472
4688.9 1.0532000074483734
4698.913333333334 1.3197214308325418
4708.926666666666 0.4661192112172504
4718.9400000000005 0.2810085097666797
4728.953333333333 1.0847624899912482
4738.966666666667 1.1792823492169897
4748.98 1.3732193732193732
4758.993333333334 1.1927080423812448
4769.006666666666 1.2853471873079716
4779.02 1.6363517866785842
4789.033333333333 1.3358099175092637
4799.046666666667 1.870286576168929
4809.0599999999995 1.889373033163883
4819.073333333334 2.2250153622702644
4829.086666666666 1.8611995605459657
4839.1 1.7692493901644228
4849.113333333333 2.049606167253226
4859.126666666667 1.9069698154665475
4869.139999999999 1.7904027707949277
4879.153333333334 2.1019309908198798
4889.166666666667 2.2685883470197195
4899.18 2.045509561849431
4909.193333333334 2.469508221142208
4919.206666666667 1.9192596316779322
4929.22 1.7015436753998845
4939.233333333334 1.6770850790458631
4949.246666666667 1.3976686591065675
4959.26 1.975867269984917
4969.2733333333335 1.3795504906616016
4979.286666666667 1.118242928700445
4989.3 1.1265106232426494
4999.3133333333335 1.6444705137515594
5009.326666666667 1.501387259557194
5019.34 1.4955961491909204
5029.3533333333335 1.417202018509208
5039.366666666667 1.1960039476379345
5049.38 1.0930674264007598
5059.393333333333 1.0940357149507476
5069.406666666668 1.2986425339366516
5079.42 1.1143883954341471
5089.433333333334 1.4892277898813846
5099.446666666667 1.4244083198331565
5109.460000000001 1.5489637450421765
5119.473333333333 1.7099417164776642
5129.486666666668 1.4252648827812227
5139.5 1.7106120700891942
5149.513333333334 1.4138130085842504
5159.526666666667 1.0574269593877437
5169.540000000001 1.2413645420181367
5179.553333333333 0.9176023685827607
5189.5666666666675 1.3095171591903618
5199.58 1.1101707539616037
5209.593333333334 1.2300243934230863
5219.606666666667 1.125281641621511
5229.620000000001 1.4582053144144647
5239.633333333333 1.433588440124388
5249.646666666667 1.5374001452432824
5259.66 1.4242965942312347
5269.673333333334 1.6604100329590525
5279.6866666666665 1.370482095972292
5289.700000000001 1.087425283503715
5299.713333333333 0.7188239018304378
5309.726666666667 0.7785226151239223
5319.74 1.0750609835577154
5329.753333333334 1.1759864439603
5339.766666666666 1.1801016702977487
5349.780000000001 1.1822430776679143
5359.793333333333 1.5233972031357652
5369.806666666667 1.2686255888870266
5379.82 1.0551738264156565
5389.833333333334 1.2053330353983949
5399.846666666666 1.1171815354821892
5409.860000000001 1.3433327747053236
5419.873333333333 1.3501852782898534
5429.886666666667 1.0227734018583692
5439.9 1.1370500716905945
5449.913333333334 1.0406122562985307
5459.926666666666 1.1074800290486564
5469.9400000000005 1.2436083645233973
5479.953333333333 1.268904902891831
5489.966666666667 1.4010390480978716
5499.98 1.4361022661676255
5509.993333333334 1.331191925963168
5520.006666666666 1.3961789844142785
5530.02 1.5319255907491203
5540.033333333333 1.7620244679068209
5550.046666666667 1.8001787609630746
5560.06 1.628977896951753
5570.073333333334 1.6520119918812728
5580.086666666667 1.5772489432620151
5590.1 1.4431596000223452
5600.113333333334 1.790197940524738
5610.126666666667 1.4571997839971698
5620.14 1.387780943336499
5630.153333333334 1.7021395452768002
5640.166666666667 1.5196357745377354
5650.18 1.8352605999664822
5660.193333333334 1.3670186023127198
5670.206666666667 1.5520361990950224
5680.22 1.46941511647394
5690.233333333334 1.4294732137869393
5700.246666666667 1.3468148892985494
5710.26 1.441669925330056
5720.2733333333335 1.5895946222743607
5730.286666666667 1.50886356441912
5740.3 1.4099026125169918
5750.3133333333335 1.3636668342550695
5760.326666666667 1.5636929035621845
5770.34 1.5447181721691525
5780.3533333333335 1.3731635104184123
5790.366666666667 1.4439603001694503
5800.38 1.1008695976016236
5810.393333333333 1.2582909707092713
5820.406666666667 1.148446083086606
5830.42 1.0861776809489228
5840.433333333333 1.2141221160829005
5850.446666666667 1.0613559763886562
5860.46 1.0884028825205296
5870.473333333333 1.1809768541794685
5880.486666666667 1.278289853453252
5890.5 1.4108336591996722
5900.513333333334 1.7148576429622182
5910.526666666667 1.4569949537269797
5920.540000000001 1.3447479656629984
5930.553333333333 1.626426829041208
5940.5666666666675 1.2665214233841684
5950.58 1.3969983054950375
5960.593333333334 1.7241122469880639
5970.606666666667 1.6063534625626128
5980.620000000001 1.4758393385844366
5990.633333333333 1.4951120049159263
6000.646666666667 1.3717669403943913
6010.66 1.4622460570172988
6020.673333333334 1.3215276613969424
6030.6866666666665 1.6379531869727948
6040.700000000001 1.494851311844776
6050.713333333333 1.2116269109733162
6060.726666666667 1.5693350464592295
6070.74 1.309889577863434
6080.753333333334 0.9982496322365603
6090.766666666666 1.2351079083105228
6100.780000000001 1.2192242519039904
6110.793333333333 0.9514179840977226
6120.806666666667 0.9761931363238554
6130.82 1.0235182392045137
6140.833333333334 0.8739362791650374
6150.846666666666 0.9631119304321919
6160.860000000001 1.0542055378656685
6170.873333333333 1.0630318604174813
6180.886666666667 1.091652235443085
6190.9 1.1025268606967953
6200.913333333334 1.0161257285440293
6210.926666666666 1.2092806733329609
6220.9400000000005 1.2237118969145113
6230.953333333333 1.4108522801333259
6240.966666666667 1.1831368824832875
6250.9800000000005 1.2753011936018472
6260.993333333334 1.3312850306314359
6271.006666666667 1.1815913449900377
6281.02 1.0164422844161407
6291.033333333334 1.1745153902016647
6301.046666666667 1.1354486713963838
6311.06 1.2576951008323558
6321.073333333334 1.3621585386291268
6331.086666666667 1.2952162821443867
6341.1 1.363164069046422
6351.113333333334 1.2172318120030539
6361.126666666667 1.413105413105413
6371.14 1.0988212948997262
6381.153333333334 1.0801538089119789
6391.166666666667 1.132897603485839
6401.18 1.1454853546356816
6411.193333333334 0.9221458763942424
6421.206666666667 1.186544513341899
6431.22 1.0
6441.233333333334 1.1349831480550434
6451.246666666667 0.7115989795728358
6461.26 0.7536264268290412
6471.2733333333335 0.8522242705249241
6481.286666666667 0.6294061784257862
6491.3 0.6743198703983018
6501.3133333333335 0.6973912071951288
6511.326666666667 0.7387762322402845
6521.34 0.5870435543638157
6531.3533333333335 0.7966966463698489
6541.366666666667 0.669348081112787
6551.38 0.621808837495112
6561.393333333333 0.7118596726439864
6571.406666666667 0.6413049550304452
6581.42 0.6643018080926578
6591.433333333333 0.8765245889428896
6601.446666666667 0.821834906802227
6611.46 0.8146472264119322
6621.473333333333 0.8221142208070312
6631.486666666668 0.6698880881887418
6641.5 0.8808818874178351
6651.513333333334 0.8712921065862242
6661.526666666667 0.9795914567156397
6671.540000000001 1.0661229354039812
6681.553333333333 1.156285496154777
6691.5666666666675 1.1411466770943894
6701.58 1.003370388991304
6711.593333333334 1.3208759287190661
6721.606666666667 1.1503826601865816
6731.620000000001 1.3773345995568218
6741.633333333333 1.4561011489116065
6751.646666666667 1.139731486136715
6761.66 1.2674710910005027
6771.673333333334 1.2182652738208293
6781.6866666666665 1.4062342885872299
6791.700000000001 1.3164813883768132
6801.713333333333 1.2732063385658157
6811.726666666667 1.2069530566262592
6821.74 1.1933225331918142
6831.753333333334 1.1499729996462023
6841.766666666666 0.9682140662532819
6851.780000000001 1.2494274062901514
6861.793333333333 1.1976425897994525
6871.806666666667 1.2203415079232074
6881.82 1.2394652067854683
6891.833333333334 1.3210807589892557
6901.846666666666 0.8931344617619128
6911.860000000001 1.1103290318976593
6921.873333333333 0.9218665623894382
6931.886666666667 1.1185594845725564
6941.9 1.0446529989013649
6951.913333333334 1.073161648325047
6961.926666666666 1.0052138614230117
6971.9400000000005 1.1280002979349384
6981.953333333334 0.9465020576131686
6991.966666666667 1.01685194495652
7001.9800000000005 0.9956054596577472
7011.993333333334 0.9273597378172542
7022.006666666667 0.9361301975681061
7032.02 0.8859095395043106
7042.033333333334 0.9189430758058209
7052.046666666667 0.9709141016330559
7062.06 1.045267489711934
7072.073333333334 0.8775859821611455
7082.086666666667 1.0236672066737427
7092.1 0.7640913915423719
7102.113333333334 0.9111595255386105
7112.126666666667 1.008342178276819
7122.14 0.8460234996182708
7132.153333333334 0.8602498929296315
7142.166666666667 0.9001173118820177
7152.18 0.7184328622237118
7162.193333333334 0.9890695119453289
7172.206666666667 0.8080833472990336
7182.22 0.8160996592369141
7192.233333333334 0.7796212502094855
7202.246666666667 0.7838109602815485
7212.26 0.7817254157123439
7222.2733333333335 0.790142077723777
7232.286666666667 0.8842336554754855
7242.3 0.9284025101018566
7252.3133333333335 0.9302459825335643
7262.326666666667 0.7530491778857792
7272.34 0.7190101111669739
7282.3533333333335 0.7022698918123754
7292.366666666667 0.7149321266968326
7302.38 0.8520008193210807
7312.393333333333 0.9015883656406533
7322.406666666667 0.7018043684710351
7332.42 0.8068264342774146
7342.433333333333 0.7275384987803288
7352.446666666667 0.7394186544513341
7362.460000000001 0.663761801016703
7372.473333333333 0.6475615887380594
7382.486666666668 0.7429752527791744
7392.5 0.6120514682606185
7402.513333333334 0.7353592909148464
7412.526666666667 0.612945273075992
7422.540000000001 0.8349999068953317
7432.553333333333 0.7738580712436921
7442.5666666666675 0.6441911997467552
7452.58 0.8258570284714076
7462.593333333334 0.7434593970541683
7472.606666666667 0.6929221831182616
7482.620000000001 0.8175520920618959
7492.633333333333 0.7050071690594566
7502.646666666667 0.6602610654898237
7512.66 0.6435394670688789
7522.673333333334 0.6964601605124481
7532.6866666666665 0.8723721207381339
7542.700000000001 0.8730610952833175
7552.713333333333 0.7135541776064651
7562.726666666667 0.626287172038806
7572.74 0.664767331433998
7582.753333333334 0.6346014189151444
7592.766666666666 0.7035361153008212
7602.780000000001 1.2970038917751336
7612.793333333334 1.041375714578329
7622.806666666667 0.748915330614677
7632.820000000001 1.241606614155634
7642.833333333334 0.742844906243599
7652.846666666667 0.7603485838779956
7662.860000000001 0.6578962069158147
7672.873333333334 0.7617637748356703
7682.886666666667 0.6868890006144908
7692.900000000001 0.5630411708843082
7702.913333333334 0.6594789862763718
7712.926666666667 0.7639982868741039
7722.9400000000005 0.7293074874774221
7732.953333333334 0.6583058674561942
7742.966666666667 0.7208722045323352
7752.9800000000005 0.7220639442861665
7762.993333333334 0.5872856265013128
7773.006666666667 0.7144479824218387
7783.02 0.6695715323166304
7793.033333333334 0.4820028676237827
7803.046666666667 0.4390443736848965
7813.06 0.5792413831629518
7823.073333333334 0.4437647803660876
7833.086666666667 0.6433904995996499
7843.1 0.663277656741709
7853.113333333334 0.4509059084222483
7863.126666666667 0.4777200528834516
7873.14 0.6573375789062064
7883.153333333334 0.5230806472636538
7893.166666666667 0.6401876990112284
7903.18 0.41332886430925647
7913.193333333334 0.4915926484553936
7923.206666666667 0.4201813678937862
7933.22 0.44382995363387523
7943.233333333334 0.5055583486956037
7953.246666666667 0.3774277042250898
7963.26 0.5533769063180828
7973.2733333333335 0.5287600320280058
7983.286666666667 0.5150922667262536
7993.3 0.6170791203470942
8003.3133333333335 0.6966836117162913
8013.326666666667 0.6064279462972274
8023.34 0.6005064893953783
8033.3533333333335 0.5329125002327617
8043.366666666667 0.5350539076029271
8053.38 0.3201497123065751
8063.393333333333 0.648157458614975
8073.406666666667 0.61525426884904
8083.42 0.4861925776958457
8093.433333333333 0.5218516656425153
8103.446666666667 0.662030054186917
8113.46 0.689961454667337
8123.473333333333 0.7197735694467721
8133.486666666667 0.5705826490140216
8143.5 0.6591065676032997
8153.513333333333 0.5953484907733274
8163.526666666667 0.6659776921214831
8173.54 0.6247509450123828
8183.553333333333 0.5390015455374932
8193.566666666666 0.486993277842951
8203.58 0.6030203154386161
8213.593333333334 0.6007299405992217
8223.606666666667 0.6265944174440907
8233.619999999999 0.7851702884382622
8243.633333333333 0.7819488669161873
8253.646666666667 0.6031134201068842
8263.66 0.758840288252053
8273.673333333334 0.7134796938718507
8283.686666666668 0.6178425786268923
8293.7 0.6792544178165093
8303.713333333333 0.6549168575312366
8313.726666666667 0.8047222687745563
8323.740000000002 0.7316351041841237
8333.753333333334 0.6402249408785357
8343.766666666666 0.8308753700910564
8353.78 0.7861199560545965
8363.793333333335 0.47205928905275313
8373.806666666667 0.5909167085637674
8383.82 0.8059698713293484
8393.833333333334 0.7055657970690651
8403.846666666668 0.59618643278774
8413.86 0.6446939649554029
8423.873333333333 0.6655494106474499
8433.886666666667 0.6347876282516804
8443.900000000001 0.6328324302180511
8453.913333333334 0.6774668081857624
8463.926666666666 0.7020650615421856
8473.94 0.595125039569484
8483.953333333335 0.5667839785486843
8493.966666666667 0.6382883637785598
8503.98 0.5582555909353295
8513.993333333334 0.7100348211459322
8524.006666666668 0.5911960225685716
8534.02 0.4674040556393498
8544.033333333333 0.6133921754836787
8554.046666666667 0.6920842411038489
8564.060000000001 0.4557659721058414
8574.073333333334 0.44399754203675773
8584.086666666666 0.5173267787646872
8594.1 0.4904009087015623
8604.113333333335 0.5954788373089027
8614.126666666667 0.5359477124183006
8624.14 0.4495465802655345
8634.153333333334 0.5310317859337467
8644.166666666668 0.4172765022438225
8654.18 0.35953298698396735
8664.193333333333 0.39426102824795634
8674.206666666667 0.42111241457646686
8684.220000000001 0.3555481071820941
8694.233333333334 0.30460123270580786
8704.246666666666 0.4307953000763458
8714.26 0.29802804312608233
8724.273333333334 0.4360650243003184
8734.286666666667 0.3844105543451949
8744.3 0.32258905461519843
8754.313333333334 0.42057240750051206
8764.326666666668 0.39591829134312795
8774.34 0.5461706049941344
8784.353333333333 0.2506750088449435
8794.366666666667 0.2613634247621176
8804.380000000001 0.30488054671061204
8814.393333333333 0.390089939109547
8824.406666666666 0.39643967748542913
8834.42 0.44271269761465837
8844.433333333334 0.26235033424575904
8854.446666666667 0.4680930301845334
8864.46 0.4924212800029794
8874.473333333333 0.44012438783680613
8884.486666666668 0.27765674170902926
8894.5 0.4182447907938104
8904.513333333332 0.5686646928476994
8914.526666666667 0.4453568701934715
8924.54 0.37564009459434294
8934.553333333333 0.5499878963931252
8944.566666666666 0.14637543526432414
8954.58 0.36048265460030166
8964.593333333334 0.4598253356423291
8974.606666666667 0.4409623298512187
8984.619999999999 0.19797776660521757
8994.633333333333 0.5503044522652366
