3507.3262021857927 0.7055927342256214
3517.3386065573773 -1.1025812619502868
3527.351010928962 -1.6464627151051625
3537.363415300547 -0.2419120458891013
3547.375819672131 -0.3928154875717017
3557.388224043716 0.1610755258126195
3567.400628415301 1.343642447418738
3577.413032786885 -1.3104206500956024
3587.4254371584702 -4.700430210325047
3597.437841530055 -2.433986615678776
3607.4502459016394 2.173279158699809
3617.4626502732244 -1.4446940726577437
3627.4750546448086 -1.9412045889101337
3637.4874590163936 -0.7622848948374761
3647.4998633879786 1.102963671128107
3657.5122677595627 1.1183556405353727
3667.524672131148 1.7228011472275333
3677.5370765027324 0.8630497131931166
3687.549480874317 0.5576481835564053
3697.561885245902 0.4305592734225621
3707.5742896174866 0.8395315487571702
3717.586693989071 1.5974665391969407
3727.599098360656 1.1173996175908223
3737.6115027322403 0.8979445506692161
3747.6239071038253 0.32047323135755257
3757.6363114754104 0.30317638623326953
3767.6487158469945 0.19288240917782026
3777.6611202185795 1.3932122370936901
3787.673524590164 -0.06344168260038241
3797.6859289617487 1.647036328871893
3807.6983333333337 0.4544502868068834
3817.710737704918 0.7783460803059273
3827.723142076503 1.0916347992351816
3837.735546448088 1.0
3847.747950819672 0.7792543021032505
3857.760355191257 1.642304015296367
3867.7727595628417 1.193738049713193
3877.7851639344262 0.8804015296367113
3887.7975683060113 0.8652246653919693
3897.809972677596 1.7291586998087953
3907.8223770491804 1.1978011472275334
3917.8347814207655 0.6599904397705545
3927.8471857923496 1.4717017208413001
3937.8595901639346 1.3632887189292542
3947.871994535519 0.9429732313575525
3957.884398907104 0.9119024856596558
3967.896803278689 0.6139579349904397
3977.9092076502734 1.082074569789675
3987.921612021858 -0.25911567877629066
3997.934016393443 0.43480879541108985
4007.946420765027 0.27786328871892924
4017.958825136612 0.8161567877629063
4027.9712295081968 0.41991873804971314
4037.9836338797813 0.34055927342256215
4047.9960382513664 0.6953632887189293
4058.008442622951 0.24982791586998088
4068.0208469945355 0.7685946462715105
4078.0332513661206 0.9196940726577437
4088.045655737705 1.1781548757170173
4098.05806010929 0.780736137667304
4108.070464480874 0.9592256214149139
4118.08286885246 0.8636711281070745
4128.095273224044 0.8434034416826003
4138.107677595628 1.9337476099426385
4148.120081967214 1.459416826003824
4158.132486338798 2.0652485659655833
4168.144890710382 1.747227533460803
4178.157295081967 2.0723709369024856
4188.169699453552 2.2863288718929256
4198.182103825136 2.4371414913957934
4208.1945081967215 2.8661089866156786
4218.2069125683065 2.653250478011472
4228.219316939891 2.4739483747609943
4238.231721311475 2.492208413001912
4248.244125683061 2.452676864244742
4258.256530054645 2.789818355640535
4268.268934426229 2.3242829827915865
4278.281338797815 2.2590822179732313
4288.293743169399 1.8021510516252388
4298.306147540983 1.8976099426386233
4308.318551912569 1.769980879541109
4318.330956284153 1.7098470363288718
4328.343360655737 1.799904397705545
4338.355765027323 1.8028680688336518
4348.368169398907 1.5601816443594645
4358.3805737704915 2.301003824091778
4368.392978142077 2.096606118546845
4378.405382513662 1.8920172084130018
4388.417786885246 2.0122370936902483
4398.430191256831 2.2604684512428297
4408.442595628416 2.1989483747609944
4418.455 1.9383843212237095
4428.467404371584 2.294694072657744
4438.47980874317 2.263623326959847
4448.492213114754 2.487954110898661
4458.504617486338 2.4212715105162523
4468.517021857924 2.1470841300191204
4478.529426229508 1.9543977055449329
4488.541830601092 2.163814531548757
4498.554234972678 2.1180688336520075
4508.5666393442625 2.3605162523900574
4518.579043715847 2.1496175908221797
4528.591448087433 2.1222753346080303
4538.603852459017 2.322418738049713
4548.616256830601 2.18914913957935
4558.628661202186 2.107887189292543
4568.641065573771 2.1003824091778203
4578.653469945355 2.107695984703633
4588.66587431694 2.1571223709369023
4598.678278688525 1.952772466539197
4608.690683060109 1.8452198852772466
4618.703087431693 1.719359464627151
4628.715491803279 1.3602772466539197
4638.727896174863 1.6100860420650096
4648.7403005464475 1.3495219885277245
4658.7527049180335 1.330401529636711
4668.765109289618 1.162810707456979
4678.777513661202 1.3402963671128107
4688.789918032788 1.1141969407265775
4698.802322404372 0.910133843212237
4708.814726775956 1.315057361376673
4718.827131147542 1.0667304015296366
4728.839535519126 1.1836520076481836
4738.85193989071 1.1440726577437859
4748.864344262295 1.227868068833652
4758.87674863388 1.4008604206500956
4768.889153005464 1.1863766730401528
4778.901557377048 1.5806883365200763
4788.913961748634 1.6042543021032505
4798.9263661202185 1.65038240917782
4808.938770491803 1.9310707456978964
4818.951174863389 2.132791586998088
4828.963579234973 2.122944550669216
4838.975983606557 2.2945506692160613
4848.988387978143 2.416395793499044
4859.000792349727 2.175908221797323
4869.013196721311 2.414244741873805
4879.025601092897 2.3745219885277247
4889.038005464481 2.3635277246653916
4899.050409836065 2.3067877629063096
4909.062814207651 2.528369980879541
4919.075218579235 2.709990439770554
4929.087622950819 2.6343690248565963
4939.1000273224045 2.5479923518164433
4949.1124316939895 2.3640057361376674
4959.124836065574 2.2849904397705543
4969.137240437158 2.1965583173996177
4979.149644808744 1.9156309751434035
4989.162049180328 2.116682600382409
4999.174453551912 2.496271510516252
5009.186857923498 2.3228011472275334
5019.199262295082 2.049474187380497
5029.211666666666 1.9519598470363289
5039.224071038252 1.9905831739961757
5049.236475409836 1.6561663479923519
5059.24887978142 1.458699808795411
5069.261284153006 1.420267686424474
5079.27368852459 1.2808795411089866
5089.2860928961745 1.418642447418738
5099.2984972677605 1.3097036328871892
5109.310901639345 1.2069789674952198
5119.323306010929 1.4109942638623327
5129.335710382514 1.3700286806883364
5139.348114754099 1.1671606118546844
5149.360519125683 1.1356596558317398
5159.372923497267 1.1871414913957936
5169.385327868853 1.0633365200764817
5179.397732240437 1.1455066921606119
5189.410136612021 1.0116156787762904
5199.422540983607 1.1153441682600382
5209.434945355191 1.2620936902485658
5219.447349726775 1.0875239005736137
5229.459754098361 1.2647705544933079
5239.4721584699455 1.2564053537284894
5249.48456284153 1.3758126195028682
5259.496967213116 1.4570267686424472
5269.5093715847 1.4536328871892925
5279.521775956284 1.492925430210325
5289.53418032787 1.3377390057361374
5299.546584699454 1.3326481835564052
5309.558989071038 1.3385755258126195
5319.571393442623 1.1742351816443595
5329.583797814208 1.1708413001912044
5339.596202185792 1.207887189292543
5349.608606557376 1.1815009560229444
5359.621010928962 1.175812619502868
5369.633415300546 1.1256214149139578
5379.6458196721305 1.1811663479923518
5389.6582240437165 1.1774378585086043
5399.670628415301 1.1433078393881453
5409.683032786885 0.8044455066921606
5419.695437158471 1.290344168260038
5429.707841530055 1.0528202676864244
5439.720245901639 1.1945984703632886
5449.732650273225 1.2023900573613766
5459.745054644809 1.4368546845124281
5469.757459016393 1.4448852772466538
5479.769863387979 1.3769598470363287
5489.782267759563 1.4040630975143402
5499.794672131147 1.6420172084130018
5509.807076502732 1.479588910133843
5519.819480874317 1.9631453154875718
5529.8318852459015 1.92868068833652
5539.844289617486 1.9997131931166345
5549.856693989072 2.011424474187381
5559.869098360656 2.10755258126195
5569.88150273224 2.079684512428298
5579.893907103826 2.186663479923518
5589.90631147541 2.337571701720841
5599.918715846994 2.0508604206500953
5609.93112021858 2.148852772466539
5619.943524590164 2.0367112810707453
5629.955928961748 1.9940726577437857
5639.968333333334 1.9111854684512428
5649.980737704918 2.004923518164436
5659.993142076502 1.8067877629063096
5670.005546448088 1.6849904397705544
5680.0179508196725 1.5859942638623326
5690.030355191257 1.6102294455066921
5700.042759562842 1.8094646271510515
5710.055163934427 1.7118068833652007
5720.067568306011 1.8128585086042064
5730.079972677595 1.523996175908222
5740.092377049181 1.7140057361376673
5750.104781420765 1.5361854684512426
5760.117185792349 1.6917782026768642
5770.129590163935 1.535038240917782
5780.141994535519 1.8142925430210324
5790.154398907103 1.6674474187380497
5800.166803278689 1.4274378585086043
5810.179207650273 1.585038240917782
5820.1916120218575 1.4523900573613766
5830.204016393443 1.4977533460803059
5840.216420765028 1.4967973231357552
5850.228825136612 1.5417782026768643
5860.241229508198 1.45348948374761
5870.253633879782 1.4159177820267685
5880.266038251366 1.4775812619502868
5890.278442622951 1.3841300191204589
5900.290846994536 1.4072179732313577
5910.30325136612 1.4983269598470363
5920.315655737704 1.5262906309751434
5930.32806010929 1.3476816443594646
5940.340464480874 1.2782026768642447
5950.352868852458 1.4682600382409179
5960.365273224044 1.4251912045889101
5970.3776775956285 1.4869024856596558
5980.390081967213 1.6491873804971318
5990.402486338799 1.5581261950286804
6000.414890710383 1.4874282982791587
6010.427295081967 1.560038240917782
6020.439699453553 1.550812619502868
6030.452103825137 1.4870458891013383
6040.464508196721 1.4707456978967495
6050.476912568306 1.4717973231357553
6060.489316939891 1.456238049713193
6070.501721311475 1.3369502868068832
6080.51412568306 1.341826003824092
6090.526530054645 1.5013384321223708
6100.538934426229 1.5095602294455066
6110.5513387978135 1.2413957934990438
6120.5637431693995 1.2041108986615678
6130.576147540984 1.3467495219885277
6140.588551912568 1.4019598470363288
6150.600956284154 1.3309751434034418
6160.613360655738 1.28585086042065
6170.625765027322 1.4329349904397706
6180.638169398908 1.3364244741873803
6190.650573770492 1.236448374760994
6200.662978142076 1.4041586998087954
6210.675382513662 1.2529158699808796
6220.687786885246 1.3245219885277246
6230.70019125683 1.357074569789675
6240.712595628415 1.1732791586998088
6250.725 1.5230879541108986
6260.7374043715845 1.3611854684512428
6270.749808743169 1.407265774378585
6280.762213114755 1.3608508604206502
6290.774617486339 1.4589388145315485
6300.787021857923 1.656548757170172
6310.799426229509 1.4366395793499043
6320.811830601093 1.375525812619503
6330.824234972677 1.4083173996175908
6340.836639344263 1.629732313575526
6350.849043715847 1.3365200764818355
6360.861448087431 1.417925430210325
6370.873852459017 1.4196940726577438
6380.886256830601 1.497848948374761
6390.898661202185 1.4379063097514342
6400.911065573771 1.3778202676864244
6410.9234699453555 1.401529636711281
6420.93587431694 1.3397705544933078
6430.948278688525 1.2341778202676865
6440.96068306011 1.2940965583173996
6450.973087431694 1.1833173996175907
6460.985491803278 1.082887189292543
6470.997896174864 1.207265774378585
6481.010300546448 0.9081261950286806
6491.022704918032 0.9177820267686424
6501.035109289618 0.7135277246653919
6511.047513661202 0.5718451242829827
6521.059918032786 0.6858030592734226
6531.072322404372 0.6002868068833652
6541.084726775956 0.6063097514340344
6551.0971311475405 0.4926386233269598
6561.109535519126 0.48202676864244737
6571.121939890711 0.5711998087954111
6581.134344262295 0.5086042065009561
6591.146748633881 0.5727533460803059
6601.159153005465 0.6080305927342257
6611.171557377049 0.4808795411089866
6621.183961748634 0.47475621414913954
6631.196366120219 0.524282982791587
6641.208770491803 0.5784416826003823
6651.221174863387 0.6184990439770555
6661.233579234973 0.7931644359464627
6671.245983606557 0.853059273422562
6681.258387978141 0.8094646271510516
6691.270792349727 0.8664435946462715
6701.2831967213115 1.0234942638623326
6711.295601092896 0.9637189292543019
6721.3080054644815 0.9969407265774378
6731.320409836066 1.104206500956023
6741.33281420765 1.0538240917782027
6751.345218579236 1.077151051625239
6761.35762295082 1.1814053537284894
6771.370027322404 1.0868546845124283
6781.38243169399 1.0892925430210325
6791.394836065574 1.0966539196940726
6801.407240437158 1.1288240917782026
6811.419644808743 1.088623326959847
6821.432049180328 1.1465344168260039
6831.444453551912 0.9823613766730401
6841.4568579234965 1.0663479923518164
6851.469262295082 1.0389579349904399
6861.481666666667 0.975812619502868
6871.494071038251 0.9750478011472276
6881.506475409837 1.0517686424474186
6891.518879781421 0.9446940726577437
6901.531284153005 1.1110898661567876
6911.543688524591 0.9456978967495219
6921.556092896175 1.0264818355640537
6931.568497267759 1.0194072657743787
6941.580901639345 0.9994741873804971
6951.593306010929 1.0450047801147226
6961.605710382513 1.0212715105162522
6971.618114754099 1.066586998087954
6981.630519125683 0.9923996175908221
6991.6429234972675 1.075812619502868
7001.6553278688525 0.9785372848948374
7011.6677322404375 1.0256692160611856
7021.680136612022 0.9459847036328872
7031.692540983606 1.010755258126195
7041.704945355192 1.0035372848948374
7051.717349726776 0.9492351816443594
7061.72975409836 0.9743785850860421
7071.742158469946 0.9044933078393882
7081.75456284153 0.8176386233269598
7091.766967213114 0.8880497131931165
7101.7793715847 0.9766730401529637
7111.791775956284 0.8210803059273423
7121.804180327868 0.7639101338432123
7131.816584699454 0.8760516252390057
7141.828989071038 0.865678776290631
7151.841393442623 0.8232791586998087
7161.8537978142085 0.7000478011472274
7171.866202185793 0.7440726577437858
7181.878606557377 0.7564053537284895
7191.891010928962 0.7630975143403441
7201.903415300547 0.6331261950286806
7211.915819672131 0.7264579349904398
7221.928224043715 0.6533938814531548
7231.940628415301 0.7118546845124283
7241.953032786885 0.7582217973231358
7251.965437158469 0.7661567877629063
7261.977841530055 0.6034894837476099
7271.990245901639 0.716491395793499
7282.0026502732235 0.5949330783938814
7292.015054644809 0.6894837476099426
7302.027459016394 0.6625239005736137
7312.039863387978 0.6145315487571702
7322.052267759564 0.6063097514340344
7332.064672131148 0.5637189292543021
7342.077076502732 0.6745697896749522
7352.089480874317 0.7611854684512428
7362.101885245902 0.7401051625239006
7372.114289617486 0.697848948374761
7382.126693989071 0.6678776290630974
7392.139098360656 0.638623326959847
7402.15150273224 0.604397705544933
7412.163907103824 0.6245697896749521
7422.17631147541 0.5910611854684512
7432.1887158469945 0.6231357552581263
7442.201120218579 0.6958413001912046
7452.2135245901645 0.7548757170172083
7462.225928961749 0.717614722753346
7472.238333333333 0.6748565965583173
7482.250737704919 0.5847992351816443
7492.263142076503 0.7614244741873805
7502.275546448087 0.6206500956022944
7512.287950819673 0.563527724665392
7522.300355191257 0.6017686424474187
7532.312759562841 0.5721797323135756
7542.325163934426 0.5894359464627151
7552.337568306011 0.518642447418738
7562.349972677595 0.46872848948374757
7572.36237704918 0.6110898661567877
7582.374781420765 0.6762906309751434
7592.38718579235 0.6443355640535372
7602.399590163935 0.5921606118546845
7612.41199453552 0.43881453154875716
7622.424398907104 0.5182122370936902
7632.436803278689 0.5072179732313575
7642.449207650274 0.5109464627151051
7652.461612021858 0.5265774378585085
7662.474016393442 0.48389101338432117
7672.486420765027 0.6014818355640535
7682.498825136612 0.47978011472275334
7692.511229508196 0.5239483747609943
7702.523633879781 0.4994741873804971
7712.536038251366 0.5536328871892925
7722.5484426229505 0.5763862332695985
7732.5608469945355 0.5645315487571702
7742.5732513661205 0.4782026768642447
7752.585655737705 0.36549713193116634
7762.59806010929 0.6350860420650095
7772.610464480875 0.6239483747609942
7782.622868852459 0.5539674952198853
7792.635273224044 0.7286328871892925
7802.647677595629 0.545793499043977
7812.660081967213 0.7047801147227533
7822.672486338798 0.5714627151051626
7832.684890710383 0.5837476099426386
7842.697295081967 0.4309655831739962
7852.709699453551 0.555647705544933
7862.722103825136 0.511472275334608
7872.734508196721 0.6090822179732314
7882.746912568306 0.5148183556405354
7892.759316939891 0.5291108986615679
7902.771721311476 0.41914913957934985
7912.78412568306 0.4102485659655832
7922.796530054645 0.40673518164435946
7932.80893442623 0.5204588910133843
7942.821338797814 0.4502294455066922
7952.833743169399 0.4091969407265774
7962.846147540984 0.4741491395793499
7972.858551912568 0.495291586998088
7982.870956284153 0.5091300191204589
7992.883360655738 0.34152485659655835
8002.895765027322 0.47328393881453157
8012.908169398907 0.35561663479923517
8022.920573770492 0.3583269598470363
8032.9329781420765 0.4111854684512428
8042.945382513661 0.5141969407265775
8052.957786885246 0.584416826003824
8062.970191256831 0.414651051625239
8072.982595628415 0.4799235181644359
8082.995 0.4026959847036329
8093.007404371585 0.5094168260038241
8103.019808743169 0.45075286806883363
8113.032213114754 0.4172131931166348
8123.044617486339 0.4039627151051625
8133.057021857923 0.3437093690248566
8143.069426229508 0.36095602294455065
8153.081830601093 0.42332695984703633
8163.094234972677 0.3984799235181644
8173.1066393442625 0.49474187380497125
8183.1190437158475 0.4515439770554493
8193.131448087432 0.39121414913957936
8203.143852459016 0.3278154875717017
8213.156256830602 0.393274378585086
8223.168661202186 0.4738001912045889
8233.18106557377 0.47783221797323133
8243.193469945356 0.4074760994263862
8253.20587431694 0.5090344168260038
8263.218278688524 0.3144933078393881
8273.230683060108 0.4396175908221797
8283.243087431694 0.47090344168260034
8293.255491803278 0.3737476099426386
8303.267896174864 0.32013862332695986
8313.280300546448 0.37121414913957934
8323.292704918033 0.354689292543021
8333.305109289617 0.47171606118546844
8343.317513661203 0.3189292543021032
8353.329918032787 0.30166347992351816
8363.342322404373 0.3737930210325048
8373.354726775957 0.5649617590822179
8383.367131147541 0.37901051625239
8393.379535519125 0.43593212237093687
8403.39193989071 0.47541108986615677
8413.404344262295 0.38795411089866155
8423.41674863388 0.4688097514340344
8433.429153005465 0.5211759082217974
8443.44155737705 0.49120458891013385
8453.453961748633 0.41467017208413
8463.466366120218 0.4876195028680688
8473.478770491804 0.41788240917782027
8483.491174863388 0.45246892925430215
8493.503579234974 0.44193116634799234
8503.515983606558 0.5772466539196941
8513.528387978142 0.5430688336520076
8523.540792349726 0.3295984703632887
8533.553196721312 0.3670458891013384
8543.565601092896 0.3627533460803059
8553.578005464482 0.40040630975143404
8563.590409836066 0.4168307839388145
8573.60281420765 0.4709082217973231
8583.615218579234 0.31792543021032504
8593.627622950818 0.3633317399617591
8603.640027322404 0.3320315487571701
8613.652431693989 0.435145793499044
8623.664836065574 0.4997131931166348
8633.677240437159 0.4998087954110899
8643.689644808743 0.2914196940726577
8653.702049180327 0.34365200764818354
8663.714453551913 0.4883843212237094
8673.726857923497 0.5153919694072657
8683.739262295083 0.3826290630975143
8693.751666666667 0.4191682600382409
8703.764071038251 0.22167782026768643
8713.776475409835 0.41383365200764816
8723.788879781421 0.2002629063097514
8733.801284153005 0.30774856596558314
8743.813688524591 0.3169048757170172
8753.826092896175 0.2713671128107074
8763.83849726776 0.2834130019120459
8773.850901639344 0.2490583173996176
8783.863306010928 0.36943116634799233
8793.875710382514 0.4181548757170172
8803.888114754098 0.1988097514340344
8813.900519125684 0.34436424474187377
8823.912923497268 0.3280975143403442
8833.925327868852 0.3416586998087954
8843.937732240436 0.3289770554493308
8853.950136612022 0.19876673040152965
8863.962540983606 0.25340822179732314
8873.974945355192 0.22792543021032505
8883.987349726776 0.23730879541108985
8893.99975409836 0.2626051625239006
8904.012158469945 0.4169933078393881
8914.02456284153 0.30240439770554495
8924.036967213115 0.17076481835564053
8934.0493715847 0.2484799235181644
8944.061775956285 0.19746175908221797
8954.074180327869 0.23875239005736137
8964.086584699453 0.3745984703632887
8974.098989071037 0.11945506692160612
8984.111393442623 0.10336520076481835
8994.123797814207 0.24846558317399614
