3508.1053460837884 1.7096731716309819
3518.1160382513663 1.8818835427036422
3528.126730418943 1.8736667456743306
3538.137422586521 1.8742724710963634
3548.148114754098 1.5086513391799006
3558.158806921676 1.948355323799742
3568.169499089253 1.7522319665007509
3578.1801912568308 1.7646361697084618
3588.1908834244077 1.7764346474941406
3598.2015755919856 1.7464117352716548
3608.2122677595626 1.6459139869900714
3618.2229599271404 1.8350319981038161
3628.2336520947174 1.5633773142661507
3638.2443442622953 1.5639567038002686
3648.2550364298722 1.319032946195781
3658.26572859745 1.4352268836743831
3668.276420765027 1.4097074082852705
3678.287112932605 1.1831661004450766
3688.297805100182 1.0513023096573701
3698.30849726776 0.7605277711938059
3708.3191894353367 0.8370598614732296
3718.3298816029146 0.7500460878038504
3728.3405737704916 0.7027731689973927
3738.3512659380694 0.5356456242922231
3748.3619581056464 0.6034737036159175
3758.3726502732243 0.5173421821916726
3768.3833424408012 0.6305338284480262
3778.394034608379 0.6315872639646046
3788.404726775956 0.5555555555555556
3798.415418943534 0.7219983671749494
3808.426111111111 0.7342445550551737
3818.436803278689 0.9552816623212453
3828.4474954462657 0.8243922993863739
3838.4581876138436 0.9100629427721155
3848.4688797814206 1.1709462484527668
3858.4795719489985 1.2185351979141978
3868.4902641165754 1.1975191593584578
3878.500956284153 1.2736430433752077
3888.5116484517303 1.378999762977009
3898.5223406193077 1.565905559505939
3908.533032786885 1.6186826788865187
3918.5437249544625 1.6906586605567409
3928.55441712204 1.9563877696136527
3938.5651092896173 2.230597034579021
3948.5758014571948 2.185747017460694
3958.586493624772 2.3988570224645125
3968.5971857923496 2.3892970951515635
3978.607877959927 2.3620657870480106
3988.6185701275044 2.4294856601090307
3998.6292622950814 2.285731215927945
4008.6399544626593 2.2545100208053515
4018.650646630236 2.2998077480182246
4028.661338797814 2.2598825419399016
4038.6720309653915 2.1870901477443314
4048.682723132969 2.0798767480445606
4058.693415300546 2.0922809512522718
4068.7041074681238 1.8614468936820205
4078.7147996357007 1.939216770693424
4088.7254918032786 2.1067130178293962
4098.736183970856 2.2473203234047037
4108.746876138433 2.1894867135445475
4118.757568306011 2.3308840957572885
4128.768260473588 2.4184377551289145
4138.778952641165 2.4512917753022045
4148.789644808743 2.4527665850254143
4158.800336976321 2.4980379763503726
4168.811029143898 2.4364119986305344
4178.821721311475 2.4727028521766616
4188.832413479053 2.402070000790077
4198.843105646631 2.2738405625345663
4208.853797814208 2.2753680440336046
4218.864489981785 2.2345737536541046
4228.875182149362 2.1934370967317167
4238.88587431694 2.2362855863685445
4248.896566484517 2.005899238892839
4258.907258652094 2.157304258513076
4268.917950819672 2.0852229332911962
4278.928642987249 1.9345289826446501
4288.939335154827 1.7870216744357539
4298.950027322404 1.7144136314555847
4308.960719489982 1.6072792394195572
4318.971411657559 1.4747307155460747
4328.982103825137 1.415448631850623
4338.992795992714 1.3132127149666852
4349.003488160291 1.2105817597640305
4359.014180327868 1.1927786995338547
4369.024872495446 1.1998367174949305
4379.035564663023 1.1806115193173738
4389.046256830601 1.2588554423112375
4399.056948998178 1.3654894524768904
4409.067641165756 1.421505886070949
4419.078333333333 1.4696215532906693
4429.089025500911 1.534381501672329
4439.099717668488 1.5555818914434703
4449.110409836066 1.5698296068051936
4459.121102003643 1.6923704932711807
4469.1317941712205 1.687919728213637
4479.142486338797 1.6748307919201497
4489.153178506374 1.566932659134603
4499.163870673952 1.5654841852993076
4509.17456284153 1.546943720207527
4519.185255009107 1.555397540228069
4529.195947176685 1.628690316294014
4539.206639344262 1.7044586658239185
4549.21733151184 1.81067130178294
4559.228023679417 1.8500697901029735
4569.238715846994 1.9044007268705065
4579.249408014572 1.9555976929762189
4589.2601001821495 2.0595454425745965
4599.270792349726 2.018672144531353
4609.281484517303 1.9589423507413553
4619.292176684881 1.9362144794711755
4629.302868852459 1.9060072160332884
4639.313561020036 1.9331331805851837
4649.324253187613 1.9508572331516156
4659.334945355191 1.9194648547575783
4669.345637522769 1.8859919412182984
4679.356329690346 1.911748439598641
4689.367021857923 1.8345316162334417
4699.377714025501 1.8506755155250063
4709.3884061930785 1.7069342392878775
4719.399098360655 1.6336414632219327
4729.409790528232 1.5757025098101185
4739.42048269581 1.5203708093018358
4749.431174863388 1.4709646835743069
4759.441867030965 1.4584814727028523
4769.452559198542 1.405230307339812
4779.46325136612 1.3658318190197785
4789.473943533698 1.3812383134497381
4799.484635701275 1.316346685628506
4809.495327868852 1.3083932474783388
4819.50602003643 1.2800031603065498
4829.5167122040075 1.2480050564904797
4839.527404371584 1.2786863659108267
4849.538096539161 1.2478997129388218
4859.548788706739 1.2709436148639752
4869.559480874317 1.297200495114693
4879.570173041894 1.2578415106265308
4889.580865209471 1.2029706881567512
4899.591557377049 1.188327934476311
4909.602249544627 1.1674962471359724
4919.612941712204 1.0589133812646494
4929.623633879781 1.0212793974348846
4939.634326047359 1.0192251981775566
4949.6450182149365 1.028390087171789
4959.6557103825135 1.0052935134708068
4969.66640255009 1.032103447367728
4979.677094717668 1.034552684943773
4989.687786885246 1.0211477179953123
4999.698479052823 1.0640620473519267
5009.7091712204 1.0368702430802457
5019.719863387978 1.0408732980432438
5029.730555555555 1.045008032445814
5039.741247723133 1.036606884201101
5049.75193989071 1.0107187063811858
5059.762632058288 1.0679465908193095
5069.773324225865 1.0543046008796189
5079.7840163934425 1.060888572858234
5089.794708561019 1.0767954491585685
5099.805400728597 1.0939664480787972
5109.816092896174 1.0861183534802876
5119.826785063752 1.2078428274209265
5129.837477231329 1.1628742988069845
5139.848169398907 1.1990993126333256
5149.858861566484 1.2347054330936769
5159.869553734062 1.314108135155777
5169.880245901639 1.303995154196624
5179.890938069217 1.3380211213821074
5189.901630236794 1.3586684575070451
5199.9123224043715 1.404308551262806
5209.923014571948 1.3659371625714363
5219.933706739526 1.3739169366095179
5229.944398907103 1.337362724184246
5239.955091074681 1.3703089199652367
5249.965783242258 1.3194411524584553
5259.976475409836 1.3589318163861897
5269.987167577413 1.3700455610860922
5279.997859744991 1.3944062574069687
5290.008551912568 1.3939848832003372
5300.019244080146 1.3054436280319193
5310.029936247723 1.2739722419741384
5320.0406284153005 1.2221168786705645
5330.051320582877 1.107345079139343
5340.062012750455 1.0813252218798557
5350.072704918032 1.0377393273814228
5360.08339708561 1.0303126069895447
5370.094089253187 1.0350003950383186
5380.104781420765 1.027415659318954
5390.115473588342 1.0171709989202287
5400.12616575592 0.995654578494114
5410.136857923497 1.0
5420.147550091075 1.0534091806905272
5430.158242258652 1.04226910010271
5440.168934426229 1.1050801927786995
5450.1796265938065 1.1063443153985937
5460.190318761384 1.0957046166811515
5470.201010928961 1.0849332385241368
5480.211703096538 1.1135866845750706
5490.222395264116 1.1093466066208422
5500.233087431694 1.0060835901082406
5510.243779599271 1.0169866477048275
5520.254471766848 0.9787996102288589
5530.265163934426 0.9366621895657213
5540.275856102004 0.8842274367280294
5550.286548269581 0.9332385241368414
5560.2972404371585 0.9377419609702142
5570.3079326047355 0.9724263253535593
5580.318624772313 1.0242553527692189
5590.32931693989 1.0559637618182296
5600.340009107468 1.1269916515235312
5610.350701275045 1.1186168391667326
5620.361393442623 1.1691817439624979
5630.3720856102 1.1884859498037978
5640.382777777777 1.2456348265781783
5650.393469945355 1.248084064154223
5660.404162112932 1.1965447315056228
5670.41485428051 1.1777145716467832
5680.425546448087 1.189881751863264
5690.4362386156645 1.1485344078375603
5700.446930783241 1.1930420584129995
5710.457622950819 1.18690579652893
5720.468315118396 1.1967290827210242
5730.479007285974 1.164783650680783
5740.489699453551 1.1906981643886125
5750.500391621129 1.18923652260936
5760.511083788706 1.1908035079402703
5770.521775956284 1.190724500276527
5780.532468123861 1.1444260093229044
5790.543160291439 1.151378683732322
5800.553852459016 1.109557293724158
5810.5645446265935 1.1580943351505095
5820.57523679417 1.1212240920702643
5830.585928961748 1.1152985172895105
5840.596621129325 1.1002870611782678
5850.607313296903 1.0614416265044377
5860.61800546448 1.0942298069579417
5870.628697632058 1.073055753074715
5880.639389799635 1.0727660583076557
5890.650081967213 1.016275578731137
5900.66077413479 1.0297068815675121
5910.671466302368 1.0756103342024177
5920.682158469945 1.0642859023991995
5930.6928506375225 1.0944668299491718
5940.7035428050995 1.0744778910220958
5950.714234972677 1.0698427747491508
5960.724927140254 1.1057912617523902
5970.735619307832 1.0877511785309841
5980.746311475409 1.1007347712728135
5990.757003642987 1.0949408759316321
6000.767695810564 1.1064496589502515
6010.778387978142 1.1412393668852547
6020.789080145719 1.1453477653999107
6030.799772313297 1.0948882041558032
6040.810464480874 1.095151563034948
6050.8211566484515 1.124568749835401
6060.8318488160285 1.0908588133048907
6070.842540983606 1.0962576703273552
6080.853233151183 1.0670248347423035
6090.863925318761 1.010613362829528
6100.874617486338 0.9587579995259541
6110.885309653916 0.9272076058044298
6120.896001821493 0.873008348476469
6130.906693989071 0.845144979062969
6140.917386156648 0.8360590977324801
6150.928078324226 0.7799636564746781
6160.938770491803 0.7439098259197809
6170.9494626593805 0.7304785230834058
6180.9601548269575 0.7107529430354745
6190.970846994535 0.6703273550867768
6200.981539162112 0.6526559742961735
6210.99223132969 0.6409365041742383
6221.002923497267 0.6267151247004293
6231.013615664845 0.6148903110268363
6241.024307832422 0.6191830607568934
6251.035 0.6227779094572174
6261.045692167577 0.6518395617708252
6271.056384335155 0.6392773432356272
6281.067076502732 0.6958995022517185
6291.0777686703095 0.7151773722051039
6301.0884608378865 0.805377788312133
6311.099153005464 0.7773564035711464
6321.109845173041 0.8384556635326961
6331.120537340619 0.8877301098206526
6341.131229508196 0.9073503463169262
6351.141921675774 0.9327908140422955
6361.152613843351 0.9979721366305866
6371.163306010929 0.9904664085749653
6381.173998178506 1.0245450475362778
6391.184690346084 1.0527507834926655
6401.195382513661 1.0625740696847596
6411.2060746812385 1.0819572831898028
6421.2167668488155 1.112980959153038
6431.227459016393 1.1140080587817018
6441.23815118397 1.1364989070606517
6451.248843351548 1.1283611176950832
6461.259535519125 1.1396328777224727
6471.270227686703 1.1029733217455429
6481.28091985428 1.1029206499697137
6491.291612021858 1.1297042479787207
6501.302304189435 1.1293092096600037
6511.312996357012 1.1498775381211979
6521.32368852459 1.090305759658687
6531.334380692167 1.1391851676279268
6541.3450728597445 1.1228305812330464
6551.3557650273215 1.07355613494509
6561.366457194899 1.0621263595902137
6571.377149362476 1.089568354797082
6581.387841530054 1.0820099549656317
6591.398533697631 1.0823523215085198
6601.409225865209 1.0686576597930002
6611.419918032786 1.0760053725211347
6621.430610200364 1.0585051750019752
6631.441302367941 1.0478523083405757
6641.451994535519 1.0412683363619604
6651.462686703096 1.0316557372731823
6661.4733788706735 1.0339469595217403
6671.4840710382505 1.034262990176714
6681.494763205828 1.0157225250849333
6691.505455373405 1.0502752100287063
6701.516147540983 1.0338942877459114
6711.52683970856 1.0183561138763795
6721.537531876138 1.0258881778199154
6731.548224043715 1.0073740486160492
6741.558916211293 1.0269679492244081
6751.56960837887 0.999130915698823
6761.580300546448 1.0047141239366886
6771.590992714025 0.9744805246108874
6781.6016848816025 0.9968660293381791
6791.6123770491795 0.9902557214716495
6801.623069216757 0.9732690737668223
6811.633761384334 0.9865686971636249
6821.644453551912 0.985251902767902
6831.655145719489 0.9736377761976246
6841.665837887067 0.9779568618155962
6851.676530054644 0.9759026625582682
6861.687222222222 0.955439677648732
6871.697914389799 0.6793473966974797
6881.708606557377 0.7832556424639857
6891.719298724954 0.7357457006662981
6901.7299908925315 0.7691922783176636
6911.7406830601085 0.8099338969213348
6921.751375227686 0.8542308603934582
6931.762067395263 0.8313449737957916
6941.772759562841 0.8655026204208475
6951.783451730418 0.8768270522240658
6961.794143897996 0.8747201811909089
6971.804836065573 0.9302098970266783
6981.815528233151 0.9338179136709595
6991.826220400728 0.8641331542492955
7001.836912568306 0.8820810618630007
7011.847604735883 0.867240789023202
7021.8582969034605 0.8547839140396619
7031.8689890710375 0.9299992099233627
7041.879681238615 0.9107740117458061
7051.890373406192 0.9117221037107267
7061.90106557377 0.9069553079982093
7071.911757741347 0.9194648547575781
7081.922449908925 0.9174369913881647
7091.933142076502 0.9147770667088042
7101.94383424408 0.925680124305391
7111.954526411657 0.932237760396092
7121.965218579235 0.9433778409839088
7131.975910746812 0.9300782175871061
7141.98660291439 0.9222037871006823
7151.9972950819665 0.8890205683284612
7162.007987249544 0.8643438413526113
7172.018679417121 0.7904716757525481
7182.029371584699 0.7994785494192937
7192.040063752276 0.7650838798030076
7202.050755919854 0.7859155671433463
7212.061448087431 0.799662900634695
7222.072140255009 0.8327671117431724
7232.082832422586 0.7995048853072082
7242.093524590164 0.7873903768665561
7252.104216757741 0.7807932369439836
7262.114908925319 0.7789628927339286
7272.1256010928955 0.7839930473255906
7282.136293260473 0.7800426641384215
7292.14698542805 0.7496247135972189
7302.157677595628 0.773274340944405
7312.168369763205 0.7782518237602382
7322.179061930783 0.830739248373759
7332.18975409836 0.8509388744041506
7342.200446265938 0.9109320270732928
7352.211138433515 0.8764846856811778
7362.221830601092 0.8303442100550421
7372.23252276867 0.8862684680414001
7382.243214936247 0.8944984330146692
7392.2539071038245 0.8852808722446078
7402.2645992714015 0.9202285955070976
7412.275291438979 0.9020831687340339
7422.285983606556 0.9232308867293461
7432.296675774134 0.9488820415580312
7442.307367941711 0.9119064549261279
7452.318060109289 0.9390324194780227
7462.328752276866 0.9112743936161808
7472.339444444444 0.9214927181269917
7482.350136612021 0.9151721050275211
7492.360828779599 0.9154617997945802
7502.371520947176 0.8919833557188382
7512.3822131147535 0.8316873403386795
7522.3929052823305 0.8685049116430962
7532.403597449908 0.8370071896974007
7542.414289617485 0.8677675067814913
7552.424981785063 0.8554949830133525
7562.43567395264 0.8613415501303628
7572.446366120218 0.8596823891917517
7582.457058287795 0.8236812304126835
7592.467750455373 0.6578178083274079
7602.47844262295 0.4556371968080904
7612.489134790528 0.4707276605830766
7622.499826958106 0.48082747359827244
7632.510519125683 0.4432856653762082
7642.5212112932595 0.4520818519396382
7652.531903460837 0.49050591240683683
7662.542595628415 0.5824971688920492
7672.553287795992 0.7017197334808144
7682.563979963569 0.7306102025229781
7692.574672131147 0.804113665692239
7702.585364298725 0.8590503278818046
7712.596056466302 0.8742197993205342
7722.606748633879 0.8794606410155119
7732.617440801457 0.9121171420294436
7742.628132969035 0.9236522609359776
7752.638825136612 0.9458007426720392
7762.6495173041885 0.926470200942825
7772.660209471766 0.9353980669458272
7782.670901639343 0.9277606594506335
7792.68159380692 0.9264965368307393
7802.692285974498 0.9166469147507308
7812.702978142076 0.9270232545890287
7822.713670309653 0.9377419609702142
7832.72436247723 0.9156724868978958
7842.735054644808 0.9195438624213216
7852.745746812386 0.916594242974902
7862.756438979963 0.9019778251823761
7872.76713114754 0.8960390824576651
7882.7778233151175 0.8922072107661111
7892.788515482695 0.8277896289273393
7902.799207650272 0.8563640673145296
7912.809899817849 0.8260777962128995
7922.820591985427 0.8495167364567696
7932.831284153005 0.8816465197124121
7942.841976320582 0.913618287640568
7952.852668488159 0.8724026230544363
7962.863360655737 0.8061151931737379
7972.874052823315 0.8547049063759186
7982.884744990892 0.8519133022569857
7992.895437158469 0.8493587211292829
8002.9061293260465 0.7997945800742673
8012.916821493624 0.7938690052935135
8022.927513661201 0.7643728108293172
8032.938205828778 0.7444365436780701
8042.948897996356 0.742830054515288
8052.959590163934 0.8059571778462512
8062.970282331511 0.7840457191014196
8072.980974499088 0.7638724289589424
8082.991666666666 0.7518632640699482
8093.002358834244 0.7269495141028681
8103.013051001821 0.7004029390850913
8113.023743169398 0.6458086434384136
8123.034435336976 0.6206578704801033
8133.045127504553 0.6319032946195782
8143.05581967213 0.6061731321271497
8153.066511839707 0.5595059387427248
8163.077204007285 0.5461273076821785
8173.087896174863 0.5833135814173975
8183.09858834244 0.5699876221326803
8193.109280510016 0.5598219693976983
8203.119972677596 0.6010112980959154
8213.130664845172 0.645202918016381
8223.14135701275 0.5983777093044692
8233.152049180328 0.5467330331042112
8243.162741347904 0.6339311579889917
8253.173433515483 0.6926996918701115
8263.18412568306 0.6396460456664297
8273.194817850635 0.6260303916146533
8283.205510018215 0.6268204682520871
8293.216202185791 0.6437281082931712
8303.226894353369 0.6521292565378842
8313.237586520947 0.6467040636275053
8323.248278688523 0.6377235258486741
8333.258970856103 0.6521292565378842
8343.269663023679 0.6751468225751232
8353.280355191255 0.6401464275368044
8363.291047358834 0.6644807879697665
8373.30173952641 0.688788812514814
8383.312431693988 0.7147559979984726
8393.323123861566 0.7146769903347292
8403.333816029142 0.7306365384108926
8413.344508196722 0.7359037159937848
8423.355200364298 0.7697189960759527
8433.365892531874 0.768533881119802
8443.376584699454 0.7617655579257856
8453.38727686703 0.814516341418451
8463.397969034608 0.796871296515762
8473.408661202186 0.7837296884464461
8483.419353369762 0.7686655605593744
8493.430045537341 0.767559453266967
8503.440737704917 0.7509810118248138
8513.451429872493 0.7760659450633379
8523.462122040073 0.7792262516130732
8533.47281420765 0.7969503041795055
8543.483506375227 0.7086987437781466
8553.494198542805 0.7986621368939455
8563.504890710381 0.8353743646467041
8573.51558287796 0.8320560427694821
8583.526275045537 0.8349793263279872
8593.536967213113 0.8603934581654422
8603.547659380692 0.8364804719391116
8613.558351548269 0.8603671222775275
8623.569043715846 0.8589713202180612
8633.579735883424 0.8413262753153724
8643.590428051 0.8880988122514551
8653.601120218578 0.8198098548892577
8663.611812386156 0.8124621421611231
8673.622504553732 0.8630270469568884
8683.633196721312 0.8576281899344237
8693.643888888888 0.8598930762950675
8703.654581056464 0.856785441521161
8713.665273224044 0.8587079613389167
8723.67596539162 0.8574701746069369
8733.686657559198 0.887914461036054
8743.697349726775 0.8488846751468225
8753.708041894351 0.823022833214822
8763.718734061931 0.832451081088199
8773.729426229507 0.8534671196439387
8783.740118397083 0.8447762766321667
8793.750810564663 0.8249980248084064
8803.761502732239 0.7981617550235707
8813.772194899817 0.8260514603249849
8823.782887067395 0.7826235811540386
8833.79357923497 0.8144636696426221
8843.80427140255 0.8473308577598694
8853.814963570127 0.7782254878723237
8863.825655737703 0.7352453187959233
8873.836347905282 0.7473861631244898
8883.847040072858 0.7449369255484449
8893.857732240436 0.7765926628216271
8903.868424408014 0.7713518211266494
8913.87911657559 0.7317163098153855
8923.88980874317 0.7293724157909984
8933.900500910746 0.6297964235864213
8943.911193078322 0.6379342129519897
8953.921885245902 0.5430986805720155
8963.932577413478 0.5271654683837665
8973.943269581056 0.5025940849595745
8983.953961748633 0.516104395459693
8993.96465391621 0.44649864370177245
