3507.326183970856 -1.3663887485261916
3517.3385519125686 -2.0992504631969005
3527.3509198542806 -0.7826764359103925
3537.3632877959926 -2.1553815058110155
3547.375655737705 0.001642664645443827
3557.3880236794175 -0.9231093144685869
3567.4003916211295 -1.625526360114536
3577.4127595628415 -2.5352450732693277
3587.425127504554 -3.702459154455112
3597.4374954462664 1.628558194374263
3607.4498633879784 -3.248947279770928
3617.4622313296904 -2.5936921003874014
3627.4745992714024 -3.3291224524170455
3637.486967213115 2.4644601650665323
3647.4993351548273 -2.29551962270507
3657.5117030965393 -3.8641148728313968
3667.5240710382513 -0.8716102408623885
3677.536438979964 -1.8150581101566445
3687.5488069216763 -2.755389927572848
3697.5611748633883 -0.2621020717534108
3707.5735428051003 -1.604303520296446
3717.5859107468123 -0.4384790298130368
3727.5982786885247 1.295561731514233
3737.610646630237 2.226671719723766
3747.623014571949 0.2215512885295604
3757.635382513661 0.3249284150244231
3767.6477504553736 -0.8708733367020381
3777.660118397086 -0.7884453427657067
3787.672486338798 0.2967281455280445
3797.68485428051 -2.325585312447364
3807.6972222222225 -1.0532676435910393
3817.709590163935 -0.7001010611419909
3827.721958105647 -2.6010190331817413
3837.734326047359 -0.8022991409802931
3847.746693989071 -0.7305878389759138
3857.7590619307834 -0.9365841334007075
3867.771429872496 1.5181910055583627
3877.783797814208 -0.4169614283308068
3887.79616575592 0.7175762169445847
3897.8085336976324 1.134226040087586
3907.820901639345 1.039287518948964
3917.833269581057 -0.07484419740609737
3927.845637522769 1.7681488967491998
3937.858005464481 -0.7377884453427657
3947.8703734061933 0.8729577227556006
3957.8827413479057 0.32919403739262254
3967.8951092896177 0.9683341755095165
3977.9074772313297 0.2789834933468081
3987.919845173042 -0.9158244904834092
3997.9322131147546 0.6852787603166582
4007.9445810564666 -0.012230503621357589
4017.9569489981786 -0.41725618999494696
4027.9693169398906 0.403511874684184
4037.9816848816035 -0.43005726798046157
4047.9940528233155 0.3198795688057942
4058.0064207650275 -0.5287182078490821
4068.0187887067395 0.03663255853124474
4078.031156648452 -0.36751305373084053
4088.0435245901645 -0.9625652686542023
4098.055892531876 0.24435741957217452
4108.068260473588 0.4503116051878052
4118.0806284153 0.4018401549604177
4128.092996357012 0.335670372241873
4138.105364298725 0.224414687552636
4148.117732240437 0.42011537813710625
4158.13010018215 1.4842302509685026
4168.142468123862 1.5125063163213743
4178.154836065574 1.4558699679973048
4188.167204007286 1.2294930099376788
4198.179571948998 0.9611756779518275
4208.19193989071 2.298172477682331
4218.204307832423 1.9519538487451575
4228.216675774135 1.4673235640896074
4238.229043715847 1.3607461680983661
4248.24141165756 1.1524338891696144
4258.253779599272 0.9867357251136939
4268.266147540984 1.207891190837123
4278.278515482696 1.077648644096345
4288.290883424408 1.5785539834933469
4298.30325136612 1.5986609398686205
4308.315619307833 2.443574195721745
4318.327987249545 1.8516506653191849
4328.340355191257 2.021854471955533
4338.35272313297 1.6604345629105608
4348.365091074682 1.1957217449890516
4358.377459016394 1.065268654202459
4368.389826958106 1.6811942058278593
4378.402194899818 1.4327943405760486
4388.41456284153 1.3827690752905506
4398.426930783243 1.2774970523833584
4408.439298724955 1.7059120768064677
4418.451666666667 1.5507200606366853
4428.46403460838 1.4092134074448375
4438.476402550092 1.490399191510864
4448.488770491804 1.432625905339397
4458.501138433516 1.772191342428836
4468.513506375228 1.6281792150917973
4478.52587431694 1.4659339733872325
4488.538242258653 1.8681573185110323
4498.550610200365 1.6092302509685026
4508.562978142077 1.513306383695469
4518.57534608379 1.339523328280276
4528.587714025502 1.2726966481387907
4538.600081967214 1.0754589860198753
4548.612449908926 1.7652433889169614
4558.624817850638 1.1021559710291393
4568.63718579235 1.0894812194711134
4578.6495537340625 1.6510021896580764
4588.6619216757745 0.9313626410645107
4598.674289617487 1.5220229071921847
4608.686657559199 1.1870052214923363
4618.699025500911 1.2624220987030488
4628.711393442623 1.4058868115209702
4638.723761384335 0.7238504295098535
4648.736129326047 1.4390685531413172
4658.748497267759 0.9286676772780865
4668.760865209472 1.4687552636011454
4678.773233151184 0.8592934141822468
4688.785601092897 1.1003874010442984
4698.797969034609 1.021138622199764
4708.810336976321 1.3116051878052888
4718.822704918033 1.3110577732861715
4728.835072859745 1.2510948290382347
4738.847440801457 1.1264527539161193
4748.859808743169 1.3693363651675932
4758.872176684882 1.092344618494189
4768.884544626594 0.8134158665992925
4778.896912568307 1.5875021054404581
4788.909280510019 1.4008758632305878
4798.921648451731 1.780697321879737
4808.934016393443 1.6361377800235808
4818.946384335155 1.2237662118915278
4828.958752276867 1.7577480208859693
4838.97112021858 1.839228566616136
4848.983488160292 1.5827017011958902
4858.995856102004 1.5891864578069732
4869.008224043717 1.7886979956206837
4879.020591985429 1.829627758127
4889.032959927141 1.4769664813879062
4899.045327868853 1.5310341923530402
4909.057695810565 1.9710291392959405
4919.070063752277 1.619420582785919
4929.08243169399 1.872789287518949
4939.094799635702 1.653444500589523
4949.107167577414 1.4679130874178878
4959.119535519127 1.7331564763348493
4969.131903460839 1.7921930267812025
4979.144271402551 1.5090533939700184
4989.156639344263 1.1574027286508337
4999.169007285975 1.7398517769917468
5009.181375227687 1.3476082196395485
5019.1937431694 1.00863230587839
5029.206111111112 1.0282129021391275
5039.2184790528245 1.1974060973555667
5049.2308469945365 0.7870978608724946
5059.2432149362485 0.8076469597439784
5069.2555828779605 1.0071163887485262
5079.2679508196725 1.1397170288024254
5089.2803187613845 1.4506484756611082
5099.2926867030965 0.9310257705912076
5109.305054644809 1.0710375610577731
5119.317422586521 1.165150749536803
5129.329790528234 1.162750547414519
5139.342158469946 1.300614788613778
5149.354526411658 0.8540508674414687
5159.36689435337 0.6488967491999326
5169.379262295082 1.2382516422435572
5179.391630236794 0.9685026107461681
5189.403998178506 1.167929930941553
5199.416366120219 0.5650791645612262
5209.428734061931 0.8355651002189658
5219.441102003644 1.155255179383527
5229.453469945356 1.0495199595755431
5239.465837887068 1.422309247094492
5249.47820582878 1.2967828869799563
5259.490573770492 1.588891696142833
5269.502941712204 1.2108388074785246
5279.515309653916 1.5727640222334511
5289.527677595629 1.6600134748189321
5299.540045537341 1.1062405255179384
5309.552413479054 1.0
5319.564781420766 0.8468923698837797
5329.577149362478 1.1448121947111336
5339.58951730419 1.2102071753410815
5349.601885245902 1.1267896243894222
5359.614253187614 1.0177278086575712
5369.626621129327 0.9337207343776318
5379.638989071039 1.330385716691932
5389.651357012751 1.0819016338217955
5399.663724954464 1.2942142496210207
5409.676092896176 1.3809162876873842
5419.688460837888 1.3876536971534443
5429.7008287796 1.241788782213239
5439.713196721312 1.398138790635001
5449.725564663024 1.3196058615462354
5459.737932604737 1.186415698164056
5469.750300546449 1.1008927067542529
5479.762668488161 1.2339986525181068
5489.775036429874 1.520506990062321
5499.787404371586 1.5652686542024592
5509.799772313298 1.5185278760316658
5519.81214025501 1.4106872157655381
5529.824508196722 1.2950143169951154
5539.836876138434 1.8376705406771094
5549.8492440801465 1.7322300825332657
5559.8616120218585 1.663761158834428
5569.873979963571 1.9358261748357757
5579.886347905283 1.672730335186121
5589.898715846995 1.5733956543708945
5599.911083788707 1.2175341081354218
5609.923451730419 1.3469765875021054
5619.935819672131 1.7047330301499073
5629.948187613843 1.742462523159845
5639.960555555556 1.6680141485598787
5649.972923497268 1.4300993767896244
5659.985291438981 1.6021138622199764
5669.997659380693 1.144938521138622
5680.010027322405 1.5013895907023749
5690.022395264117 1.3856324743136263
5700.034763205829 1.8626831733198583
5710.047131147541 1.5757537476840155
5720.059499089253 1.8617146707091123
5730.071867030966 1.4897254505642579
5740.084234972679 1.718628937173657
5750.096602914391 1.6570237493683677
5760.108970856103 1.4955364662287352
5770.121338797815 1.3575037897928248
5780.133706739527 1.6775307394306889
5790.146074681239 1.3031413171635506
5800.158442622951 1.553646622873505
5810.170810564663 1.01536971534445
5820.183178506376 1.116978271854472
5830.195546448089 1.1863314805457301
5840.207914389801 1.4644601650665319
5850.220282331513 1.514316995115378
5860.232650273225 1.3404497220818594
5870.245018214937 1.4631969007916457
5880.257386156649 1.353587670540677
5890.269754098361 1.5240020212228398
5900.282122040073 1.205533097524002
5910.294489981786 1.314300151591713
5920.306857923499 1.3911487283139634
5930.319225865211 1.6285160855651002
5940.331593806923 1.4685868283644938
5950.343961748635 1.854303520296446
5960.356329690347 1.52429678288698
5970.368697632059 1.3712312615799225
5980.381065573771 1.4717870978608725
5990.393433515483 1.8935068216270847
6000.405801457196 1.4355314131716355
6010.4181693989085 1.6703722418729998
6020.4305373406205 1.6563078996125988
6030.4429052823325 1.7241872999831565
6040.4552732240445 1.4549435741957217
6050.4676411657565 1.421340744483746
6060.4800091074685 1.6177362304194038
6070.4923770491805 1.4936415698164056
6080.5047449908925 1.646033350176857
6090.517112932605 1.487325248441974
6100.529480874318 1.4834512379989893
6110.54184881603 1.437089439110662
6120.554216757742 1.3481977429678287
6130.566584699454 1.3964965470776485
6140.578952641166 1.1944163719050025
6150.591320582878 1.5977345460670371
6160.60368852459 1.3401128516085565
6170.616056466303 1.2953932962775812
6180.628424408015 1.2881505811015663
6190.640792349728 1.3693363651675932
6200.65316029144 1.5993346808152265
6210.665528233152 1.7292403570827017
6220.677896174864 1.4656392117230925
6230.690264116576 1.5281707933299646
6240.702632058288 1.395359609230251
6250.715 1.2223134579754085
6260.727367941713 1.9135927235977768
6270.739735883426 1.5489725450564258
6280.752103825138 1.538908539666498
6290.76447176685 1.4351945426983326
6300.776839708562 1.3176688563247432
6310.789207650274 1.4536382011116726
6320.801575591986 1.2201027454943574
6330.813943533698 1.4950311605187805
6340.82631147541 1.4063921172309248
6350.838679417123 1.315984503958228
6360.851047358836 1.4456796361798887
6370.863415300548 1.4705659423951492
6380.87578324226 1.2291771938689575
6390.888151183972 1.3228903486609398
6400.900519125684 1.4533013306383695
6410.912887067396 1.3613778002358095
6420.925255009108 1.350176856998484
6430.93762295082 1.294466902475998
6440.949990892533 1.5750800067374093
6450.962358834246 1.3141317163550614
6460.974726775958 1.4666077143338385
6470.98709471767 0.9596597608219639
6480.999462659382 0.9333838639043288
6491.011830601094 0.8708522822974566
6501.024198542806 0.9754926730672058
6511.036566484518 0.6566658244904834
6521.04893442623 0.6889422267138285
6531.0613023679425 0.830385716691932
6541.073670309655 0.6387906350008421
6551.086038251367 0.8601145359609231
6561.098406193079 0.6869631126831733
6571.110774134791 0.6304530907865926
6581.123142076503 0.9072342934141823
6591.135510018215 0.7222502947616641
6601.147877959927 0.7451153781371063
6611.160245901639 1.113820111167256
6621.172613843352 0.8761579922519792
6631.184981785065 0.8509348155634159
6641.197349726777 1.1428330806804783
6651.209717668489 1.1830891022401886
6661.222085610201 1.2413676941216103
6671.234453551913 1.2075122115546573
6681.246821493625 1.2242715176014822
6691.259189435337 1.3948543035202965
6701.27155737705 1.2125231598450397
6711.283925318762 1.2244399528381338
6721.296293260475 1.2539582280613104
6731.308661202187 1.1992588849587333
6741.321029143899 1.2731598450395822
6751.333397085611 1.2491578238167425
6761.345765027323 1.2635590365504463
6771.358132969035 1.4275728482398518
6781.370500910747 1.4422688226376958
6791.38286885246 1.3591881421593397
6801.395236794173 1.2511369378473978
6811.407604735885 1.3831480545730166
6821.419972677597 1.3257537476840155
6831.432340619309 1.1946690247599798
6841.444708561021 1.2678541350850598
6851.457076502733 1.4755768906855313
6861.469444444445 1.089944416371905
6871.481812386157 1.2989725450564258
6881.49418032787 1.298256695300657
6891.506548269583 1.1270422772443995
6901.518916211295 1.304362472629274
6911.531284153007 1.1205575206333165
6921.543652094719 1.4056762674751557
6931.556020036431 1.3110577732861715
6941.568387978143 1.116641401381169
6951.580755919855 1.3927488630621527
6961.593123861567 1.0593313121104935
6971.60549180328 1.1659508169108976
6981.6178597449925 1.5259811352534949
6991.6302276867045 0.9892622536634663
7001.6425956284165 2.1971113356914267
7011.6549635701285 1.204859356577396
7021.6673315118405 1.4791982482735389
7031.6796994535525 1.034002863399023
7041.6920673952645 1.0833333333333335
7051.7044353369765 1.2492420414350682
7061.716803278689 1.0229493009937678
7071.729171220402 1.1078406602661277
7081.741539162114 0.8746841839312783
7091.753907103826 0.7432204817247767
7101.766275045538 0.9210038740104429
7111.77864298725 1.1529813036887318
7121.791010928962 0.9959154455112009
7131.803378870674 0.9995368030992083
7141.815746812386 0.8471450227387569
7151.828114754099 1.0404244567963619
7161.840482695812 0.9764611756779519
7171.852850637524 0.8199006232103756
7181.865218579236 1.1750463196900793
7191.877586520948 0.8375442142496211
7201.88995446266 0.6359693447869295
7211.902322404372 0.8726629610914604
7221.914690346084 0.8228061310426141
7231.927058287797 0.7112177867609905
7241.939426229509 0.86870473303015
7251.951794171222 0.8374178878221323
7261.964162112934 0.7626747515580259
7271.976530054646 0.8388495873336702
7281.988897996358 0.7757705912076807
7292.00126593807 0.6377168603671889
7302.013633879782 0.6596766043456291
7312.026001821494 0.720902812868452
7322.038369763207 1.202417045645949
7332.05073770492 0.9889253831901634
7342.063105646632 0.9758716523496715
7352.075473588344 0.8415024423109314
7362.087841530056 0.9536382011116725
7372.100209471768 1.0488041098197742
7382.11257741348 0.8003200269496379
7392.124945355192 0.7985093481556342
7402.137313296904 1.1814047498736735
7412.149681238617 0.9111504126663299
7422.16204918033 0.7124810510358767
7432.174417122042 0.9004758295435404
7442.186785063754 0.6948795688057942
7452.199153005466 0.8326174835775645
7462.211520947178 0.7089860198753579
7472.22388888889 0.8721576553815059
7482.236256830602 0.796867104598282
7492.248624772314 0.6836786255684689
7502.2609927140265 0.7923614620178541
7512.273360655739 0.7159339733872325
7522.285728597451 0.7818763685362978
7532.298096539163 0.8006990062321038
7542.310464480875 0.7814552804446689
7552.322832422587 0.65529728819269
7562.335200364299 0.66466649823143
7572.347568306011 0.5576890685531414
7582.359936247723 0.6575290550783224
7592.372304189436 0.8228061310426141
7602.384672131149 0.21766043456291057
7612.397040072861 0.5041687721071249
7622.409408014573 0.8545982819605862
7632.421775956285 0.4443742630958396
7642.434143897997 0.7790550783223851
7652.446511839709 0.5459407107966987
7662.458879781421 0.4758716523496716
7672.471247723133 0.8982651170624895
7682.483615664846 0.7005642580427826
7692.495983606559 0.8140896075458987
7702.508351548271 0.9502694963786423
7712.520719489983 0.7381674246252315
7722.533087431695 0.6874684183931279
7732.545455373407 0.7486104092976251
7742.557823315119 0.7737914771770253
7752.570191256831 0.8901802257032171
7762.582559198544 0.8205322553478188
7772.594927140257 0.5072848239851777
7782.607295081969 0.8420498568300488
7792.619663023681 1.1012716860367189
7802.632030965393 0.6382432204817248
7812.644398907105 0.48420919656392114
7822.656766848817 0.704669866936163
7832.669134790529 0.925088428499242
7842.681502732241 0.6205154118241536
7852.693870673954 0.6619083712312616
7862.706238615667 0.6531076301162203
7872.718606557379 0.5414771770254337
7882.730974499091 0.607040592892033
7892.743342440803 0.15190331817416203
7902.755710382515 0.5024423109314469
7912.768078324227 0.6875947448206164
7922.780446265939 0.5844702711807309
7932.792814207651 0.6767306720565942
7942.805182149364 0.32083964965470774
7952.817550091077 0.5784487114704395
7962.829918032789 0.9405423614620179
7972.842285974501 0.8820953343439448
7982.854653916213 0.7427151760148223
7992.867021857925 0.579711975745326
8002.879389799637 0.6099039919151086
8012.891757741349 0.33210375610577736
8022.904125683061 0.7620431194205828
8032.9164936247735 0.52429678288698
8042.928861566486 0.4744820616472966
8052.941229508198 0.859103924541014
8062.95359744991 0.6375694795351188
8072.965965391622 0.6790887653697153
8082.978333333334 0.6960586154623547
8092.990701275046 0.6487283139632811
8103.003069216758 0.4259727134916625
8113.01543715847 0.5699006232103756
8123.027805100183 0.5936078827690753
8133.040173041896 0.7812026275896917
8143.052540983608 0.7996462860030318
8153.06490892532 0.9439531750042108
8163.077276867032 0.6272528212902139
8173.089644808744 0.6734461849418898
8183.102012750456 0.639211723092471
8193.114380692168 0.5200859019706923
8203.12674863388 0.6529391948795688
8213.139116575592 0.33632937510527205
8223.151484517306 0.6236735725113695
8233.163852459018 0.3794677446521812
8243.17622040073 0.5504884621862893
8253.188588342442 0.660729324574701
8263.200956284154 0.7624642075122116
8273.213324225866 0.6307899612598956
8283.225692167578 0.5789119083712313
8293.238060109292 0.24263095839649657
8303.250428051004 0.6989641232945932
8313.262795992716 0.6178204480377295
8323.275163934428 0.6793414182246926
8333.28753187614 0.4791982482735388
8343.299899817852 0.5747431362641064
8353.312267759564 0.6611504126663298
8363.324635701276 0.888159002863399
8373.337003642988 0.521896580764696
8383.3493715847 0.49772612430520463
8393.361739526414 0.6400538992757285
8403.374107468126 0.7533265959238672
8413.386475409838 0.5712902139127506
8423.39884335155 0.7369462691595081
8433.411211293262 0.6654034023917804
8443.423579234974 0.6673825164224355
8453.435947176686 0.747262927404413
8463.448315118398 0.9201616978271855
8473.460683060111 0.6970271180731009
8483.473051001823 0.7624220987030487
8493.485418943535 0.6386643085733535
8503.497786885247 0.4547330301499074
8513.51015482696 0.7854135085059795
8523.522522768671 0.48071416540340234
8533.534890710383 0.5794593228903487
8543.547258652095 0.7655802593902644
8553.559626593807 0.9003705575206332
8563.57199453552 0.5656055246757622
8573.584362477233 0.8335859861883106
8583.596730418945 0.8384706080512043
8593.609098360657 0.5822806131042614
8603.62146630237 0.4519664813879063
8613.633834244081 0.8662203132895402
8623.646202185793 1.0029055078322384
8633.658570127505 0.37625905339397003
8643.670938069217 0.46050193700522146
8653.683306010931 1.1267054067710964
8663.695673952643 0.7123547246083881
8673.708041894355 0.8823058783897592
8683.720409836067 0.5630789961259896
8693.73277777778 0.5579417214081186
8703.745145719491 0.19030655213070574
8713.757513661203 0.17379147717702542
8723.769881602915 0.23735893548930434
8733.782249544627 0.3926035876705407
8743.79461748634 0.3773033518612094
8753.806985428053 0.2910392454101398
8763.819353369765 0.330006737409466
8773.831721311477 0.345536466228735
8783.844089253189 0.6755937342091966
8793.856457194901 0.586870473303015
8803.868825136613 0.5686373589354893
8813.881193078325 0.49528381337375776
8823.893561020039 0.6141569816405592
8833.90592896175 0.36088933804951995
8843.918296903463 0.6752989725450563
8853.930664845175 0.17092386727303352
8863.943032786887 0.7807183762843186
8873.955400728599 0.29330891022401884
8883.96776867031 0.6579501431699512
8893.980136612023 0.559162876873842
8903.992504553735 0.34597860872494524
8914.004872495447 0.6176520128010781
8924.01724043716 0.5660687215765539
8934.029608378873 0.8719050025265286
8944.041976320585 0.5282129021391275
8954.054344262297 0.25009263938015835
8964.066712204009 0.8385548256695301
8974.07908014572 0.8247010274549436
8984.091448087433 0.7635590365504463
8994.103816029145 0.565016001347482
