3508.1053096539163 1.4272556611521765
3518.1159289617485 0.5547283820251085
3528.126548269581 0.1456060072744339
3538.1371675774135 0.5073448316320545
3548.1477868852458 0.7675701044233251
3558.158406193078 1.2476827408189606
3568.1690255009107 0.3494250850639446
3578.1796448087434 1.1384489029684384
3588.1902641165752 0.08579725448785638
3598.200883424408 0.3851050099730142
3608.2115027322407 0.8078141499472017
3618.2221220400725 0.18221283585591927
3628.232741347905 0.7975184794086589
3638.243360655738 0.5835855919277251
3648.2539799635697 0.3618268215417107
3658.2645992714024 0.8254135867652236
3668.275218579235 0.7657514959521297
3678.2858378870674 0.5457761351636747
3688.2964571948996 0.6317024521881968
3698.3070765027323 0.4366478939340608
3708.3176958105646 0.3371934764754195
3718.328315118397 0.1460283937580664
3728.3389344262296 0.7858148539246744
3738.349553734062 1.210782588290508
3748.360173041894 0.7847002229261998
3758.370792349727 0.673061128710548
3768.381411657559 0.6739411005514491
3778.3920309653913 0.79831045406547
3788.402650273224 0.4391470139622199
3798.4132695810563 0.38494074856271265
3808.4238888888885 0.7969611639094216
3818.4345081967213 0.6280065704564121
3828.445127504554 0.6048339786460167
3838.4557468123858 0.6868473542179984
3848.4663661202185 0.43196057726152765
3858.476985428051 0.2392760764988854
3868.4876047358835 0.40557315499237356
3878.4982240437157 0.31517658101607415
3888.5088433515484 0.5059486096444914
3898.5194626593807 0.6202628182564826
3908.530081967213 0.5811275372521413
3918.5407012750456 0.36186788689428606
3928.551320582878 0.4196468379678517
3938.56193989071 0.4604423325120263
3948.572559198543 0.36917751965270446
3958.583178506375 0.5740877625249325
3968.5937978142074 0.3242344244984161
3978.60441712204 0.43079901443153823
3988.6150364298724 0.6453126833274668
3998.6256557377046 0.6944737768391411
4008.6362750455373 0.705150768508741
4018.6468943533696 0.5769154053736947
4028.657513661202 0.6169775900504517
4038.6681329690346 0.4547929132934413
4048.678752276867 0.6376862607063241
4058.689371584699 0.5476768743400211
4068.699990892532 0.6755837146544644
4078.7106102003645 0.5113633697055028
4088.7212295081968 0.7200516250146661
4098.731848816029 0.6913058782118973
4108.742468123861 0.743869529508389
4118.753087431694 0.9964214478470023
4128.763706739526 0.8401971136923618
4138.774326047358 0.8061128710547929
4148.784945355192 0.6595682271500646
4158.7955646630235 0.7791857327232196
4168.806183970855 0.7574210958582659
4178.816803278689 0.5373988032382965
4188.827422586521 0.8078728147365952
4198.8380418943525 0.7120145488677696
4208.848661202186 0.8117446908365599
4218.859280510018 0.8874222691540538
4228.869899817851 0.8361492432242169
4238.880519125683 0.8531033673589112
4248.891138433515 0.9145840666432008
4258.901757741348 1.020356681919512
4268.912377049181 0.8307520826000234
4278.922996357012 0.9677343658336266
4288.933615664845 0.8867769564707263
4298.944234972678 1.0324416285345537
4308.95485428051 1.023817904493723
4318.965473588342 0.8303414290742697
4328.976092896175 0.9933708787985451
4338.986712204007 0.9076029567053855
4348.9973315118405 0.8743986859087176
4359.007950819672 0.7938812624662678
4369.018570127504 0.8232429895576675
4379.029189435338 0.8435996714771795
4389.0398087431695 0.7931479525988502
4399.050428051001 0.8256482459227972
4409.061047358835 0.7797723806171536
4419.071666666667 0.8082248034729556
4429.0822859744985 0.7962571864367007
4439.092905282332 0.7530212366537604
4449.103524590164 0.6634987680394228
4459.114143897996 0.7790684031444327
4469.124763205829 0.7966678399624546
4479.135382513661 0.8708494661504166
4489.146001821493 0.7842895694004459
4499.156621129327 0.8246509445031093
4509.167240437158 0.8416050686378036
4519.17785974499 0.7599436818021824
4529.188479052824 0.6026633814384607
4539.199098360656 0.6678399624545348
4549.209717668487 0.844538308107474
4559.220336976321 0.8311627361257773
4569.230956284153 0.7664554734248504
4579.241575591985 0.9699049630411828
4589.252194899818 0.88443036489499
4599.26281420765 0.8938460635926317
4609.273433515482 0.9641558136806289
4619.2840528233155 0.8642496773436583
4629.294672131147 0.8752786577496187
4639.305291438979 0.7894520708670657
4649.315910746813 1.0299777073800305
4659.3265300546445 0.9435644726035434
4669.337149362476 1.0513903555086237
4679.34776867031 1.0061598028863077
4689.358387978142 0.944385779655051
4699.369007285974 0.9452070867065586
4709.379626593807 1.0278071101724744
4719.390245901639 1.0332922679807581
4729.400865209472 1.0242872228088702
4739.411484517304 0.9897336618561539
4749.422103825136 1.1654933708787987
4759.43272313297 1.0786694825765577
4769.443342440802 0.8988619030857679
4779.453961748633 0.977472720872932
4789.464581056467 1.0259298369118854
4799.475200364299 1.0363135046345184
4809.485819672131 1.0520943329813448
4819.496438979964 1.0672298486448435
4829.507058287796 1.1003754546521178
4839.517677595628 0.9689076616214947
4849.5282969034615 1.0146661973483515
4859.538916211293 1.1052446321717706
4869.549535519125 1.0151355156634987
4879.560154826959 1.0770855332629357
4889.570774134791 0.9625131995776135
4899.581393442622 1.0035785521529978
4909.592012750456 0.9608705854745982
4919.602632058288 0.886600962102546
4929.61325136612 1.0258125073330988
4939.623870673953 1.024404552387657
4949.634489981785 0.914466737064414
4959.645109289617 0.9713129179866243
4969.65572859745 1.0388360905784348
4979.666347905282 0.9683210137275607
4989.676967213114 1.0510383667722634
4999.687586520948 1.0772615276311157
5009.6982058287795 1.0377214595799602
5019.708825136611 0.9933122140091517
5029.719444444445 1.0783174938401971
5039.730063752277 1.0201806875513317
5049.7406830601085 1.0526223160858854
5059.751302367942 1.0149595212953184
5069.761921675774 1.0036958817317847
5079.772540983606 1.0183620790801362
5089.783160291439 1.0360201806875513
5099.793779599271 0.9795846532910948
5109.804398907103 0.9234424498416051
5119.815018214937 0.835151941804529
5129.825637522768 0.8758653056435528
5139.8362568306 1.0248152059134108
5149.846876138434 1.0100316789862724
5159.857495446266 1.0438225976768742
5169.868114754098 1.0439399272556613
5179.878734061931 0.9810512730259298
5189.889353369763 1.03496421447847
5199.899972677596 1.0305643552739645
5209.910591985428 1.0725683444796434
5219.92121129326 1.0502170597207556
5229.931830601094 1.0118502874574682
5239.9424499089255 1.0248152059134108
5249.953069216757 0.9921975830106771
5259.963688524591 1.048105127302593
5269.974307832423 0.9645078024169893
5279.9849271402545 0.8790332042707967
5289.995546448088 0.9552387656928313
5300.00616575592 0.9076029567053855
5310.016785063752 1.0003519887363606
5320.027404371585 1.019183386131644
5330.038023679417 1.087821189721929
5340.048642987249 0.9826058899448552
5350.059262295083 1.0205913410770855
5360.069881602914 0.9964801126363957
5370.080500910746 1.0400093863663031
5380.09112021858 1.0313856623254722
5390.101739526412 1.0100903437756659
5400.112358834243 0.9666783996245455
5410.122978142077 5.0850052798310455e-27
5420.133597449909 0.9484629825178928
5430.144216757741 0.9226211427900974
5440.154836065574 0.8981579256130471
5450.165455373406 0.8260002346591576
5460.176074681238 0.9006805115569636
5470.1866939890715 0.993194884430365
5480.197313296903 0.9783526927138332
5490.207932604735 0.9753607884547696
5500.218551912569 0.9626305291564003
5510.2291712204005 1.0785521529977709
5520.239790528232 1.0510383667722634
5530.250409836066 0.9952481520591341
5540.261029143898 0.9965974422151824
5550.27164845173 0.9462043881262467
5560.282267759563 1.0600140795494544
5570.292887067395 1.0459345300950371
5580.303506375228 0.8822597676874341
5590.31412568306 1.0953302827642848
5600.324744990892 1.0621846767570107
5610.335364298725 1.0298603778012436
5620.345983606558 1.0513316907192303
5630.356602914389 1.05115569635105
5640.367222222222 1.1381555790214712
5650.377841530055 1.1073565645899333
5660.388460837887 1.0977355391294146
5670.399080145719 1.1422034494896163
5680.409699453552 1.060835386600962
5690.420318761384 0.970667605303297
5700.4309380692175 1.0522703273495249
5710.441557377049 1.0878798545113224
5720.452176684881 1.0261058312800657
5730.462795992715 0.9628065235245805
5740.473415300547 1.0559662090813093
5750.484034608378 1.0590167781297666
5760.494653916212 1.0501583949313622
5770.505273224044 0.9767100786108178
5780.515892531876 1.0278071101724744
5790.526511839709 1.163674762407603
5800.537131147541 1.0946849700809576
5810.547750455373 1.0910477531385663
5820.558369763206 1.0732723219523643
5830.568989071038 1.0562595330282765
5840.57960837887 1.0777308459462631
5850.590227686704 1.0950369588173179
5860.6008469945355 1.1234307168837263
5870.611466302367 1.0804880910477532
5880.622085610201 1.037252141264813
5890.632704918033 1.0618326880206501
5900.6433242258645 1.0915757362431069
5910.653943533698 1.1654347060894052
5920.66456284153 1.0718643670069226
5930.675182149362 1.0388947553678283
5940.685801457195 1.0851226094098323
5950.696420765027 1.07517892760765
5960.707040072859 1.0843013023583246
5970.717659380693 1.0892878094567642
5980.728278688524 1.0942156517658104
5990.738897996356 1.0790801361023112
6000.74951730419 1.0928076968203684
6010.760136612022 1.072099026164496
6020.770755919854 1.080018772732606
6030.781375227687 1.1129297195823067
6040.791994535519 1.0769682036841488
6050.8026138433515 1.0798427783644258
6060.813233151184 1.0909304235597794
6070.823852459016 1.1185908717587705
6080.834471766849 1.1655520356681919
6090.8450910746815 1.0458172005162503
6100.855710382513 1.1124604012671595
6110.866329690346 1.1037780124369354
6120.876948998179 1.178692948492315
6130.8875683060105 1.146485979115335
6140.898187613844 1.134225038132113
6150.908806921676 1.1244866830928077
6160.919426229508 1.0993781532324298
6170.930045537341 1.08611991082952
6180.940664845173 1.105303296961164
6190.951284153005 1.053326293558606
6200.961903460839 0.9740701630881144
6210.97252276867 0.9138214243810865
6220.983142076502 1.0095036958817318
6230.993761384336 1.0722750205326763
6241.004380692168 1.105009973014197
6251.014999999999 1.0919277249794674
6261.025619307833 1.0993781532324298
6271.036238615665 1.0289217411709493
6281.046857923497 1.1339903789745394
6291.05747723133 1.0059838085181274
6301.068096539162 1.0167194649771207
6311.078715846994 1.06699518948727
6321.0893351548275 1.0388360905784348
6331.099954462659 1.0537956118737535
6341.110573770491 1.0445852399389888
6351.121193078325 1.0901677812976651
6361.1318123861565 1.0058664789393408
6371.142431693988 1.0402440455238766
6381.153051001822 1.0342015722163558
6391.163670309654 1.0231725918103953
6401.174289617486 1.0217646368649538
6411.184908925319 1.057080840079784
6421.195528233151 1.010559662090813
6431.206147540983 0.9907016308811452
6441.216766848816 0.9858617857561891
6451.227386156648 1.0166021353983339
6461.238005464481 0.9804059603426024
6471.248624772314 1.015604833978646
6481.259244080145 0.9825765575501584
6491.269863387978 0.9030271031326998
6501.280482695811 0.9833391998122727
6511.291102003643 1.0013492901560483
6521.301721311475 0.9799366420274552
6531.312340619308 1.023993898861903
6541.32295992714 1.0061011380969143
6551.333579234973 0.9615745629473189
6561.344198542805 0.988853690015253
6571.354817850637 0.9718995658805585
6581.365437158471 1.0054558254135868
6591.3760564663025 0.9953068168485276
6601.386675774134 1.0099730141968792
6611.397295081968 1.0733309867417575
6621.4079143898 1.0209433298134458
6631.418533697632 1.0378974539481405
6641.429153005465 1.0597794203918809
6651.439772313297 1.0588407837615863
6661.450391621129 1.0584301302358325
6671.461010928962 1.083655989674997
6681.471630236794 1.0292737299073098
6691.482249544626 1.0536196175055732
6701.49286885246 1.036078845476945
6711.503488160291 1.0507450428252965
6721.514107468123 1.090871758770386
6731.524726775957 1.0818373812038014
6741.535346083789 1.11005514490203
6751.5459653916205 1.0747389416871993
6761.556584699454 1.0506277132465094
6771.567204007286 1.041593335679925
6781.577823315118 1.025577848175525
6791.588442622951 1.0640032852282062
6801.599061930783 1.1080898744573509
6811.609681238615 1.0885838319840433
6821.620300546449 1.058664789393406
6831.63091985428 1.0657632289100083
6841.641539162112 1.0233485861785756
6851.652158469946 1.060835386600962
6861.662777777778 1.0804294262583598
6871.673397085609 1.0620086823888304
6881.684016393443 1.085239938988619
6891.694635701275 1.0212953185498064
6901.7052550091075 1.0313269975360788
6911.71587431694 0.9785873518714069
6921.726493624772 1.02704446791036
6931.737112932605 1.038014783526927
6941.7477322404375 1.0307990144315382
6951.758351548269 1.0326762876921274
6961.768970856102 1.0259298369118854
6971.779590163935 1.0573741640267513
6981.7902094717665 1.0761468966326413
6991.800828779599 1.0130235832453363
7001.811448087432 1.0028159098908835
7011.822067395264 1.0137275607180571
7021.832686703097 1.0198286988149714
7031.843306010929 1.0295083890648833
7041.853925318761 1.0172474480816613
7051.864544626595 1.0181274199225625
7061.875163934426 1.0114396339317142
7071.885783242258 1.0129649184559428
7081.896402550092 0.986976416754664
7091.907021857924 1.0079784113575032
7101.917641165755 1.0232899213891824
7111.928260473589 0.9783526927138332
7121.938879781421 1.0263991552270326
7131.949499089253 0.9999413352106067
7141.960118397086 1.0045758535726856
7151.970737704918 0.9831632054440925
7161.98135701275 0.9762700926903674
7171.9919763205835 0.9626891939457938
7182.002595628415 0.9984747154757715
7192.013214936247 0.9870937463334507
7202.023834244081 0.9463217177050335
7212.0344535519125 0.9363487035081545
7222.045072859744 0.9611639094215653
7232.055692167578 0.9657984277836443
7242.06631147541 0.9208611991082952
7252.076930783242 0.9709609292502639
7262.087550091075 0.9697289686730025
7272.098169398907 1.0041652000469319
7282.108788706739 1.0024639211545232
7292.119408014572 0.9450897571277719
7302.130027322404 1.0026399155227035
7312.140646630236 0.9673237123078728
7322.15126593807 0.9684383433063475
7332.161885245901 1.0074504282529626
7342.172504553734 0.9947201689545935
7352.183123861567 1.0437052680980876
7362.193743169399 1.0320309750087997
7372.204362477231 1.0168367945559076
7382.214981785064 1.0231139270210021
7392.225601092896 1.0218819664437406
7402.236220400729 1.0258125073330988
7412.246839708561 1.0791974656810983
7422.257459016393 1.0909304235597794
7432.268078324226 0.9909656224334155
7442.2786976320585 0.987269740701631
7452.28931693989 1.0198286988149714
7462.299936247723 0.994368180218233
7472.310555555556 0.9436231373929368
7482.321174863388 0.9497829402792445
7492.331794171221 0.9834565293910594
7502.342413479053 0.8980992608236537
7512.353032786885 0.9170479877977238
7522.363652094718 0.9392232781884314
7532.37427140255 0.8021529977707381
7542.384890710382 0.9507802416989324
7552.395510018216 0.9783526927138332
7562.406129326047 0.9599319488443037
7572.416748633879 0.9467323712307875
7582.427367941713 0.9225038132113106
7592.437987249545 0.9123548046462513
7602.4486065573765 0.9405139035550862
7612.459225865209 0.8505221166256013
7622.469845173042 0.9510149008565059
7632.480464480875 0.8929954241464273
7642.491083788707 0.9289569400445853
7652.501703096539 0.9706382729086003
7662.512322404372 0.955766748797372
7672.522941712205 0.9433298134459697
7682.533561020036 0.9467323712307875
7692.544180327869 0.9957174703742814
7702.554799635702 1.0095623606711253
7712.565418943534 0.9808166138683563
7722.576038251366 1.0530329696116392
7732.586657559199 1.0576088231843248
7742.597276867031 1.0377214595799602
7752.6078961748635 1.0092690367241581
7762.618515482696 1.0588994485509797
7772.629134790528 1.0598967499706677
7782.639754098361 1.0367241581602722
7792.6503734061935 1.0580194767100786
7802.660992714025 1.0618326880206501
7812.671612021858 1.015604833978646
7822.682231329691 1.0816027220462279
7832.6928506375225 1.0733309867417575
7842.703469945355 1.0644139387539597
7852.714089253188 1.051566349876804
7862.72470856102 1.0207086706558723
7872.735327868852 1.014020884665024
7882.745947176685 1.0494544174586413
7892.756566484517 0.9598732840549101
7902.76718579235 0.9713129179866246
7912.777805100182 1.0564355273964567
7922.788424408014 1.0428252962571865
7932.799043715847 1.1015487504399861
7942.80966302368 1.041476006101138
7952.820282331511 1.0599554147600612
7962.830901639344 1.0432946145723336
7972.841520947177 1.1010207673354453
7982.852140255009 1.0397747272087294
7992.862759562841 1.0634753021236654
8002.873378870674 1.028041769330048
8012.883998178506 0.999706676053033
8022.894617486339 1.0020239352340725
8032.905236794171 1.0279831045406547
8042.915856102003 1.0170714537134813
8052.926475409836 1.0045171887832924
8062.9370947176685 1.0294497242754899
8072.947714025501 0.9994720168954593
8082.958333333334 0.9838671829168134
8092.968952641166 0.9885603660682858
8102.9795719489985 0.9733075208260004
8112.990191256831 0.9976534084242638
8123.000810564663 0.9890296843834332
8133.011429872496 1.052563651296492
8143.022049180328 1.0681391528804411
8153.03266848816 1.0519183386131645
8163.043287795993 1.0428839610465799
8173.053907103826 0.9750674645078024
8183.064526411657 1.0894638038249445
8193.07514571949 1.0774961867886894
8203.085765027323 1.0532676287692129
8213.096384335155 1.0388360905784348
8223.107003642988 1.1060659392232781
8233.11762295082 1.1031326997536077
8243.128242258652 1.0
8253.138861566484 1.0549689076616215
8263.149480874317 1.0486331104071336
8273.16010018215 1.1014900856505925
8283.170719489983 1.0036372169423913
8293.181338797815 1.0804294262583598
8303.191958105646 1.051273025929837
8313.202577413478 0.9857444561774024
8323.213196721312 0.9791739997653408
8333.223816029144 1.0174234424498416
8343.234435336977 0.9895576674879737
8353.245054644809 0.9105361961750558
8363.25567395264 0.9312448668309281
8373.266293260473 0.9206852047401151
8383.276912568306 0.9589639798193125
8393.287531876138 0.9550041065352576
8403.298151183972 0.97037428135633
8413.308770491803 0.9602252727912707
8423.319389799635 1.0069811099378152
8433.330009107467 0.942508506394462
8443.3406284153 1.0145488677695649
8453.351247723132 0.9791739997653408
8463.361867030966 0.9913176111697759
8473.372486338798 0.9892056787516132
8483.38310564663 0.9956588055848881
8493.393724954462 1.0012906253666551
8503.404344262295 1.003050569048457
8513.414963570129 1.024991200281591
8523.42558287796 0.9939575266924793
8533.436202185792 1.0259885017012789
8543.446821493624 0.9740114982987212
8553.457440801458 1.0031092338378507
8563.46806010929 1.0295083890648833
8573.478679417123 1.0077437521999297
8583.489298724955 1.012554264930189
8593.499918032787 0.9873870702804177
8603.510537340619 0.9648011263639564
8613.521156648452 0.9923149125894638
8623.531775956284 0.9411592162384137
8633.542395264118 0.944884430364895
8643.55301457195 0.9712542531972311
8653.563633879781 0.9497829402792445
8663.574253187613 0.9510735656458994
8673.584872495447 1.004047870468145
8683.595491803278 1.0097383550393055
8693.606111111112 0.9599319488443037
8703.616730418944 1.0078610817787164
8713.627349726776 0.9959521295318551
8723.637969034608 0.9636864953654817
8733.648588342441 1.0212366537604132
8743.659207650273 0.9912589463803825
8753.669826958107 0.9998240056318197
8763.680446265938 0.9439751261292973
8773.69106557377 0.9398099260823654
8783.701684881602 0.9769447377683914
8793.712304189436 0.9365833626657281
8803.722923497267 0.9489616332277366
8813.733542805101 0.9923735773788572
8823.744162112933 0.9256130470491611
8833.754781420765 0.9198638976886073
8843.765400728596 1.0032852282060307
8853.77602003643 0.9953068168485276
8863.786639344262 1.0
8873.797258652095 0.9656810982048574
8883.807877959927 0.93282881614455
8893.818497267759 0.9860964449137628
8903.82911657559 0.9513668895928663
8913.839735883425 0.9206265399507216
8923.850355191256 0.9789980053971606
8933.86097449909 0.9848644843365013
8943.871593806922 0.8580312096679573
8953.882213114754 0.8237709726622081
8963.892832422585 0.8147365950956237
8973.903451730419 0.8629590519770035
8983.914071038253 0.8292854628651883
8993.924690346084 0.7470960929250264
