3507.32572859745 0.18800719946951278
3517.33718579235 2.1155283294915113
3527.3486429872496 0.548822718326018
3537.3601001821494 1.9277526919069121
3547.371557377049 1.4475775469175955
3557.3830145719494 0.8296441314850485
3567.394471766849 2.584230635637374
3577.405928961749 0.4956371635774206
3587.4173861566487 0.2688959760859726
3597.4288433515485 1.7238729777805846
3607.4403005464483 2.2378351068868607
3617.451757741348 1.0237982464449988
3627.463214936248 0.6009346679718336
3637.4746721311476 1.474838696096077
3647.4861293260474 1.6000926247539655
3657.497586520947 2.409717178734198
3667.509043715847 1.664403675518646
3677.520500910747 1.8667045586114706
3687.531958105647 1.48389066068816
3697.5434153005467 1.4385255823255128
3707.5548724954465 1.732293409959266
3717.5663296903463 0.152725588640837
3727.577786885246 1.5534644815645162
3737.589244080146 0.6778553159240898
3747.6007012750456 2.5714947319671184
3757.612158469946 2.0363762670119043
3767.6236156648456 1.0610797099161113
3777.6350728597454 1.186333638574
3787.646530054645 1.49346890229141
3797.657987249545 1.8058669361204964
3807.6694444444447 2.4783437009904534
3817.6809016393445 1.9414358941972696
3827.6923588342443 1.952277200627322
3837.703816029144 1.6364057385245299
3847.715273224044 2.579388887134632
3857.7267304189436 2.154999105329081
3867.7381876138434 1.6163019566979275
3877.749644808743 2.018061827023272
3887.761102003643 1.7157683118086033
3897.772559198543 2.015219931162967
3907.784016393443 1.8170240087572496
3917.7954735883427 1.2409611923331965
3927.8069307832425 1.65914090540697
3937.8183879781423 1.1468628627364301
3947.829845173042 1.6205121727872684
3957.841302367942 1.1464418411274957
3967.8527595628416 1.2954834906901596
3977.864216757742 1.9557506289010282
3987.8756739526416 1.9278579473091455
3997.8871311475414 2.1815234666919276
4007.898588342441 1.3525319187007272
4017.910045537341 2.0897407559442986
4027.9215027322407 1.8542844211479155
4037.9329599271405 2.2517288199816856
4047.9444171220402 2.189838643468376
4057.95587431694 2.0510067679223636
4067.96733151184 1.4703127138000358
4077.9787887067396 1.917700800993611
4087.9902459016394 1.329375730209353
4098.001703096539 1.2208574105065944
4108.013160291439 1.7132421821549992
4118.024617486339 1.540623322492027
4128.0360746812385 1.742187417769217
4138.047531876139 1.9632237624596083
4148.058989071039 1.651246750239456
4158.070446265939 1.828496847600703
4168.0819034608385 1.4999947372298883
4178.093360655738 1.59693496268696
4188.104817850638 1.6879808856189542
4198.116275045538 2.074162956413738
4208.127732240438 2.0906880545644007
4218.139189435337 1.8420747944888272
4228.150646630237 2.151315166250908
4238.162103825137 1.7818687044112538
4248.173561020037 1.7425031839759175
4258.1850182149365 1.3537949835275296
4268.196475409836 1.7777637437241467
4278.207932604736 1.0673950340501226
4288.219389799636 1.4548401696717084
4298.230846994536 1.3648468007620491
4308.242304189435 1.1634932162893261
4318.253761384335 1.460839727599019
4328.265218579235 1.7127159051438314
4338.276675774135 1.7038744513562156
4348.288132969034 1.5941983222288885
4358.299590163934 1.4637868788615576
4368.311047358835 1.0770995821360532
4378.322504553735 1.3139031860810257
4388.3339617486345 1.176860652372983
4398.345418943534 1.8393381540307558
4408.356876138434 1.3945288241919016
4418.368333333334 1.4824170850568905
4428.379790528234 2.031429263106929
4438.391247723133 1.8269180165672003
4448.402704918033 1.7813424274000862
4458.414162112933 1.7053480269874852
4468.425619307833 1.5597798056985275
4478.437076502732 1.6095656109549823
4488.448533697632 1.2693801509362468
4498.459990892532 1.2255939036071026
4508.471448087432 1.356742134790068
4518.482905282332 1.6385108465692002
4528.494362477231 1.4062121738398223
4538.505819672131 1.4878903659730334
4548.517276867032 1.1691770080099362
4558.528734061932 1.3169555927457977
4568.540191256831 1.5634637447767006
4578.551648451731 1.8194448830086205
4588.563105646631 1.678192133211237
4598.574562841531 1.5938825560221879
4608.58602003643 1.639879166798236
4618.59747723133 1.6818760722894102
4628.60893442623 1.784289578662625
4638.62039162113 1.3551633037565654
4648.63184881603 1.6437736166808763
4658.643306010929 1.8743882029745176
4668.654763205829 1.7914469460145042
4678.666220400729 1.5921984695864515
4688.677677595629 1.3864241582199206
4698.689134790528 1.664614186323113
4708.700591985428 1.7037691959539825
4718.712049180328 1.796288694517246
4728.723506375228 1.4629448356436894
4738.734963570128 1.5290452282463396
4748.746420765027 1.7427136947803845
4758.757877959927 1.4242108476217543
4768.769335154827 1.180123569842222
4778.780792349727 1.344953529739914
4788.792249544626 1.4804172324144536
4798.803706739526 1.5187301988274549
4808.815163934427 1.176860652372983
4818.826621129327 1.1918069194901428
4828.838078324226 1.2330670371656824
4838.849535519126 1.2889576557516815
4848.860992714026 1.3173766143547316
4858.872449908926 1.3775827044323048
4868.883907103826 1.0657109476143862
4878.895364298725 1.3395855042260043
4888.906821493625 1.2765375182881262
4898.918278688525 1.232540760154515
4908.929735883425 1.3730567221362635
4918.941193078324 1.4220004841748501
4928.952650273224 1.4604187059900848
4938.964107468124 1.1603355542223204
4948.975564663024 1.3410590798572737
4958.9870218579235 1.452524550822571
4968.998479052823 1.5632532339722336
4979.009936247724 1.365057311566516
4989.021393442624 1.2004378624732914
4999.032850637524 1.6629300998873766
5009.044307832423 1.4593661519677497
5019.055765027323 1.4901007294199375
5029.067222222223 1.5020998452745589
5039.078679417123 1.6149336364688918
5049.090136612022 1.576094393044723
5059.101593806922 1.1855968507583652
5069.113051001822 1.3281126653825508
5079.124508196722 1.3031671350532066
5089.1359653916215 1.2704853326596985
5099.147422586521 1.512099108486743
5109.158879781421 1.123390908038355
5119.170336976321 1.3197974886061026
5129.181794171221 1.0679213110612902
5139.19325136612 1.1869651709874007
5149.20470856102 1.1567568705463809
5159.21616575592 1.2499079015230457
5169.22762295082 1.477259570347448
5179.2390801457195 1.2319092277411139
5189.250537340619 1.2152788741882177
5199.261994535519 1.1281274011388633
5209.273451730419 0.9021230014630501
5219.284908925319 0.9416148283810666
5229.296366120218 1.230961929121012
5239.307823315119 0.9474091382740218
5249.319280510019 1.2245413495847675
5259.330737704919 1.0025050785731577
5269.342194899818 1.099287420926879
5279.353652094718 1.1798078036355215
5289.365109289618 0.9216794551980381
5299.376566484518 1.1755975875461808
5309.3880236794175 1.2416979801488313
5319.399480874317 1.284010651846706
5329.410938069217 1.0693948866925596
5339.422395264117 0.9555295925563381
5349.433852459017 0.9536455208563579
5359.445309653916 1.058553580262507
5369.456766848816 1.0
5379.468224043716 1.0400654688601894
5389.479681238616 1.1459155641163283
5399.4911384335155 0.928321071078973
5409.502595628416 1.0125148673255655
5419.514052823316 1.318850189986001
5429.525510018216 1.1332849158483058
5439.5369672131155 1.0001052554022334
5449.548424408015 1.0458387276726977
5459.559881602915 0.7719536455208563
5469.571338797815 0.8819771174755545
5479.582795992715 1.0746576568042356
5489.594253187614 1.1008662519603818
5499.605710382514 0.9419305945877672
5509.617167577414 1.0097992779479406
5519.628624772314 1.1464418411274957
5529.6400819672135 1.076499626343322
5539.651539162113 1.0647636489942847
5549.662996357013 1.1617038744513564
5559.674453551913 1.0194827749534245
5569.685910746813 0.9304788068247603
5579.697367941712 0.8050775206037449
5589.708825136612 1.0916037765638322
5599.720282331512 1.0636058395697159
5609.731739526412 1.062974307156315
5619.7431967213115 1.1332849158483058
5629.754653916211 0.8609470881092972
5639.766111111111 1.1044449356363215
5649.777568306011 0.9088909238266654
5659.789025500911 1.2010693948866924
5669.80048269581 1.2255939036071026
5679.81193989071 1.1090761733345964
5689.823397085611 1.1023398275916512
5699.834854280511 1.2365404654393886
5709.84631147541 1.41063290073363
5719.85776867031 0.8247181786605198
5729.86922586521 1.0638163503741829
5739.88068306011 1.0974980790889093
5749.8921402550095 1.052869788541897
5759.903597449909 1.2261201806182702
5769.915054644809 1.3114823118296548
5779.926511839709 1.074973423010936
5789.937969034609 0.9690654372835685
5799.949426229508 1.412632753376067
5809.960883424409 1.304430199880009
5819.972340619309 1.0053206605829044
5829.983797814209 1.0209984527455873
5839.995255009108 1.1869651709874007
5850.006712204008 0.9634132221836286
5860.018169398908 1.062448030145147
5870.029626593808 1.234961634405886
5880.0410837887075 1.2113844243055776
5890.052540983607 1.031429263106929
5900.063998178507 0.9638973970339028
5910.075455373407 1.052332985990506
5920.086912568307 1.1473891397475975
5930.098369763206 0.8070142200048418
5940.109826958106 1.0706579515193617
5950.121284153006 1.0616059869272791
5960.132741347906 1.1458103087140947
5970.1441985428055 1.144652499289526
5980.155655737705 1.0498700095782416
5990.167112932605 1.1800183144399887
6000.178570127505 1.155178039512878
6010.190027322405 1.1648615365183619
6020.201484517304 1.1123390908038355
6030.212941712204 1.1311798078036355
6040.224398907104 1.0667635016367214
6050.235856102004 0.8667466607723642
6060.2473132969035 1.204858589367099
6070.258770491803 1.2391718504952267
6080.270227686703 1.197490711210753
6090.281684881603 1.1731767132948099
6100.293142076503 1.2394349890008103
6110.304599271402 1.1013925289715496
6120.316056466303 1.1826496994958267
6130.327513661203 0.9161640721210016
6140.338970856103 1.1912806424789752
6150.350428051002 0.9341522203627101
6160.361885245902 1.022882524445567
6170.373342440802 1.1993853084509563
6180.384799635702 1.0108413064300525
6190.3962568306015 1.133916448261707
6200.407714025501 1.115707263675308
6210.419171220401 1.1560200827307463
6220.430628415301 0.9816118812298041
6230.4420856102015 0.9338469796962329
6240.453542805101 1.0833938551896176
6250.465000000001 1.0092940520172198
6260.476457194901 0.8787984043281021
6270.487914389801 1.1410738156135862
6280.4993715847 1.0474491353268707
6290.5108287796 1.0145989242897893
6300.5222859745 1.265380445651373
6310.5337431694 1.042796846548149
6320.5452003642995 1.0467123475112359
6330.556657559199 1.0175987032534444
6340.568114754099 0.9717283989600767
6350.579571948999 0.9251949856326375
6360.591029143899 0.9328996810761313
6370.602486338798 0.9617291357478923
6380.613943533698 0.962529076804867
6390.625400728598 0.905128043196817
6400.636857923498 0.925416021977328
6410.6483151183975 0.9492879472038903
6420.659772313297 0.9936530992453187
6430.671229508197 1.058974601871441
6440.682686703097 0.7587125159198796
6450.694143897997 0.9197743324176113
6460.705601092896 0.9321839443409433
6470.717058287796 1.0097045480859306
6480.728515482696 0.9575504962792215
6490.739972677596 0.9187744060963928
6500.7514298724955 0.8530424074015599
6510.762887067395 0.9524456092708958
6520.774344262295 0.8016040923300388
6530.785801457195 0.6452892944730388
6540.797258652095 0.9297893839401308
6550.808715846995 0.791352216152494
6560.820173041895 1.0028734724809751
6570.831630236795 1.0700264191059607
6580.843087431695 0.9809277211152861
6590.854544626594 0.8962497500184198
6600.866001821494 1.0702369299104275
6610.877459016394 0.968812824318208
6620.888916211294 1.0578167924468724
6630.9003734061935 1.074341890597535
6640.911830601093 0.9543612575915459
6650.923287795993 0.980738261391266
6660.934744990894 1.0193354173902975
6670.9462021857935 1.0813940025471807
6680.957659380693 1.138758196764449
6690.969116575593 1.1150757312619068
6700.980573770493 1.1231803972338879
6710.992030965393 0.9977685854726493
6721.003488160292 1.10170829517825
6731.014945355192 1.1590724893955182
6741.026402550092 1.1264433147031272
6751.037859744992 1.1289694443567317
6761.0493169398915 1.0004420726893808
6771.060774134791 1.1605460650267874
6781.072231329691 1.0827623227762166
6791.083688524591 1.080446703927079
6801.095145719491 0.9921479469933794
6811.10660291439 0.9138905554327577
6821.11806010929 1.0954982264464723
6831.12951730419 0.9826065447809108
6841.14097449909 1.1111812813792667
6851.1524316939895 1.0365973033565947
6861.163888888889 0.891681665561485
6871.175346083789 0.8643468376014399
6881.186803278689 1.0163145873461954
6891.198260473589 1.0853937078320544
6901.209717668488 0.9882324460302925
6911.221174863388 0.9509825591798499
6921.232632058288 0.909122485711579
6931.244089253188 0.9135958403065038
6941.255546448087 0.9411096024503458
6951.267003642987 0.858578841559043
6961.278460837887 0.9194585662109107
6971.289918032788 0.8163187975622849
6981.3013752276875 0.8036881492942626
6991.312832422587 0.7953098192764744
7001.324289617487 0.7994042544233583
7011.335746812387 0.8260022945677686
7021.347204007287 0.8734830065153094
7031.358661202186 0.7839001336743608
7041.370118397086 0.7451871967328723
7051.381575591986 0.7665435178460535
7061.393032786886 0.8201185175829149
7071.404489981785 0.8668098140137043
7081.415947176685 0.8018040775942825
7091.427404371586 0.8157083162293304
7101.438861566486 0.8432220783731725
7111.4503187613855 0.8734619554348627
7121.461775956285 0.8981232961781763
7131.473233151185 0.7656067447661751
7141.484690346085 0.8794299367415033
7151.496147540985 0.7423137242518972
7161.507604735884 0.869199111644405
7171.519061930784 0.6458366225646531
7181.530519125684 0.7928257917837633
7191.541976320584 0.690212300146305
7201.553433515483 0.8776616459839801
7211.564890710383 0.9009441409580347
7221.576347905283 0.8164661551254118
7231.587805100183 0.7821739450777311
7241.599262295083 0.7278726830654584
7251.610719489982 0.6265327817950256
7261.622176684882 0.6582620227983201
7271.633633879782 0.763870030629322
7281.645091074682 0.7346090288084036
7291.656548269581 0.7755849568979127
7301.668005464481 0.7271358952498237
7311.679462659381 0.808877240624375
7321.690919854281 0.6782658119928006
7331.7023770491805 0.7331565042575809
7341.71383424408 0.7820686896754976
7351.72529143898 0.7830580904564927
7361.73674863388 0.6561306009030913
7371.74820582878 0.6800341027503236
7381.759663023679 0.7479975159725072
7391.771120218579 0.7002431399791594
7401.78257741348 0.6986853600261033
7411.79403460838 0.6019451198332754
7421.805491803279 0.673434589030282
7431.816948998179 0.7672908312019114
7441.828406193079 0.740482280253034
7451.839863387979 0.7115265190985927
7461.8513205828785 0.6935594219373309
7471.862777777778 0.8330228298967445
7481.874234972678 0.7082530760891304
7491.885692167578 0.7733219657498921
7501.897149362478 0.7502184049596345
7511.908606557378 0.7975201827233782
7521.920063752278 0.7757849421621564
7531.931520947178 0.6957908364646815
7541.942978142078 0.7409559295630849
7551.954435336977 0.7658172555706422
7561.965892531877 0.7980359341943225
7571.977349726777 0.680644584083278
7581.988806921677 0.737850895197196
7592.000264116577 0.6692348984811646
7602.011721311476 0.30150409969791697
7612.023178506376 0.9013020093256287
7622.034635701276 0.7595229825170777
7632.046092896176 0.9215110465544645
7642.057550091075 0.7710168724409779
7652.069007285975 0.7840790678581578
7662.080464480875 0.704537560390287
7672.091921675775 0.6599408464639447
7682.1033788706745 0.7052953992863684
7692.114836065574 0.7345721894176219
7702.126293260474 0.6720873198816929
7712.137750455374 0.6568147610176092
7722.149207650274 0.5095624532929153
7732.160664845173 0.7520709000389445
7742.172122040073 0.6706137442504236
7752.183579234973 0.6597303356594777
7762.195036429873 0.5681897123369857
7772.2064936247725 0.7303672360983927
7782.217950819672 0.7430399865273085
7792.229408014572 0.805140673845085
7802.240865209472 0.6850232088161925
7812.252322404372 0.6696138179292052
7822.263779599271 0.6836233119664867
7832.275236794171 0.7015272558864084
7842.286693989071 0.7409506667929732
7852.298151183971 0.6574568189712336
7862.3096083788705 0.7140736998326439
7872.32106557377 0.5380129885166356
7882.332522768671 0.4893007883629627
7892.343979963572 0.6655825360236615
7902.355437158471 0.6879493089982843
7912.366894353371 0.7278726830654584
7922.378351548271 0.7598808508846717
7932.389808743171 0.6306061658614628
7942.4012659380705 0.6573094614081068
7952.41272313297 0.6056606355321187
7962.42418032787 0.6450472070479017
7972.43563752277 0.6992747902786111
7982.44709471767 0.7012114896797078
7992.458551912569 0.5572115738840295
8002.470009107469 0.6405949035334239
8012.481466302369 0.5883145452440347
8022.492923497269 0.6959802961887019
8032.5043806921685 0.6884019072278885
8042.515837887068 0.6823181449787911
8052.527295081968 0.6080815097834896
8062.538752276868 0.6119128064247897
8072.550209471768 0.597924363467955
8082.561666666667 0.7103897607544707
8092.573123861567 0.6428578946814445
8102.584581056467 0.7764480511962276
8112.596038251367 0.7859315629374677
8122.6074954462665 0.6211542307408927
8132.618952641166 0.7235361604934374
8142.630409836066 0.742397928573684
8152.641867030966 0.6870651636195227
8162.653324225866 0.6462155420126938
8172.664781420765 0.6386687296725504
8182.676238615665 0.8099929478880503
8192.687695810564 0.7898681149810014
8202.699153005466 0.7351774079804646
8212.710610200364 0.6664877324828696
8222.722067395265 0.6045133516477733
8232.733524590163 0.6689401833549107
8242.744981785065 0.8139294999315839
8252.756438979963 0.6982117107160525
8262.767896174864 0.6618249181639247
8272.779353369762 0.5919879587819845
8282.790810564664 0.40218089193427853
8292.802267759562 0.7276937488816613
8302.813724954463 0.7272937783531739
8312.825182149363 0.6235330028313704
8322.836639344263 0.6798025408654099
8332.848096539165 0.6983064405780627
8342.859553734063 0.5688633469112803
8352.871010928964 0.718083930657741
8362.882468123862 0.6145547170208511
8372.893925318764 0.6554674918690202
8382.905382513662 0.5983980127780059
8392.916839708563 0.6818339701285169
8402.928296903461 0.4295051943541002
8412.939754098363 0.5591272222046797
8422.95121129326 0.580609849800541
8432.962668488162 0.4857852579283632
8442.97412568306 0.7024535034260633
8452.985582877962 0.6255328554738071
8462.99704007286 0.48993232077636384
8473.008497267761 0.5658740934878482
8483.01995446266 0.5582746534465882
8493.031411657561 0.5430020945825045
8503.042868852459 0.3909711915964087
8513.05432604736 0.5618112349616344
8523.065783242258 0.569368572842001
8533.07724043716 0.48114349468986495
8543.088697632058 0.6040291767974991
8553.10015482696 0.6349005862725904
8563.111612021858 0.6956276905912196
8573.12306921676 0.633121769974844
8583.134526411657 0.5190143884134854
8593.145983606559 0.6247329144168324
8603.157440801457 0.5830201985116886
8613.168897996358 0.6291325902301935
8623.180355191256 0.49119538560316606
8633.191812386158 0.4598503268180239
8643.203269581056 0.517151367793952
8653.214726775957 0.5226983274916586
8663.226183970855 0.5332133421747871
8673.237641165757 0.4248529055753787
8683.249098360655 0.6842653699201112
8693.260555555556 0.6400265243613629
8703.272012750454 0.46733924868693877
8713.283469945356 0.5607902575599693
8723.294927140254 0.5423389855484332
8733.306384335156 0.5239298156977906
8743.317841530057 0.7021377372193628
8753.329298724955 0.5297399139010809
8763.340755919857 0.19638552948730092
8773.352213114755 0.6328902080899302
8783.363670309656 0.5593903607102635
8793.375127504554 0.5320660582904417
8803.386584699456 0.4472723062511183
8813.398041894354 0.5319713284284315
8823.409499089255 0.5071836812024377
8833.420956284153 0.5592114265264665
8843.432413479055 0.5491069079120485
8853.443870673953 0.5526908543580998
8863.455327868855 0.5662845895565589
8873.466785063752 0.6529308366751922
8883.478242258654 0.5706947909101434
8893.489699453552 0.6081446630248297
8903.501156648454 0.4688707147894366
8913.512613843352 0.7349774227162209
8923.524071038253 0.5653688675571275
8933.535528233151 0.7550391023819297
8943.546985428053 0.5889145010367658
8953.55844262295 0.5578431062974307
8963.569899817852 0.35904722809898215
8973.58135701275 0.5887566179334155
8983.592814207652 0.6958855663266916
8993.60427140255 0.5921037397244413
