3507.326174863388 -1.6653788866132935
3517.338524590164 2.574706758517967
3527.35087431694 -6.5511543474213365
3537.363224043716 0.977285421709179
3547.375573770492 -0.18359011357289146
3557.387923497268 1.4051154347421335
3567.4002732240438 7.307298454663935
3577.4126229508197 -7.689676037981752
3587.4249726775956 -3.8624092347793706
3597.4373224043716 0.6920964438652021
3607.4496721311475 -3.360407745298827
3617.462021857924 -5.608592440886241
3627.4743715847 -0.22220024204058827
3637.486721311476 -3.6890243902439024
3647.4990710382517 -0.9112595419847328
3657.5114207650277 1.3711832061068703
3667.5237704918036 1.7104356730590207
3677.5361202185795 -3.663423943399739
3687.5484699453555 1.5663051573263824
3697.5608196721314 4.284583876373115
3707.5731693989073 0.020115667473468626
3717.5855191256833 0.6075684230124744
3727.597868852459 0.48636194377210945
3737.610218579235 2.422733196797617
3747.622568306011 0.7250861105939302
3757.634918032787 2.054459132377583
3767.647267759563 1.8670173152113199
3777.659617486339 -2.7055017687581455
3787.671967213115 0.9121439210575311
3797.684316939891 0.9207549804505679
3807.6966666666667 0.4515220629305529
3817.7090163934427 -0.17783699497300315
3827.7213661202186 1.2131120834109104
3837.7337158469945 -1.684323217277974
3847.7460655737705 -0.3807484639731893
3857.7584153005464 0.6839973934090485
3867.7707650273223 -0.36794824055110775
3877.7831147540987 0.3744763544963694
3887.7954644808747 -0.1375209458201452
3897.8078142076506 -0.6625395643269409
3907.8201639344265 -0.13710202941724073
3917.8325136612025 1.5372370135915099
3927.8448633879784 1.1689862223049712
3937.8572131147544 0.6755492459504747
3947.8695628415303 3.0899739340904855
3957.8819125683062 0.28905231800409603
3967.894262295082 1.6527881213926643
3977.906612021858 2.216114317631726
3987.918961748634 0.7431809718860547
3997.93131147541 1.828500279277602
4007.943661202186 1.095582759262707
4017.956010928962 3.386706386147831
4027.968360655738 2.551899087693167
4037.9807103825137 3.4532675479426547
4047.9930601092897 2.284118413703221
4058.005409836066 1.1877443679016944
4068.017759562842 1.9998603611990318
4078.030109289618 1.8595233662260287
4088.042459016394 3.3399273878234967
4098.05480874317 3.630143362502327
4108.067158469946 1.5353984360454291
4118.079508196722 3.3657605660026064
4128.091857923498 2.8751629119344626
4138.104207650274 1.7892617762055483
4148.1165573770495 1.1670545522249114
4158.128907103825 2.721792962204431
4168.141256830601 2.217487432507913
4178.153606557377 1.9167752746229754
4188.165956284153 2.816281884192888
4198.178306010929 2.318353193073915
4208.190655737705 3.1169707689443307
4218.203005464481 3.0462204431204616
4228.215355191257 2.3559393036678458
4238.227704918033 1.7652904487060137
4248.240054644809 2.1431763172593556
4258.252404371585 2.968488177248185
4268.264754098361 2.5905324892943584
4278.277103825137 1.7348491900949543
4288.289453551913 2.5570191770619997
4298.301803278689 3.0366784583876374
4308.3141530054645 2.9608080431949357
4318.32650273224 3.4313908024576425
4328.338852459016 2.9373021783652953
4338.351202185792 3.041333085086576
4348.363551912568 2.5640011171104073
4358.375901639344 2.851889778439769
4368.38825136612 2.339182647551666
4378.400601092896 2.9126326568609198
4388.412950819672 1.7398994600633029
4398.425300546448 1.960947681995904
4408.437650273224 1.7017780673989944
4418.45 1.6433159560603239
4428.462349726776 1.4331828337367343
4438.474699453552 2.0404487060137777
4448.487049180328 1.0999581083597096
4458.499398907104 0.6391733382982684
4468.51174863388 1.022644758890337
4478.524098360656 1.1166216719419102
4488.536448087432 1.1384984174269221
4498.548797814208 2.8850539936697075
4508.561147540984 1.7698752560044684
4518.57349726776 2.0840625581828336
4528.585846994536 1.8262427853286167
4538.598196721312 1.7890988642710854
4548.610546448088 2.506283746043567
4558.622896174864 2.319493576615155
4568.63524590164 2.5083783280580896
4578.647595628416 2.065188046918637
4588.659945355192 1.465718674362316
4598.672295081968 1.5491063116738037
4608.6846448087435 1.5760798733941537
4618.6969945355195 1.9798920126605843
4628.709344262295 2.2833736734313907
4638.721693989071 2.2693167008005957
4648.734043715847 2.5674920871346116
4658.746393442623 2.374092347793707
4668.758743169399 2.5360733569167753
4678.771092896175 1.88184230124744
4688.783442622951 2.069447030348166
4698.795792349727 2.476959597840253
4708.808142076503 2.238759076522063
4718.820491803279 2.1959597840253213
4728.832841530055 1.5399599702103892
4738.845191256831 1.8938977843976914
4748.857540983607 2.199939489852914
4758.869890710383 2.4055110780115436
4768.8822404371585 2.3124418171662633
4778.8945901639345 1.792682926829268
4788.90693989071 2.1967045242971515
4798.919289617486 2.094442375721467
4808.931639344262 1.776065909514057
4818.943989071038 1.0617901694284118
4828.956338797814 1.7628467696890708
4838.96868852459 2.208736734313908
4848.981038251367 1.9521969838018989
4858.993387978143 1.6527881213926643
4869.005737704919 1.6994740271830198
4879.018087431695 1.3824939489852912
4889.030437158471 1.8624557810463598
4899.042786885247 2.0113572891454106
4909.055136612023 1.7039657419474958
4919.0674863387985 1.7017547942654998
4929.079836065574 1.7858871718488178
4939.09218579235 1.3803062744367902
4949.104535519126 1.4933438838205175
4959.116885245902 1.471583504002979
4969.129234972678 1.5566468069260846
4979.141584699454 1.3306646806926083
4989.15393442623 1.3776996834853843
4999.166284153006 1.14627164401415
5009.178633879782 1.8012939862223047
5019.190983606558 1.4546872090858312
5029.203333333334 1.20324427480916
5039.21568306011 1.7110640476633774
5049.228032786886 1.0722165332340345
5059.240382513662 0.8931064978588716
5069.252732240438 1.3749767268665054
5079.2650819672135 1.2865620927201638
5089.2774316939895 1.3559858499348352
5099.289781420765 1.0733801899087692
5109.302131147541 1.1657047104822194
5119.314480874317 1.5127769502885868
5129.326830601093 1.0725772668032023
5139.339180327869 0.964578290821076
5149.351530054645 1.361012846769689
5159.363879781421 1.3526112455781045
5169.376229508197 1.3809113759076523
5179.388579234973 0.8335272761124558
5189.400928961749 1.2113665983988084
5199.413278688525 1.5767547942655
5209.425628415301 1.6135496183206106
5219.437978142077 1.4499394898529139
5229.450327868853 1.069004840811767
5239.4626775956285 1.5262288214485198
5249.4750273224045 1.5686557438093465
5259.48737704918 1.0053760938372742
5269.499726775956 1.302574008564513
5279.512076502732 1.5100074474027183
5289.524426229508 1.6785049339043008
5299.536775956284 1.694749581083597
5309.54912568306 1.5795242971513683
5319.561475409836 1.4203127909141686
5329.573825136612 1.88184230124744
5339.586174863388 1.575055855520387
5349.598524590164 1.687767641035189
5359.61087431694 1.576522062930553
5369.623224043716 1.7546313535654439
5379.635573770492 1.4399087693167005
5389.647923497268 1.0285794079314838
5399.6602732240435 1.9577825358406256
5409.6726229508195 1.4087925898342952
5419.684972677595 1.918148389499162
5429.697322404372 1.430995159188233
5439.709672131148 1.2216067771364736
5449.722021857924 1.1591184137032209
5459.7343715847 1.158210761496928
5469.746721311476 1.2490690746602122
5479.759071038252 1.142012660584621
5489.771420765028 1.3884984174269224
5499.783770491804 1.234267361757587
5509.79612021858 1.205478495624651
5519.808469945356 1.323263824241296
5529.820819672132 1.0305343511450382
5539.833169398908 1.435649785887172
5549.8455191256835 1.663354123999255
5559.857868852459 1.3260100539936697
5569.870218579235 1.2185812697821634
5579.882568306011 1.4561068702290074
5589.894918032787 1.5738456525786633
5599.907267759563 1.293078570098678
5609.919617486339 1.098166077080618
5619.931967213115 1.1907582386892572
5629.944316939891 1.338368087879352
5639.956666666667 1.204407931483895
5649.969016393443 1.2691072425991434
5659.981366120219 1.2684090485943027
5669.993715846995 1.1700102401787378
5680.006065573771 1.4036957735989573
5690.018415300547 1.0939303667845839
5700.030765027323 1.2699450754049524
5710.0431147540985 0.8327127164401414
5720.055464480874 1.2408536585365852
5730.067814207651 1.471955874138894
5740.080163934427 1.3802131819028114
5750.092513661203 1.1299106311673803
5760.104863387979 1.3136287469744927
5770.117213114755 1.4712809532675477
5780.129562841531 1.6118739527089927
5790.141912568307 1.2969186371253025
5800.154262295083 1.7306832991994041
5810.166612021859 1.4783559858499347
5820.178961748635 1.6105008378328056
5830.191311475411 1.3769549432135542
5840.203661202187 1.5380283001303294
5850.2160109289625 1.5255306274436788
5860.2283606557385 1.435626512753677
5870.240710382514 1.5247160677713645
5880.25306010929 1.5061673803760938
5890.265409836066 1.3483755352820703
5900.277759562842 1.5008843790727984
5910.290109289618 1.2125069819400485
5920.302459016394 1.1904440513870786
5930.31480874317 1.2949404207782536
5940.327158469946 1.6023086948426737
5950.339508196722 1.470140569726308
5960.351857923498 1.2115993297337555
5970.364207650274 1.343837274250605
5980.37655737705 1.1123394153788866
5990.388907103826 1.2802085272761123
6000.401256830602 0.9386869298082294
6010.4136065573775 1.1033792589834295
6020.4259562841535 1.2076428970396573
6030.438306010929 1.2556088251722213
6040.450655737705 1.203104636008192
6050.463005464481 1.5245066095699125
6060.475355191257 1.392478123254515
6070.487704918033 1.157442748091603
6080.500054644809 1.2941956805064234
6090.512404371585 1.1394293427667102
6100.524754098361 1.3450940234593185
6110.537103825137 1.2822798361571401
6120.549453551913 1.1376954943213555
6130.561803278689 1.1827173710668404
6140.574153005465 1.3673431390802457
6150.586502732241 1.4009728169800781
6160.598852459017 1.4801247439955314
6170.6112021857925 1.2336855334202197
6180.6235519125685 1.1843464904114689
6190.635901639344 1.4840113572891453
6200.64825136612 1.3871718488177247
6210.660601092896 1.4587832805808973
6220.672950819672 0.912911934462856
6230.685300546448 1.20324427480916
6240.697650273224 1.12842115062372
6250.71 1.02868413703221
6260.722349726776 1.1017268665053064
6270.734699453552 1.0328616644945074
6280.747049180328 0.9912958480729845
6290.759398907104 1.1070796872090858
6300.77174863388 0.8600353751629118
6310.784098360656 1.0042822565630236
6320.796448087432 0.80166635635822
6330.8087978142075 0.6303760938372742
6340.8211475409835 0.5529463787004283
6350.833497267759 0.5767547942654999
6360.845846994535 0.7646388009681623
6370.858196721311 0.5668869856637497
6380.870546448087 0.655464531744554
6390.882896174863 0.7174176131074287
6400.895245901639 0.5770806181344256
6410.907595628416 0.8669707689443307
6420.919945355192 0.7587506981940049
6430.932295081968 0.943911748277788
6440.944644808744 1.0531325637683857
6450.95699453552 0.9059765406814373
6460.969344262296 1.0855985849934835
6470.981693989072 0.8764894805436603
6480.9940437158475 1.0142198845652577
6491.006393442623 1.1170638614783095
6501.018743169399 1.3474097002420407
6511.031092896175 1.0866226028672499
6521.043442622951 1.2032210016756655
6531.055792349727 1.0916030534351144
6541.068142076503 1.2814885496183206
6551.080491803279 1.2767175572519085
6561.092841530055 1.0547849562465088
6571.105191256831 1.168846583504003
6581.117540983607 1.1100819214299014
6591.129890710383 1.3466765965369578
6601.142240437159 1.1734081176689628
6611.154590163935 1.2585877862595418
6621.166939890711 1.3162586110593928
6631.179289617487 1.3799106311673803
6641.1916393442625 1.277043381120834
6651.203989071038 1.3425107056414076
6661.216338797815 1.288284304598771
6671.228688524591 1.2294498231241855
6681.241038251367 1.3372975237385962
6691.253387978143 1.2141826475516664
6701.265737704919 0.9484500093092535
6711.278087431695 1.1495298827034073
6721.290437158471 1.1734546639359522
6731.302786885247 1.1618646434555948
6741.315136612023 1.042240737292869
6751.327486338799 0.9953221001675665
6761.339836065575 1.1293055296965184
6771.352185792351 1.0218534723515174
6781.364535519127 0.9825451498789797
6791.3768852459025 1.0
6801.389234972678 1.1787609383727424
6811.401584699454 0.996811580711227
6821.41393442623 1.3278253584062558
6831.426284153006 1.0325823868925712
6841.438633879782 0.8998324334388382
6851.450983606558 0.780999813814932
6861.463333333334 0.8037609383727424
6871.47568306011 0.805727518153044
6881.488032786886 0.9014848259169614
6891.500382513662 0.9791472723887544
6901.512732240438 0.9693958294544778
6911.525081967214 1.0010705641407558
6921.53743169399 0.9156581642152299
6931.549781420766 0.8060649785887171
6941.562131147542 0.8369949730031652
6951.5744808743175 0.8112316142245392
6961.586830601093 0.7570284863153975
6971.599180327869 1.0627443679016941
6981.611530054645 0.8765825730776392
6991.623879781421 0.8376466207410166
7001.636229508197 0.7542822565630236
7011.648579234973 0.7666868367156954
7021.660928961749 0.8494228262893315
7031.673278688525 0.769153788866133
7041.685628415301 0.8315956060323961
7051.697978142077 0.7335691677527463
7061.710327868853 0.7920778253584062
7071.722677595629 0.6920731707317073
7081.735027322405 0.8112781604915286
7091.747377049181 0.960179668590579
7101.759726775957 0.7991295848072985
7111.7720765027325 0.7321495066095699
7121.784426229508 0.921802271457829
7131.796775956284 0.7566561161794824
7141.80912568306 0.8488642710854589
7151.821475409836 0.8616412213740458
7161.833825136612 0.6625395643269409
7171.846174863388 0.8573124185440327
7181.858524590164 0.7856777136473655
7191.87087431694 0.879026252094582
7201.883224043716 0.6467836529510333
7211.895573770492 0.6867203500279278
7221.907923497268 0.950148948054366
7231.920273224044 0.8009914354868739
7241.93262295082 0.629026252094582
7251.944972677596 0.7891454105380749
7261.957322404372 0.8229612735058648
7271.9696721311475 0.6694982312418544
7281.982021857923 0.7606590951405697
7291.994371584699 0.7517222118786073
7302.006721311475 0.7691305157326382
7312.019071038251 0.5475004654626698
7322.031420765027 0.7693865202010798
7332.043770491803 0.5575311859988829
7342.056120218579 0.855380748463973
7352.068469945356 0.6600726121765034
7362.080819672132 0.8413935952336622
7372.093169398908 0.8000372370135914
7382.105519125684 0.8153975051200893
7392.11786885246 0.8364596909327872
7402.130218579236 0.7117855148017128
7412.1425683060115 0.691863712530255
7422.1549180327875 0.7850493390430088
7432.167267759563 0.627653137218395
7442.179617486339 0.6450381679389312
7452.191967213115 0.7075730776391732
7462.204316939891 0.8206106870229006
7472.216666666667 0.6906302364550362
7482.229016393443 0.7745997021038913
7492.241366120219 0.8273133494693725
7502.253715846995 0.667403649227332
7512.266065573771 0.7359895736361943
7522.278415300547 0.789285049339043
7532.290765027323 0.5826428970396573
7542.303114754099 0.682298454663936
7552.315464480875 0.6465741947495811
7562.327814207651 0.8021783652951033
7572.3401639344265 0.4958806553714392
7582.3525136612025 0.7508611059393037
7592.364863387979 0.4979752373859616
7602.377213114755 0.9974632284490783
7612.389562841531 0.9212669893874511
7622.401912568307 0.7062814187302178
7632.414262295083 0.8452336622602867
7642.426612021859 0.7722723887544218
7652.438961748635 0.7231660770806181
7662.451311475411 0.6244879910631167
7672.463661202187 0.6738503072053621
7682.476010928963 0.7073636194377211
7692.488360655739 0.526438279649972
7702.500710382515 0.4350679575498045
7712.513060109291 0.612385961645876
7722.5254098360665 0.68350865760566
7732.537759562842 0.4948100912306833
7742.550109289618 0.4850586482964066
7752.562459016394 0.7965229938558928
7762.57480874317 0.5387032210016757
7772.587158469946 0.5743809346490412
7782.599508196722 0.3175153602681065
7792.611857923498 0.5393083224725377
7802.624207650274 0.5906488549618321
7812.63655737705 0.5614410724259914
7822.648907103826 0.44519177061999626
7832.661256830602 0.32177434369763547
7842.673606557378 0.5743809346490412
7852.685956284154 0.49201731521132
7862.69830601093 0.7120415192701545
7872.710655737706 0.7157535840625582
7882.7230054644815 0.7240271830199219
7892.735355191257 0.6034723515174083
7902.747704918033 0.6558369018804692
7912.760054644809 0.46690560417054555
7922.772404371585 0.5377490225283932
7932.784754098361 0.6906302364550362
7942.797103825137 0.7218162353379259
7952.809453551913 0.5253677155092161
7962.821803278689 0.45964438652020106
7972.834153005465 0.5912539564326941
7982.846502732241 0.4854775646993111
7992.858852459017 0.5292310556693353
8002.871202185793 0.4997672686650531
8012.883551912569 0.4158676224166821
8022.895901639345 0.5831083597095513
8032.908251366121 0.6244181716626326
8042.9206010928965 0.7852820703779557
8052.932950819672 0.6324939489852913
8062.945300546448 0.6534630422640104
8072.957650273224 0.5969791472723888
8082.97 0.597421336808788
8092.982349726776 0.6108964811022155
8102.994699453552 0.5314420033513312
8113.007049180328 0.559346490411469
8123.019398907104 0.7052341277229565
8133.03174863388 0.6060556693353193
8143.044098360656 0.7250512008936884
8153.056448087432 0.6632144851982871
8163.068797814208 0.5143362502327313
8173.081147540984 0.5988875442189536
8183.09349726776 0.4885496183206107
8193.105846994535 0.3310370508285236
8203.118196721312 0.2836064047663377
8213.130546448087 0.38244740271830197
8223.142896174864 0.4918776764103519
8233.155245901638 0.3028532861664494
8243.167595628416 0.5395410538074846
8253.17994535519 0.42788819586669147
8263.192295081968 0.5161748277788122
8273.204644808742 0.4809393036678458
8283.21699453552 0.4835458946192515
8293.229344262294 0.5290681437348724
8303.241693989072 0.5661189722584249
8313.254043715846 0.3505399366970769
8323.266393442624 0.35782442748091603
8333.278743169398 0.44004840811766893
8343.291092896176 0.361245578104636
8353.30344262295 0.4057903556134798
8363.315792349727 0.6724306460621858
8373.328142076502 0.3529487060137777
8383.34049180328 0.3483522621485757
8393.352841530055 0.32324055110780114
8403.365191256831 0.5639545708434184
8413.377540983609 0.2713647365481288
8423.389890710383 0.5185719605287656
8433.40224043716 0.5621392664308322
8443.414590163935 0.4967184881772482
8453.426939890713 0.5396341463414634
8463.439289617487 0.5973515174083038
8473.451639344265 0.5262288214485198
8483.463989071039 0.5055622789052318
8493.476338797816 0.4620415192701545
8503.48868852459 0.5041775274622975
8513.501038251368 0.4597142059206852
8523.513387978142 0.2777881213926643
8533.52573770492 0.4132610314652765
8543.538087431694 0.48221932601005396
8553.550437158472 0.3950148948054366
8563.562786885246 0.38258704151927014
8573.575136612024 0.3545661887916589
8583.587486338798 0.5357242599143548
8593.599836065576 0.6561161794824054
8603.61218579235 0.39401415006516477
8613.624535519128 0.5832247253770246
8623.636885245902 0.8785724259914355
8633.64923497268 0.40932787190467324
8643.661584699454 0.49895270899273875
8653.673934426231 0.4688140011171104
8663.686284153006 0.45778253584062556
8673.698633879783 0.49641593744181717
8683.710983606557 0.5732405511078011
8693.723333333335 0.4526391733382983
8703.73568306011 0.6112688512381307
8713.748032786887 0.5927201638428599
8723.760382513661 0.42620089368832614
8733.772732240439 0.6484360454291566
8743.785081967213 0.4479845466393595
8753.79743169399 0.4564443306646807
8763.809781420765 0.5437534909700241
8773.822131147543 0.42412958480729845
8783.834480874317 0.7840253211692422
8793.846830601095 0.7146946564885496
8803.859180327869 0.6629352075963507
8813.871530054646 0.4956013777695029
8823.88387978142 0.5864829640662819
8833.896229508198 0.49590392850493387
8843.908579234972 0.6796685905790355
8853.92092896175 0.5224353006888848
8863.933278688524 0.6103146527648482
8873.945628415302 0.5699590392850493
8883.957978142076 0.7103425805250418
8893.970327868854 0.7385728914541054
8903.982677595628 0.6301899087693167
8913.995027322406 0.592696890709365
8924.00737704918 0.5597886799478682
8934.019726775958 0.45966765965369577
8944.032076502732 0.39673710668404394
8954.04442622951 0.38393688326196235
8964.056775956284 0.5146388009681624
8974.069125683061 0.574613665983988
8984.081475409836 0.3123719977657792
8994.093825136613 0.49720722398063677
