3507.326666666667 -0.7319897385437167
3517.34 -4.638389091931403
3527.3533333333335 -0.053459727298285076
3537.366666666667 3.361154062412145
3547.38 -3.9995080123699744
3557.3933333333334 1.1574184706213102
3567.4066666666668 -0.09657014337925218
3577.42 1.7802923812201297
3587.4333333333334 2.184952206915941
3597.4466666666667 0.9149915659263425
3607.46 0.43634031487208325
3617.4733333333334 -1.4872258926061288
3627.4866666666667 3.6069721675569304
3637.5 1.1937025583356762
3647.5133333333333 -3.9673531065504637
3657.5266666666666 -2.6228211976384594
3667.54 0.39285212257520385
3677.5533333333333 2.354863649142536
3687.566666666667 -0.7419349170649424
3697.5800000000004 1.2262615968512793
3707.5933333333337 1.1828261175147599
3717.606666666667 2.2728071408490305
3727.6200000000003 1.0555243182457128
3737.6333333333337 2.066875175709868
3747.646666666667 2.402832443070003
3757.6600000000003 1.3903043294911444
3767.6733333333336 2.372522490863087
3777.686666666667 0.8901813325836379
3787.7000000000003 2.2093758785493396
3797.7133333333336 2.5537672195670513
3807.726666666667 0.8070881360697217
3817.7400000000002 2.4697779027270172
3827.7533333333336 1.5181508293505763
3837.766666666667 1.8521577171773969
3847.78 2.183546527973011
3857.7933333333335 1.1105039359010402
3867.806666666667 1.2188993533876864
3877.82 1.8400337362946302
3887.8333333333335 0.5121766938431264
3897.846666666667 -0.23681209586730395
3907.86 0.27463452347483835
3917.8733333333334 1.2600506044419455
3927.8866666666668 1.0245466685409053
3937.9 0.9212292662355919
3947.9133333333334 1.3192999718864211
3957.9266666666667 1.1707548495923532
3967.94 1.7425850435760473
3977.9533333333334 0.16167416362102896
3987.9666666666667 0.40878900759066633
3997.98 -0.2990581951082373
4007.9933333333333 -0.3490125105425921
4018.0066666666667 -0.2738965420298004
4028.02 -0.12826556789429294
4038.0333333333333 0.6741636210289571
4048.0466666666666 0.7609994377284228
4058.06 1.494061006466123
4068.0733333333333 0.1407787461343829
4078.0866666666666 -0.4158349732921001
4088.1 0.9669138318807984
4098.113333333333 1.6702980039359012
4108.126666666667 1.8468864211414113
4118.139999999999 1.5070283947146472
4128.153333333334 2.462398088276638
4138.166666666666 2.0401672757942086
4148.18 1.9635577734045544
4158.193333333333 2.2916080967107115
4168.206666666667 2.3534579701996066
4178.219999999999 2.0438571830193983
4188.233333333334 1.3126581388810796
4198.246666666667 2.2269468653359574
4208.26 1.9342142254709025
4218.2733333333335 2.375597413550745
4228.286666666667 2.0640638178240094
4238.3 2.220621310092775
4248.3133333333335 2.5119482710149
4258.326666666667 2.6955650829350577
4268.34 2.6164956423952774
4278.3533333333335 1.9285915096991846
4288.366666666667 2.665079420860276
4298.380000000001 2.7196373348327243
4308.393333333333 3.024493955580546
4318.406666666668 2.081283384874895
4328.42 1.6821584200168684
4338.433333333334 2.5012299690750632
4348.446666666667 1.7678169806016306
4358.460000000001 1.369992268765814
4368.473333333333 0.9982077593477652
4378.486666666668 2.0897174585324714
4388.5 1.616319932527411
4398.513333333334 1.3193702558335676
4408.526666666667 1.2829631712116953
4418.540000000001 1.1496169524880517
4428.553333333333 0.9955896823165589
4438.5666666666675 1.180787883047512
4448.58 0.8341474557211134
4458.593333333334 1.177343969637335
4468.606666666667 0.2552361540624122
4478.620000000001 0.3763178240089964
4488.633333333333 0.44347413550745013
4498.646666666667 0.4499226876581389
4508.66 0.02076714928310374
4518.673333333334 0.11640778746134384
4528.6866666666665 0.4664394152375597
4538.700000000001 0.18143800955861683
4548.713333333333 0.24025776637615967
4558.726666666667 0.8898474838346923
4568.74 0.8211976384593759
4578.753333333334 0.768308968231656
4588.766666666666 1.055102614562834
4598.780000000001 0.9893168400337363
4608.793333333333 0.9433862805735171
4618.806666666667 0.7073200730953051
4628.82 0.6452944897385438
4638.833333333334 0.6458040483553557
4648.846666666666 0.7214295754849593
4658.860000000001 0.7369623278043296
4668.873333333333 0.708567613157155
4678.886666666667 1.3914288726454878
4688.9 1.111206775372505
4698.913333333334 1.3082653921844252
4708.926666666666 1.0113859994377286
4718.9400000000005 1.3262405116671352
4728.953333333333 1.2845972729828508
4738.966666666667 1.3974381501265112
4748.98 1.253092493674445
4758.993333333334 1.0168505763283666
4769.006666666666 1.0218583075625527
4779.02 0.9531733202136633
4789.033333333333 1.296457689063818
4799.046666666667 1.4228457970199608
4809.0599999999995 1.2675534157998314
4819.073333333334 1.1779062412145067
4829.086666666666 1.1599486927185831
4839.1 1.255482147877425
4849.113333333333 1.1070951644644365
4859.126666666667 1.1660106831599664
4869.139999999999 1.2190926342423392
4879.153333333334 0.7733869834129885
4889.166666666667 0.9519960640989598
4899.18 0.47077944897385443
4909.193333333334 0.841931402867585
4919.206666666667 1.0175885577734047
4929.22 0.9749262018554962
4939.233333333334 0.8242989176272141
4949.246666666667 0.8894257801518134
4959.26 1.065539780714085
4969.2733333333335 1.1922090244588135
4979.286666666667 0.8510331740230532
4989.3 0.9151848467809953
4999.3133333333335 1.0662601911723364
5009.326666666667 1.0923003935901041
5019.34 1.2325520101208884
5029.3533333333335 1.0028113578858588
5039.366666666667 1.1970410458251335
5049.38 1.2118006747258927
5059.393333333333 1.0554891762721395
5069.406666666668 1.142535844813045
5079.42 0.8582021366319933
5089.433333333334 0.8794806016305877
5099.446666666667 0.6272842282822604
5109.460000000001 0.79327734045544
5119.473333333333 0.2986716333989317
5129.486666666668 0.5139162215350015
5139.5 0.7054224065223503
5149.513333333334 0.37689766657295476
5159.526666666667 0.9402410739387124
5169.540000000001 0.9769117233623842
5179.553333333333 1.0030046387405116
5189.5666666666675 1.1437833848748946
5199.58 0.96394433511386
5209.593333333334 0.53725049198763
5219.606666666667 0.6844953612594884
5229.620000000001 0.8350787180208041
5239.633333333333 0.576574360416081
5249.646666666667 0.8467107112735451
5259.66 0.9918822041045826
5269.673333333334 1.2036828788304752
5279.6866666666665 1.161336800674726
5289.700000000001 0.9412953331459096
5299.713333333333 1.0417486646050043
5309.726666666667 0.9949044138318808
5319.74 1.3912707337644081
5329.753333333334 1.2483746837222378
5339.766666666666 1.2280889794770875
5349.780000000001 1.3276989035704245
5359.793333333333 1.3425991003654767
5369.806666666667 1.3091087995501829
5379.82 1.1326960922125386
5389.833333333334 1.3210043576047232
5399.846666666666 1.2887967388248525
5409.860000000001 0.8905327523193705
5419.873333333333 1.1137897104301377
5429.886666666667 1.2361716333989317
5439.9 1.2468196513916223
5449.913333333334 1.4255341579983134
5459.926666666666 1.1759382906944056
5469.9400000000005 1.3073517008715212
5479.953333333333 1.3057000281135789
5489.966666666667 1.0103317402305314
5499.98 1.0590385156030364
5509.993333333334 0.9063466404273264
5520.006666666666 0.8074571267922407
5530.02 0.6707372786055665
5540.033333333333 0.8353071408490301
5550.046666666667 0.866267219567051
5560.06 1.0280432949114424
5570.073333333334 0.6262123980882767
5580.086666666667 1.0787004498172617
5590.1 1.094233202136632
5600.113333333334 0.9201925780151815
5610.126666666667 0.9661758504357605
5620.14 1.1895909474276076
5630.153333333334 1.0532049479898793
5640.166666666667 1.471587714366039
5650.18 1.350681754287321
5660.193333333334 1.5930559460219287
5670.206666666667 1.6111189204385719
5680.22 1.6427642676412708
5690.233333333334 1.715332443070003
5700.246666666667 1.8978422828226036
5710.26 1.4745572111329772
5720.2733333333335 1.281135788585887
5730.286666666667 1.5180893308968233
5740.3 1.603018695529941
5750.3133333333335 1.6942121169524882
5760.326666666667 1.899599381501265
5770.34 1.7187763564801801
5780.3533333333335 1.9410669103176836
5790.366666666667 2.162109924093337
5800.38 1.683001827382626
5810.393333333333 1.7258574641551871
5820.406666666667 1.655309952206916
5830.42 1.6108729266235593
5840.433333333333 1.8890567894292944
5850.446666666667 1.9036407084621871
5860.46 1.8647209727298286
5870.473333333333 1.6883258363789713
5880.486666666667 1.811217317964577
5890.5 1.8040132133820637
5900.513333333334 1.9788445319089123
5910.526666666667 1.6690680348608378
5920.540000000001 1.786793646331178
5930.553333333333 2.035423109361822
5940.5666666666675 1.8702558335676134
5950.58 1.9437025583356764
5960.593333333334 1.7783595726736015
5970.606666666667 1.812095867303908
5980.620000000001 1.6603352544278889
5990.633333333333 1.683028183862806
6000.646666666667 1.6594918470621312
6010.66 1.6749191734607818
6020.673333333334 1.6239808827663762
6030.6866666666665 1.7407049479898793
6040.700000000001 1.6887123980882768
6050.713333333333 1.5662601911723364
6060.726666666667 1.7804680910879958
6070.74 1.6479652797301099
6080.753333333334 1.780643800955862
6090.766666666666 1.6744623278043296
6100.780000000001 1.7001159685127918
6110.793333333333 1.5959551588417207
6120.806666666667 1.8478528254146753
6130.82 1.6389337925217882
6140.833333333334 1.6899950801237
6150.846666666666 1.6610380938993534
6160.860000000001 1.483448130447006
6170.873333333333 1.715508152937869
6180.886666666667 1.6911196232780434
6190.9 1.6384418048917628
6200.913333333334 1.6407260331740232
6210.926666666666 1.854969075063256
6220.9400000000005 1.6693667416362103
6230.953333333333 1.7125562271577173
6240.966666666667 1.7372434635929155
6250.9800000000005 1.6593249226876583
6260.993333333334 1.7342388248524039
6271.006666666667 1.7378935901040204
6281.02 1.647262440258645
6291.033333333334 1.5565610064661233
6301.046666666667 1.7997961765532753
6311.06 1.3749472870396404
6321.073333333334 1.4317894292943494
6331.086666666667 1.3679891762721395
6341.1 1.4728001124543155
6351.113333333334 1.4462854933933091
6361.126666666667 1.4575836378971045
6371.14 1.1921387405116672
6381.153333333334 1.2085149001967952
6391.166666666667 1.2365406241214507
6401.18 0.8238684284509419
6411.193333333334 0.8177712960359854
6421.206666666667 1.112401602473995
6431.22 0.8010261456283385
6441.233333333334 1.1683124824290132
6451.246666666667 1.0021436603879674
6461.26 0.8323903570424516
6471.2733333333335 0.9885261456283386
6481.286666666667 1.001704385718302
6491.3 1.2087960359853809
6501.3133333333335 1.017483131852685
6511.326666666667 1.0840508152937869
6521.34 1.1420789991565927
6531.3533333333335 1.2042802923812201
6541.366666666667 1.2767781838628058
6551.38 1.1208532471183583
6561.393333333333 1.2406522350295195
6571.406666666667 1.2636350857464156
6581.42 1.318614703401743
6591.433333333333 1.4411547652516166
6601.446666666667 1.6618990722518978
6611.46 1.3371872364351984
6621.473333333333 1.3698517008715212
6631.486666666668 1.4640497610345797
6641.5 1.514381852684847
6651.513333333334 1.4592704526286198
6661.526666666667 1.3426342423390498
6671.540000000001 1.445319089120045
6681.553333333333 1.375140567894293
6691.5666666666675 1.353809389935339
6701.58 1.3896366319932527
6711.593333333334 1.4780714084903008
6721.606666666667 1.2628971043013777
6731.620000000001 1.2972483834692157
6741.633333333333 1.0809671071127356
6751.646666666667 1.320371802080405
6761.66 1.1807527410739387
6771.673333333334 1.233562341861119
6781.6866666666665 1.2303907787461343
6791.700000000001 1.2475752038234469
6801.713333333333 1.3090560865898229
6811.726666666667 1.1787672195670509
6821.74 1.162162637053697
6831.753333333334 1.2328682878830477
6841.766666666666 1.0982393871239808
6851.780000000001 1.2057913972448693
6861.793333333333 1.2225541186393027
6871.806666666667 1.130007731234186
6881.82 1.2895347202698904
6891.833333333334 1.2306367725611471
6901.846666666666 1.1904431402867586
6911.860000000001 1.3233412988473434
6921.873333333333 1.0433300534157999
6931.886666666667 1.2403008152937869
6941.9 1.109730812482429
6951.913333333334 1.0277445881360698
6961.926666666666 1.0724978914815857
6971.9400000000005 1.0688255552431825
6981.953333333334 1.0899283103739106
6991.966666666667 1.1518660387967388
7001.9800000000005 1.1626546246837224
7011.993333333334 1.1064801799269046
7022.006666666667 1.1034931121731797
7032.02 0.9667469075063256
7042.033333333334 1.0008609783525442
7052.046666666667 1.046686111892044
7062.06 1.0704245150407647
7072.073333333334 1.1860240371099242
7082.086666666667 0.958796035985381
7092.1 1.0428029238122014
7102.113333333334 1.0591790834973294
7112.126666666667 0.9800042170368288
7122.14 0.9227052291256678
7132.153333333334 1.1485626932808546
7142.166666666667 1.0317156311498454
7152.18 0.955352122575204
7162.193333333334 0.8220410458251336
7172.206666666667 0.8962784649985943
7182.22 1.0759242339049762
7192.233333333334 0.973327242057914
7202.246666666667 0.9818140286758504
7212.26 0.9346886421141413
7222.2733333333335 0.8574114422265955
7232.286666666667 0.810479336519539
7242.3 1.1833005341579985
7252.3133333333335 1.0648369412426202
7262.326666666667 0.9878935901040203
7272.34 0.8973151532190049
7282.3533333333335 0.7646190610064661
7292.366666666667 0.8538269609221254
7302.38 0.990871872364352
7312.393333333333 0.9202628619623279
7322.406666666667 0.9121802080404837
7332.42 0.9055559460219287
7342.433333333333 0.8389970480742199
7352.446666666667 0.7738438290694406
7362.460000000001 0.886403570424515
7372.473333333333 0.9652621591228564
7382.486666666668 0.7331669946584201
7392.5 0.8956810514478495
7402.513333333334 0.9036582794489739
7412.526666666667 0.8233412988473433
7422.540000000001 0.8003584481304471
7432.553333333333 1.0004129181894856
7442.5666666666675 1.1622329210008435
7452.58 0.9706564520663482
7462.593333333334 0.9261491425358448
7472.606666666667 0.7903781276356481
7482.620000000001 0.8209867866179364
7492.633333333333 0.8990195389373069
7502.646666666667 1.0
7512.66 0.8640708462187237
7522.673333333334 0.8502249086308687
7532.6866666666665 0.8235697216755694
7542.700000000001 0.8064028675850436
7552.713333333333 0.987261034579702
7562.726666666667 0.7916959516446445
7572.74 0.971675569299972
7582.753333333334 0.8780046387405118
7592.766666666666 0.8774247961765533
7602.780000000001 1.3085640989597978
7612.793333333334 1.1254568456564522
7622.806666666667 0.7728422828226034
7632.820000000001 0.889214928310374
7642.833333333334 1.3768098116390217
7652.846666666667 1.1571197638459376
7662.860000000001 0.7586273545122295
7672.873333333334 0.9102122575203825
7682.886666666667 0.8996696654484116
7692.900000000001 0.7608237278605567
7702.913333333334 0.7591017711554682
7712.926666666667 0.7420227719988756
7722.9400000000005 0.6783455158841721
7732.953333333334 0.8994588136069722
7742.966666666667 0.5998207759347766
7752.9800000000005 0.6434319651391623
7762.993333333334 0.6365968512791679
7773.006666666667 0.6809635929153782
7783.02 0.7921352263143099
7793.033333333334 0.8297195670508857
7803.046666666667 0.728159263424234
7813.06 0.6465420298003937
7823.073333333334 0.7780432949114422
7833.086666666667 0.7618077031206073
7843.1 0.7275442788867023
7853.113333333334 0.7006958110767502
7863.126666666667 0.542908349732921
7873.14 0.5812482429013214
7883.153333333334 0.5889970480742199
7893.166666666667 0.6559073657576611
7903.18 0.625140567894293
7913.193333333334 0.6026672757942086
7923.206666666667 0.6906803486083779
7933.22 0.7305137756536407
7943.233333333334 0.6038621028956986
7953.246666666667 0.7778500140567896
7963.26 0.35525021085184144
7973.2733333333335 0.7740546809108799
7983.286666666667 0.8229723081248244
7993.3 0.6694194545965702
8003.3133333333335 0.6270382344672477
8013.326666666667 0.5524318245712679
8023.34 0.5644152375597414
8033.3533333333335 0.7008890919314029
8043.366666666667 0.7280538375035143
8053.38 0.8186147034017431
8063.393333333333 0.6937025583356762
8073.406666666667 0.6863578858588699
8083.42 0.6377916783806579
8093.433333333333 0.6990265673320214
8103.446666666667 0.8230777340455441
8113.46 0.6210992409333709
8123.473333333333 0.7344848186674164
8133.486666666667 0.3882660950238966
8143.5 0.705808968231656
8153.513333333333 0.7134347764970481
8163.526666666667 0.44535423109361827
8173.54 0.5624648580264268
8183.553333333333 0.6104863649142537
8193.566666666666 0.8443561990441384
8203.58 0.5460184143941524
8213.593333333334 0.6113912707337644
8223.606666666667 0.8241671352263145
8233.619999999999 0.6106796457689064
8243.633333333333 0.6327488051728986
8253.646666666667 0.7432703120607254
8263.66 0.5529940961484398
8273.673333333334 0.7272631430981165
8283.686666666668 0.8445319089120046
8293.7 0.6688044700590386
8303.713333333333 0.5453155749226877
8313.726666666667 0.6220480742198482
8323.740000000002 0.5078718020804049
8333.753333333334 0.6346991847062131
8343.766666666666 0.3521050042170369
8353.78 0.7252424796176554
8363.793333333335 0.698763002530222
8373.806666666667 0.5385507450098398
8383.82 0.3923074219848187
8393.833333333334 0.44693561990441383
8403.846666666668 0.5197146471745854
8413.86 0.3233237278605567
8423.873333333333 0.5734642957548496
8433.886666666667 0.5934600787180209
8443.900000000001 0.48156803486083777
8453.913333333334 0.4084200168681474
8463.926666666666 0.6094496766938432
8473.94 0.5552431824571268
8483.953333333335 0.5027937868990723
8493.966666666667 0.33799550182738264
8503.98 0.5247750913691313
8513.993333333334 0.5882239246556087
8524.006666666668 0.5699852403710993
8534.02 0.5345269890357043
8544.033333333333 0.5719883328647737
8554.046666666667 0.37872504919876304
8564.060000000001 0.494342142254709
8574.073333333334 0.40713733483272424
8584.086666666666 0.39155186955299415
8594.1 0.5702312341861119
8604.113333333335 0.5213136069721677
8614.126666666667 0.6063571830193984
8624.14 0.7061779589541749
8634.153333333334 0.36140005622715776
8644.166666666668 0.5295368287883049
8654.18 0.3152410739387124
8664.193333333333 0.19329842563958394
8674.206666666667 0.24708321619342144
8684.220000000001 0.4712362946303064
8694.233333333334 0.4253233061568738
8704.246666666666 0.3888810795614282
8714.26 0.3617690469496767
8724.273333333334 0.4197181613719427
8734.286666666667 0.5522736856901883
8744.3 0.5565434354793366
8754.313333333334 0.5910352825414675
8764.326666666668 0.8592036828788305
8774.34 0.4133926061287602
8784.353333333333 0.48780573517008713
8794.366666666667 0.5017219567050886
8804.380000000001 0.6801728985099804
8814.393333333333 0.44210359853809394
8824.406666666666 0.639162215350014
8834.42 0.7181438009558617
8844.433333333334 0.5493217599100366
8854.446666666667 0.5800007028394715
8864.46 0.45238262580826544
8874.473333333333 0.5634488332864774
8884.486666666668 0.2549901602473995
8894.5 0.48838557773404556
8904.513333333332 0.3575168681473152
8914.526666666667 0.7402129603598538
8924.54 0.5181859713241496
8934.553333333333 0.749455299409615
8944.566666666666 0.4368850154624684
8954.58 0.3078964014619061
8964.593333333334 0.4628725049198763
8974.606666666667 0.5693702558335676
8984.619999999999 0.47842282822603327
8994.633333333333 0.4966087995501828
