3508.105136612022 12.827946340145854
3518.1154098360657 -7.865580264697939
3528.125683060109 -15.517241379310345
3538.135956284153 5.522553344737553
3548.1462295081965 -7.004411632303953
3558.1565027322404 -0.8987485369586747
3568.1667759562843 -2.9489511119114074
3578.1770491803277 -26.82542540740074
3588.1873224043716 -1.7658233546412174
3598.197595628415 3.2492122085171515
3608.207868852459 -0.2842441703430269
3618.2181420765028 -8.74592599261727
3628.228415300546 4.864995048167822
3638.23868852459 -3.2459710092734313
3648.2489617486335 -1.6848834068605383
3658.2592349726774 -5.6295129197803195
3668.2695081967213 -3.6453587827496174
3678.279781420765 -3.256054740253894
3688.2900546448086 -2.2012244530476277
3698.3003278688525 3.9568740433960565
3708.310601092896 -4.045376789412083
3718.32087431694 4.330782389484109
3728.3311475409837 0.7656612946790313
3738.341420765027 1.993427568200234
3748.351693989071 -3.179391374808679
3758.3619672131144 2.7568200234086615
3768.3722404371583 3.3232195912487623
3778.382513661202 0.2352930584316197
3788.3927868852456 1.8193031421626003
3798.4030601092895 5.74043396056541
3808.413333333333 1.2682092374178446
3818.423606557377 -0.6897812190510489
3828.4338797814207 1.9123075537949041
3838.4441530054646 0.22586657063113355
3848.454426229508 3.288556766003422
3858.464699453552 -1.3110650940848114
3868.4749726775954 -0.14999099666876745
3878.4852459016392 -1.2747816692176106
3888.495519125683 -2.3948861078599086
3898.5057923497266 -2.4817682542540744
3908.5160655737704 -6.352570451066896
3918.526338797814 1.4469253623840823
3928.5366120218578 -0.45449716395066175
3938.5468852459016 1.8143513099846946
3948.557158469945 1.5038264157738364
3958.567431693989 3.4952732511029083
3968.5777049180324 1.2206716485099487
3978.5879781420763 1.616998289367066
3988.59825136612 0.858499144683533
3998.608524590164 -2.343567119834339
4008.6187978142075 0.9474205456018727
4018.6290710382514 0.674061402719006
4028.639344262295 2.459710092734312
4038.6496174863387 -0.8431619699288737
4048.6598907103826 0.5542270640136852
4058.670163934426 1.398847573602233
4068.68043715847 2.3662555145403803
4078.6907103825133 1.0383541910506888
4088.700983606557 1.1797064914018187
4098.711256830601 0.8985504636715586
4108.721530054645 -0.5938732330962456
4118.731803278688 0.1917709552534438
4128.742076502733 1.3950661744845594
4138.752349726776 0.360151255964707
4148.76262295082 0.9784820383541911
4158.7728961748635 -2.2547942738813362
4168.7831693989065 0.7747276492302153
4178.793442622951 1.9376069145583867
4188.803715846994 0.8255784640316919
4198.813989071038 0.1769964887008193
4208.824262295082 0.7148104798775547
4218.834535519125 0.23667957144143334
4228.84480874317 1.3031421626001622
4238.855081967213 0.22839200504186552
4248.865355191257 0.5690195372287747
4258.8756284153005 0.8100027009993699
4268.8859016393435 0.5951742144593499
4278.896174863388 -0.19241919510218783
4288.906448087431 1.2348969118573871
4298.916721311475 0.7119024038894392
4308.926994535519 -0.31186639056450893
4318.937267759562 -0.39456198793553615
4328.947540983607 -0.07678581074997749
4338.95781420765 0.06169622760421356
4348.968087431694 -0.613081840280904
4358.978360655738 1.3952462411092106
4368.9886338797805 0.627865310164761
4378.998907103825 -0.2453137660934546
4389.009180327868 0.6501935716215
4399.019453551913 -0.30265598271360405
4409.029726775956 1.3396956874043398
4419.04 0.6066714684433241
4429.050273224044 -0.18943909246421176
4439.060546448087 -0.5657243179976592
4449.070819672132 -0.06516160979562438
4459.081092896175 0.8683622940487981
4469.0913661202185 0.5301521562978302
4479.101639344262 0.19721571981633207
4489.111912568305 0.8678220941748447
4499.12218579235 0.6363464481858288
4509.132459016393 0.4308904294588998
4519.142732240437 1.088862879265328
4529.153005464481 0.8782659584046096
4539.163278688524 -0.21949221211848385
4549.173551912569 0.9670478076888449
4559.183825136612 1.470153956964077
4569.1940983606555 -0.16426577833798506
4579.204371584699 1.1600792293148465
4589.214644808742 0.9182497524083911
4599.224918032787 0.5923516701179437
4609.23519125683 1.7434950931844782
4619.245464480874 1.187809489511119
4629.255737704918 1.5923291617898623
4639.266010928961 0.3633294318897992
4649.276284153006 0.8680471774556587
4659.286557377049 1.1715134599801929
4669.296830601093 1.6242009543531106
4679.307103825136 0.9902764022688396
4689.31737704918 0.9647069415683803
4699.327650273224 1.1001170433060232
4709.337923497267 1.284955433510399
4719.348196721311 1.5497434050598724
4729.358469945355 0.8627352120284506
4739.368743169399 1.8733231295579365
4749.379016393443 1.3605834158638697
4759.389289617486 1.149095165211128
4769.3995628415305 2.0050418654902313
4779.4098360655735 1.6270820203475287
4789.420109289617 1.1963626541820473
4799.430382513661 0.8241829476906455
4809.440655737704 0.9205906185288557
4819.450928961749 1.0261996938867382
4829.461202185792 1.224723147564599
4839.471475409836 1.5679301341496354
4849.48174863388 1.0268929503916449
4859.492021857923 1.1914108220041417
4869.5022950819675 0.6803637345817953
4879.5125683060105 1.249752408391105
4889.522841530054 1.014765463221392
4899.533114754098 0.8271900603223193
4909.543387978141 1.5005852165301163
4919.553661202186 0.5973350139551634
4929.563934426229 1.1433330332222924
4939.574207650273 1.333033222292248
4949.584480874317 0.7664265778337986
4959.59475409836 1.1029981093004413
4969.605027322405 1.6711983433870532
4979.6153005464475 0.8308003961465743
4989.625573770491 1.2592959394976142
4999.635846994535 1.4697938237147745
5009.646120218579 1.3152066264517872
5019.656393442623 1.3209687584406231
5029.666666666666 1.1314486359953184
5039.67693989071 1.0179166291527866
5049.687213114754 0.9461600792293149
5059.697486338798 0.8554695237237778
5069.707759562842 0.5896911857387234
5079.718032786885 1.401278473035023
5089.728306010929 0.6972899972990007
5099.738579234972 0.7219951382011345
5109.748852459016 0.5987215269649772
5119.75912568306 1.4421535968308277
5129.769398907103 0.8325560457369227
5139.779672131148 0.9339155487530386
5149.789945355191 1.011074097416044
5159.800218579235 0.5870982263437472
5169.810491803279 1.2141892500225084
5179.820765027322 0.788178626091654
5189.831038251366 0.7481948320878725
5199.841311475409 0.9221211848383903
5209.851584699453 0.9247816692176107
5219.861857923497 1.4212658683712975
5229.87213114754 1.0641937516881248
5239.882404371585 1.2180606824525075
5249.892677595628 0.7303862429098766
5259.902950819672 1.0554605203925453
5269.913224043716 1.08112001440533
5279.923497267759 1.062032952192311
5289.933770491803 0.9911767353920952
5299.944043715846 0.653902944089313
5309.95431693989 1.2832448005762134
5319.964590163934 0.9713694066804718
5329.974863387978 1.1774556585936797
5339.985136612022 1.0881426127667237
5349.995409836065 1.1915008553164672
5360.005683060109 1.5329071756549923
5370.015956284153 1.638516251012875
5380.026229508197 1.5338075087782481
5390.0365027322405 1.755649590348429
5400.046775956283 1.5516341046187092
5410.057049180328 2.3301521562978302e-26
5420.067322404371 1.4520572611866391
5430.077595628415 1.3369046547222474
5440.087868852459 1.3510398847573604
5450.098142076502 1.4417934635815253
5460.108415300547 1.563158368596381
5470.11868852459 1.5067074817682542
5480.128961748634 1.6297830197172956
5490.1392349726775 1.0847213468983525
5500.1495081967205 1.3151165931394617
5510.159781420765 2.1154227064013686
5520.170054644808 1.532997208967318
5530.180327868852 1.6241109210407854
5540.190601092896 1.0918339785720719
5550.200874316939 1.3426667867110833
5560.211147540984 1.1757450256594941
5570.221420765027 0.884955433510399
5580.231693989071 1.0144503466282526
5590.241967213115 1.288826865940398
5600.252240437158 1.6140271900603225
5610.262513661202 1.5480327721256866
5620.272786885245 1.3655352480417755
5630.283060109289 1.588277662735212
5640.293333333333 1.431799765913388
5650.303606557377 1.5121094805077882
5660.313879781421 1.5408301071396417
5670.324153005464 1.222922481318088
5680.334426229508 1.4866300531196543
5690.344699453552 1.800306113261907
5700.3549726775955 1.3057531286576034
5710.365245901639 1.143603133159269
5720.375519125682 1.2311155127397138
5730.385792349726 1.1830377239578644
5740.39606557377 1.2201314486359953
5750.406338797814 1.0487080219681282
5760.416612021858 1.2303952462411094
5770.426885245901 1.1594489961285677
5780.437158469945 1.2301251463041327
5790.447431693989 1.2643378049878455
5800.4577049180325 1.0836409471504458
5810.467978142076 1.0805798145313767
5820.478251366119 1.16903754389124
5830.488524590164 1.3757990456468896
5840.498797814207 1.2977401638606285
5850.509071038251 1.2701899702890072
5860.519344262295 0.9350859818132709
5870.529617486339 1.4028090393445576
5880.539890710383 1.6128567570000902
5890.550163934426 1.598181327091024
5900.5604371584695 1.2201314486359953
5910.570710382513 1.2569550733771497
5920.580983606557 1.0903034122625372
5930.591256830601 1.2604663725578464
5940.601530054644 1.1608445124696138
5950.611803278688 1.2031151526064645
5960.622076502732 1.0803097145944
5970.632349726776 1.3907445754929324
5980.64262295082 1.4045196722787432
5990.652896174863 1.301701629602953
6000.663169398907 1.2715404699738904
6010.6734426229505 1.3839920770685155
6020.683715846994 1.0921040785090486
6030.693989071038 1.3152066264517872
6040.704262295081 1.01926712883767
6050.714535519125 1.3151165931394617
6060.724808743169 1.165301161429729
6070.735081967213 1.017016296029531
6080.745355191257 0.9872152696497705
6090.7556284153 1.2285045466822724
6100.765901639344 1.3235797244980645
6110.7761748633875 1.2815341676420275
6120.786448087431 1.0302511929413884
6130.796721311475 1.0648239848744037
6140.806994535518 0.9876654362113984
6150.817267759563 0.9747906725488431
6160.827540983606 0.9637165751327993
6170.83781420765 1.1791662915278653
6180.848087431694 1.2652381381111013
6190.858360655738 1.0758530656342848
6200.868633879782 1.3633744485459622
6210.8789071038245 1.1677320608625192
6220.889180327868 1.261996938867381
6230.899453551912 1.2086972179706492
6240.909726775956 1.1942918879985596
6250.92 1.0495183217790582
6260.930273224043 1.1064193751688125
6270.940546448087 1.0849914468353292
6280.950819672131 0.9563338435221033
6290.961092896175 0.9507517781579186
6300.971366120219 0.7552894570991266
6310.981639344262 1.004321598991627
6320.991912568305 1.107769874853696
6331.002185792349 1.0652741514360315
6341.012459016393 1.0501485549653373
6351.022732240437 1.0812100477176556
6361.03300546448 1.031151526064644
6371.043278688524 0.859358962816242
6381.053551912568 0.995498334383722
6391.063825136612 1.0528495543351042
6401.074098360656 1.1053389754209058
6411.084371584699 1.2327361123615739
6421.0946448087425 1.132348969118574
6431.104918032786 1.0577113532006843
6441.11519125683 1.2338165121094806
6451.125464480874 0.9277932835149005
6461.135737704917 1.2797335013955164
6471.146010928962 1.3165571261366706
6481.156284153005 1.0725668497344019
6491.166557377049 1.1282074367515982
6501.176830601093 1.1118213739083462
6511.187103825137 1.1805167912127488
6521.19737704918 1.352930584316197
6531.207650273223 1.2890969658773748
6541.217923497267 1.16142972899973
6551.228196721311 1.3036823624741156
6561.238469945355 1.2696947870712163
6571.248743169399 1.0794093814711445
6581.259016393442 1.1303682362474117
6591.269289617486 1.1537768974520572
6601.27956284153 1.1951922211218151
6611.289836065574 1.1671018276762402
6621.3001092896175 1.1579184298190333
6631.31038251366 1.092374178446025
6641.320655737704 1.4161339695687405
6651.330928961748 1.2375979112271542
6661.341202185792 1.1706131268569373
6671.351475409836 1.1522463311425228
6681.361748633879 1.158953812910777
6691.372021857923 1.1729539929774018
6701.382295081967 1.2646079049248222
6711.392568306011 1.1132619069055552
6721.4028415300545 0.9593049428288467
6731.4131147540975 1.2826145673899343
6741.423387978141 1.1006572431799766
6751.433661202185 1.242729810029711
6761.443934426229 1.0830107139641667
6771.454207650273 1.1557576303232195
6781.464480874316 1.2528135410101737
6791.474754098361 1.146034032592059
6801.485027322404 0.9732150895831458
6811.495300546448 1.1334293688664807
6821.5055737704915 1.2022148194832087
6831.515846994535 1.1506257315206627
6841.526120218579 1.196452687494373
6851.536393442622 1.035022958494643
6861.546666666666 1.2506527415143605
6871.55693989071 1.6657063113351942
6881.567213114754 1.341676420275502
6891.577486338798 1.2879265328171423
6901.587759562841 1.119024038894391
6911.598032786885 0.9007832898172325
6921.608306010929 1.0015305663095346
6931.6185792349725 0.8101737642927883
6941.628852459016 1.0003601332493024
6951.639125683059 1.0521292878364996
6961.649398907103 1.0699558836769605
6971.659672131147 1.1030881426127668
6981.669945355191 1.1291077698748537
6991.680218579235 0.9857747366525615
7001.690491803278 0.8871432429999101
7011.700765027322 1.0
7021.711038251366 1.0
7031.7213114754095 1.0302511929413884
7041.731584699453 1.0796794814081212
7051.741857923496 1.0696857837399838
7061.75213114754 1.0575312865760333
7071.762404371584 0.9846943369046547
7081.772677595628 1.0470874223462683
7091.782950819672 0.9958584676330243
7101.793224043715 1.0102637976051139
7111.80349726776 0.8344287386332945
7121.813770491803 0.9309444494462952
7131.8240437158465 0.8686053839920772
7141.83431693989 0.9161789862249032
7151.844590163934 0.9271630503286217
7161.854863387978 0.9995498334383723
7171.865136612021 0.8193391554875304
7181.875409836065 1.148284865400198
7191.885683060109 0.8720356531916811
7201.895956284153 0.9949581345097687
7211.906229508197 0.9597551093904746
7221.91650273224 0.9558836769604755
7231.926775956284 1.136850634734852
7241.937049180327 0.9774916719186099
7251.947322404371 0.831070496083551
7261.957595628415 1.0129647969748807
7271.967868852458 1.0148554965337175
7281.978142076502 1.1254164040695058
7291.988415300546 0.9853695867470964
7301.99868852459 1.1146124065904386
7312.008961748634 1.0203475285855768
7322.019234972677 0.6896551724137931
7332.029508196721 0.987305302962096
7342.0397814207645 0.9900063023318629
7352.050054644808 0.8902133789502117
7362.060327868852 1.1621499954983343
7372.070601092895 0.995498334383722
7382.080874316939 0.9469703790402451
7392.091147540983 0.8681102007742865
7402.101420765027 0.8736022328261457
7412.111693989071 0.891320788691816
7422.121967213114 1.0135950301611596
7432.1322404371585 1.044656522913478
7442.1425136612015 0.8100477176555325
7452.152786885245 1.0781489150985866
7462.163060109289 0.9564238768344288
7472.173333333333 1.008373098046277
7482.183606557377 1.0305212928783651
7492.19387978142 0.9912667687044207
7502.204153005464 0.9376969478707121
7512.214426229508 1.0255694607004593
7522.224699453552 1.133969568740434
7532.234972677596 1.100207076618349
7542.245245901639 0.933465382191411
7552.255519125682 0.9568740433960566
7562.265792349726 0.9601152426397768
7572.27606557377 0.7701809669577744
7582.286338797814 0.9108670207976953
7592.296612021857 0.762906275321869
7602.306885245901 3.699198703520303
7612.317158469945 1.5595570361033582
7622.327431693989 1.2491221752048258
7632.337704918033 1.5484829386873145
7642.3479781420765 1.3339335554155038
7652.3582513661195 1.039749707391735
7662.368524590163 0.8897271990636535
7672.378797814207 0.9085261546772305
7682.389071038251 0.8471414423336635
7692.399344262295 0.801053389754209
7702.409617486338 0.733078238948411
7712.419890710382 0.731394616007923
7722.430163934426 0.8836859638066085
7732.44043715847 0.8203385252543441
7742.4507103825135 0.8494823084541281
7752.4609836065565 0.9710092734311696
7762.4712568306 0.9403979472404791
7772.481530054644 0.8769289637165752
7782.491803278688 0.9513820113441974
7792.502076502732 1.0188169622760423
7802.512349726775 0.9602052759521023
7812.522622950819 0.8816962276042135
7822.532896174863 0.7935356081750249
7832.543169398907 0.8976051138921401
7842.553442622951 0.8943098946610246
7852.563715846994 0.9102367876114162
7862.573989071037 1.1720536598541462
7872.584262295081 0.9836139371567482
7882.594535519125 1.0122445304762764
7892.604808743169 1.110650940848114
7902.615081967213 1.0332673089042947
7912.625355191257 1.0503286215899883
7922.6356284153 0.8368146214099217
7932.645901639344 0.8011074097416044
7942.656174863388 1.0368236247411542
7952.6664480874315 0.9172593859728101
7962.676721311475 0.9363464481858288
7972.686994535518 0.9331052489421087
7982.697267759562 1.0217880615827857
7992.707540983606 1.1059692086071848
8002.71781420765 0.7919600252093275
8012.728087431694 0.9122175204825785
8022.738360655737 0.9209957684343207
8032.748633879781 0.783226793913748
8042.758907103825 0.8236787611416224
8052.7691803278685 1.0173764292788332
8062.779453551912 1.044656522913478
8072.789726775955 0.7541640406950573
8082.799999999999 0.8267038804357613
8092.810273224043 1.0535698208337085
8102.820546448087 1.026829927073017
8112.830819672131 0.8532817142342667
8122.841092896174 0.8477446655262448
8132.851366120218 0.9184298190330423
8142.861639344262 0.9753308724227965
8152.871912568306 0.8412622670388044
8162.882185792349 0.8166471594489961
8172.892459016392 0.8400198073287116
8182.902732240436 0.9106869541730441
8192.913005464481 0.840316917259386
8202.923278688524 0.8343657153146665
8212.933551912567 0.735004951832178
8222.943825136612 0.70602322859458
8232.954098360657 0.8021968128207437
8242.964371584698 0.787368326280724
8252.974644808743 0.7546682272440803
8262.984918032787 0.8045151706131269
8272.99519125683 0.7473665256144774
8283.005464480873 0.791644908616188
8293.015737704918 0.6959304942828848
8303.026010928961 0.5471954623210589
8313.036284153004 0.675177815791843
8323.046557377049 0.6012064463851625
8333.056830601094 0.6623120554605204
8343.067103825135 0.8314306293328532
8353.07737704918 0.6659944179346359
8363.087650273224 0.4500135049968489
8373.097923497267 0.43100747276492307
8383.10819672131 0.574205456018727
8393.118469945355 0.6038084091113712
8403.128743169398 0.8657693346538219
8413.139016393441 0.6381741244260376
8423.149289617486 0.5753848924101918
8433.15956284153 0.5795714414333303
8443.169836065572 0.5599621860088233
8453.180109289617 0.5981002971099306
8463.190382513661 0.6613036823624742
8473.200655737704 0.6048978121905105
8483.210928961747 0.5353380750877825
8493.221202185792 0.6260286305933195
8503.231475409835 0.6942468713423967
8513.241748633878 0.618699918970019
8523.252021857923 0.6468983523903845
8533.262295081968 0.6481318087692447
8543.27256830601 0.6420185468623391
8553.282841530054 0.7622940487980553
8563.293114754098 0.7699918970018909
8573.303387978141 0.6903844422436302
8583.313661202184 0.7151255964706942
8593.32393442623 0.7151796164580896
8603.334207650274 0.7653461780858919
8613.344480874315 0.6908976321238859
8623.35475409836 0.7450346628252454
8633.365027322405 0.7989241019177096
8643.375300546448 0.806572431799766
8653.38557377049 0.7025569460700459
8663.395846994536 0.761609795624381
8673.406120218579 0.7371027280093635
8683.416393442621 0.6995408301071396
8693.426666666666 0.8313856126766904
8703.436939890711 0.8855946700279104
8713.447213114752 0.8916989286035834
8723.457486338797 0.7595570361033583
8733.467759562842 0.8205636085351581
8743.478032786885 1.0111641307283696
8753.488306010928 0.9446745295759431
8763.498579234973 1.04096515710813
8773.508852459016 1.1188439722697399
8783.519125683059 0.9309444494462952
8793.529398907103 0.9157288196632755
8803.539672131148 1.0657243179976592
8813.54994535519 0.9775817052309356
8823.560218579234 1.1658413613036824
8833.570491803279 0.9746106059241919
8843.580765027322 0.8150535698208338
8853.591038251365 0.8928063383451877
8863.60131147541 0.9294138831367607
8873.611584699454 0.8202710002700999
8883.621857923496 0.8939677680741874
8893.63213114754 1.0895831457639327
8903.642404371585 0.8763302421896102
8913.652677595628 0.8397407040605024
8923.662950819671 0.7949221211848384
8933.673224043716 0.8411092104078509
8943.683497267759 0.7555865670298011
8953.693770491802 0.8072296749797425
8963.704043715847 0.8884037093724678
8973.714316939891 0.6617358422616368
8983.724590163933 0.7242909876654363
8993.734863387977 0.6359142882866662
