3508.104726775956 -13.811030416337097
3518.114180327869 -3.7384770259581503
3528.1236338797817 -5.569785000359531
3538.1330874316936 -13.803839792910043
3548.1425409836065 -7.512763356583016
3558.1519945355194 -20.70036672179478
3568.1614480874314 -3.4552383691666066
3578.1709016393443 -7.597612713022219
3588.1803551912567 -10.61336017832746
3598.189808743169 -4.888976774286331
3608.199262295082 -4.735456964118789
3618.2087158469944 -15.047098583447184
3628.218169398907 -1.7847127345940894
3638.2276229508198 4.050118645286546
3648.237076502732 1.428129718846624
3658.2465300546446 -6.576400373912418
3668.2559836065575 3.7361760264614943
3678.26543715847 0.2101963040195585
3688.2748907103824 -14.561012439778528
3698.2843442622952 -2.8968864600560864
3708.293797814207 1.7522111167038181
3718.30325136612 -3.775940174013087
3728.312704918033 -6.06759186021428
3738.322158469945 -2.3012871215934423
3748.331612021858 -3.231070683828288
3758.3410655737707 -2.6211979578629467
3768.3505191256827 -6.117063349392392
3778.3599726775956 5.701732940245919
3788.3694262295085 -0.49769900050334365
3798.3788797814204 3.8102394477601207
3808.3883333333333 0.5483928956640541
3818.397786885246 0.08555403753505429
3828.407240437158 -2.981160566621126
3838.416693989071 2.723520529229884
3848.426147540984 -0.6052563457251743
3858.435601092896 -2.9862659092543318
3868.445054644809 0.9224850794563888
3878.4545081967212 3.613144459624649
3888.4639617486337 1.702811533759977
3898.4734153005465 3.7597612713022217
3908.482868852459 2.2807938448263463
3918.4923224043714 -0.13975695692816567
3928.5017759562843 -1.133889408211692
3938.5112295081967 1.935715826562163
3948.520683060109 0.26621126051628674
3958.530136612022 0.14937801107356008
3968.539590163934 -0.4539800100668728
3978.549043715847 -0.885669087509887
3988.55849726776 1.0768677644351765
3998.5679508196718 -1.7927302797152513
4008.5774043715846 -0.3093837635723017
4018.5868579234975 1.480046019989933
4028.5963114754095 -1.3791615733084057
4038.6057650273224 2.4577550873660745
4048.6152185792353 0.13891565398720068
4058.6246721311472 4.284173437837061
4068.63412568306 -1.951894729273028
4078.643579234973 -1.3072553390378945
4088.653032786885 -1.543611131085065
4098.662486338798 -0.4027827712662688
4108.67193989071 3.4184942834543754
4118.681393442623 2.843028690587474
4128.690846994536 2.17861508592795
4138.7003005464485 2.5622348457611275
4148.7097540983605 0.6073991515064355
4158.719207650273 -0.3740562306751995
4168.728661202185 2.5036312648306605
4178.738114754098 2.745595743150931
4188.747568306011 1.26583734809808
4198.757021857924 1.3255914287768749
4208.766475409836 1.1215934421514346
4218.775928961749 2.272596534119508
4228.785382513661 1.4489106205508018
4238.794836065574 2.1574746530524194
4248.804289617487 1.6175307399151508
4258.8137431693995 3.286474437333717
4268.823196721311 0.10146688717911843
4278.832650273223 1.268497878766089
4288.842103825136 1.0490400517724887
4298.851557377049 1.4559574315093118
4308.861010928962 1.1282088157043215
4318.870464480875 1.6479470770115767
4328.879918032787 1.5666211260516287
4338.889371584699 2.9116272380815413
4348.898825136612 3.458833680880132
4358.908278688525 2.218523045948084
4368.9177322404375 2.1200115049974833
4378.9271857923495 2.2935931545264974
4388.936639344262 3.511253325663335
4398.946092896174 1.7386208384266915
4408.955546448087 1.4180628460487523
4418.965 1.0345149924498453
4428.974453551913 1.1146185374271949
4438.983907103825 1.9825986913065363
4448.993360655738 2.2856115625224707
4459.00281420765 1.408571223125045
4469.012267759563 0.8541741568994031
4479.021721311476 0.846552096066729
4489.0311748633885 1.862443373840512
4499.0406284153005 1.5574890342992735
4509.050081967213 2.8208815704321566
4519.059535519125 2.442007622060833
4529.068989071038 2.8926439922341265
4539.078442622951 1.2736032213992954
4549.087896174864 1.3578773279643346
4559.097349726776 1.0222909326238585
4569.106803278688 1.523765010426404
4579.116256830601 0.8794132451283526
4589.125710382514 1.8617243114978068
4599.135163934427 1.3220680232976199
4609.1446174863395 1.6642697921909828
4619.1540710382515 1.442079528295103
4629.163524590163 1.6664988854533689
4639.172978142076 1.4927734234558137
4649.182431693989 0.7391241820665851
4659.191885245902 1.5670525634572516
4669.201338797815 1.4011648809951822
4679.210792349727 1.7693248004601998
4689.220245901639 1.3311282088157042
4699.229699453552 1.7654418638095923
4709.239153005465 1.8500755015459842
4719.248606557378 1.0079096857697563
4729.2580601092895 -0.0035600776587330117
4739.267513661202 1.2085999856187533
4749.276967213114 1.8431005968217444
4759.286420765027 2.7990220752139208
4769.29587431694 2.5341195081613574
4779.305327868853 2.664269792190983
4789.314781420765 1.636585891996836
4799.324234972677 3.5167181994678938
4809.33368852459 1.9417559502408859
4819.343142076503 1.983964909757676
4829.352595628416 2.159631840080535
4839.3620491803285 1.5599338462644712
4849.3715027322405 1.8121809160854245
4859.3809562841525 1.7325807147479686
4869.390409836065 1.8827209319047962
4879.399863387978 2.902387286977781
4889.409316939891 2.516358668296541
4899.418770491804 1.9090386136478033
4909.428224043716 1.4288487811893291
4919.437677595628 1.9096138635219673
4929.447131147541 2.201409362191702
4939.456584699454 2.310706838282879
4949.466038251367 0.7903214208671892
4959.475491803279 1.268210253829007
4969.4849453551915 1.282160063277486
4979.4943989071035 2.0549363629826707
4989.503852459016 2.1003811030416335
4999.513306010929 0.5966671460415618
5009.522759562842 0.7483281800532106
5019.532213114754 0.6994031782555548
5029.541666666666 0.8507226576544187
5039.551120218579 2.186740490400518
5049.560573770492 1.8385705040627023
5059.570027322405 0.19746890055367797
5069.579480874318 1.3605378586323433
5079.58893442623 1.1451067807578916
5089.598387978142 1.7266844035377866
5099.607841530054 1.5900625584238153
5109.617295081967 0.9802976918098798
5119.62674863388 0.9595886963399727
5129.636202185793 1.9495937297763717
5139.645655737705 1.990292658373481
5149.655109289617 1.387071259078162
5159.66456284153 0.8803480261738692
5169.674016393443 1.07456676493852
5179.683469945356 1.11253325663335
5189.692923497269 1.1737254619975552
5199.7023770491805 1.6031494930610481
5209.7118306010925 0.5674624289925937
5219.721284153005 1.0762925145610123
5229.730737704918 1.0941252606600993
5239.740191256831 0.8397210038110303
5249.749644808743 0.8764147551592724
5259.759098360656 0.4094556698065722
5269.768551912568 1.1043359459265119
5279.778005464481 0.8791256201912705
5289.787459016394 2.168907744301431
5299.796912568307 1.1430214999640467
5309.806366120219 0.9454231681886819
5319.815819672131 0.9639030703962034
5329.8252732240435 1.5295175091680449
5339.834726775956 1.0027324369022794
5349.844180327869 1.0685985474940676
5359.853633879782 1.276767095707198
5369.863087431694 1.4201481268425973
5379.872540983606 1.942079528295103
5389.881994535519 0.7896742647587546
5399.891448087432 1.319838930035234
5409.900901639345 0.5869058747393399
5419.910355191258 1.1117422880563745
5429.91980874317 1.291867404904005
5439.929262295082 0.15180844179190336
5449.9387158469945 1.4141799093981446
5459.948169398907 1.5961026821025381
5469.95762295082 0.8108866038685553
5479.967076502733 0.891421586251528
5489.976530054645 0.12068023297619904
5499.985983606557 1.8974617099302507
5509.99543715847 1.2000431437405623
5520.004890710383 1.9989214064859422
5530.014344262296 1.4161213777234487
5540.023797814208 2.1137556626159486
5550.03325136612 1.1612856834687566
5560.0427049180325 2.05766879988495
5570.052158469945 1.4486949018479902
5580.061612021858 3.3017185589990654
5590.071065573771 1.762134177033149
5600.080519125683 2.323074710577407
5610.089972677595 0.6399942475012583
5620.099426229508 0.939383044509959
5630.108879781421 -0.6927194937801108
5640.118333333334 1.20816854821313
5650.127786885247 1.55418134752283
5660.137240437159 0.8672610915366361
5670.146693989071 1.2076652045732366
5680.1561475409835 1.2556266628316675
5690.165601092896 1.1141151937873015
5700.175054644809 1.3073991515064356
5710.184508196722 1.4422233407636442
5720.193961748634 1.0982239160135183
5730.203415300546 1.7792478607895306
5740.212868852459 1.3586682965413102
5750.222322404372 1.2487596174588336
5760.231775956285 1.025742431868843
5770.241229508198 0.9355720140936218
5780.250683060109 0.4887826274538002
5790.260136612022 0.08871072121952972
5800.2695901639345 1.7000071906234269
5810.279043715847 1.4082116919536922
5820.28849726776 1.3657870137340906
5830.297950819673 0.26185374271949374
5840.307404371584 1.3272452721650967
5850.316857923497 1.1132523189760553
5860.32631147541 1.4128855971812757
5870.335765027323 1.5557632846767815
5880.345218579236 1.0681671100884447
5890.354672131148 1.3947652261451067
5900.36412568306 1.856259437693248
5910.373579234973 1.2705831595599337
5920.383032786885 0.8663982167253901
5930.392486338798 1.2900697490472424
5940.401939890711 0.5593442151434529
5950.411393442623 1.4312935931545263
5960.420846994535 1.7236643416984252
5970.430300546448 1.338390738477026
5980.439754098361 1.73977133817502
5990.449207650274 0.20580283310563027
6000.458661202187 0.9198964550226505
6010.468114754098 1.2801466887179118
6020.477568306011 0.75386496009204
6030.4870218579235 1.031207305673402
6040.496475409836 1.4796864888185803
6050.505928961749 1.6787229452793557
6060.515382513662 1.517293449342058
6070.524836065573 1.1883943337887395
6080.534289617486 1.5466311929244265
6090.543743169399 1.3237937729201121
6100.553196721312 1.074279140001438
6110.562650273225 0.9266556410440785
6120.572103825138 1.2270798878262745
6130.581557377049 1.073416265190192
6140.591010928962 0.7166750557273316
6150.6004644808745 1.5521679729632558
6160.609918032787 1.3631264830660816
6170.6193715847 1.3140145250593225
6180.628825136612 1.021787588983965
6190.638278688524 1.230819012008341
6200.647732240437 0.6527072697202847
6210.65718579235 1.4459624649457106
6220.666639344263 0.7253181850866469
6230.676092896176 1.3146616811677572
6240.685546448088 1.0816854821313007
6250.695 0.6991622923707485
6260.704453551913 1.0049615301646653
6270.7139071038255 1.274969439850435
6280.723360655738 1.3913856331343928
6290.732814207651 0.576385992665564
6300.742267759562 1.0903861364780325
6310.751721311475 1.2560581002372904
6320.761174863388 1.6496009203997986
6330.770628415301 0.5076292514561013
6340.780081967214 0.8509383763572301
6350.789535519127 1.2170130150284029
6360.798989071038 0.8988279283813906
6370.808442622951 0.8361975983317753
6380.817896174864 0.9320486086143669
6390.827349726776 1.3081901200834112
6400.836803278689 0.885093837635723
6410.846256830601 0.8697059035018336
6420.855710382513 1.1090098511540951
6430.865163934426 1.3045948083698857
6440.874617486339 1.0228661824980225
6450.884071038252 1.5792047170489683
6460.893524590165 1.4474724958653915
6470.902978142077 0.6591572589343496
6480.912431693989 1.3422736751276336
6490.921885245902 0.8233263823973538
6500.9313387978145 0.6550837707629251
6510.940792349727 0.8065722298123247
6520.95024590164 1.0504062702236283
6530.959699453552 0.7132595095994823
6540.969153005464 1.133026533400446
6550.978606557377 1.089307542963975
6560.98806010929 0.4916229237074854
6570.997513661203 1.0795282951031855
6581.006967213116 1.207593298338966
6591.016420765027 1.3105630258143381
6601.02587431694 1.2380815416696627
6611.035327868853 1.233623355144891
6621.0447814207655 0.5308477745020493
6631.054234972678 0.9271589846839722
6641.063688524591 1.0202775580642842
6651.073142076502 0.9428345437549435
6661.082595628415 1.025742431868843
6671.092049180328 1.4530811821384912
6681.101502732241 1.5206730423527717
6691.110956284154 1.233623355144891
6701.120409836066 0.7427194937801107
6711.129863387978 0.7497663047386208
6721.139316939891 1.0492557704753003
6731.148770491804 0.9275185158553246
6741.1582240437165 1.2183792334795425
6751.167677595629 1.367656575825124
6761.177131147541 0.8931473358740203
6771.186584699453 0.7875170777306392
6781.196038251366 0.9614582584310059
6791.205491803279 1.7112964694038975
6801.214945355192 1.2485798518731572
6811.224398907105 0.9994247501258358
6821.233852459016 0.3895879772776299
6831.243306010929 1.2633925361328826
6841.252759562842 1.4806931760983677
6851.262213114755 0.9390235133386065
6861.271666666667 1.5321780398360536
6871.28112021858 1.4681095851010282
6881.290573770491 0.4163730495433954
6891.300027322404 1.0324297116560006
6901.309480874317 0.8626590925433235
6911.31893442623 0.6994678938663982
6921.328387978143 0.5962249227007981
6931.337841530056 1.3365211763859925
6941.347295081967 1.1999712375062919
6951.35674863388 0.7276191845833033
6961.366202185793 1.3305529589415401
6971.3756557377055 0.9515351981016753
6981.385109289618 1.455022650463795
6991.39456284153 0.35012583590997337
7001.404016393442 1.0529589415402316
7011.413469945355 0.7581793341482707
7021.422923497268 1.051341051269145
7031.432377049181 1.082404544474006
7041.441830601094 1.2630330049615301
7051.451284153006 1.0388293665060762
7061.460737704918 1.322211835766161
7071.470191256831 0.708003163874308
7081.479644808744 1.41489897174085
7091.4890983606565 1.4182785647515639
7101.498551912569 0.5991874595527432
7111.50800546448 1.7094269073128638
7121.517459016393 0.9122024879557058
7131.526912568306 0.9378730135902783
7141.536366120219 0.9843244409290285
7151.545819672132 0.7646508952326165
7161.555273224045 0.8390738477025959
7171.564726775956 0.7637161141871001
7181.574180327869 0.7972963255914287
7191.583633879782 0.8640972172287337
7201.593087431695 1.0821888257711942
7211.6025409836075 0.9009851154095059
7221.611994535519 0.5159703746314805
7231.621448087431 0.5412310347307111
7241.630901639344 0.7461709930250953
7251.640355191257 0.6918350470985835
7261.64980874317 0.8221758826490256
7271.659262295083 1.38534550945567
7281.668715846995 0.8028331056302581
7291.678169398907 0.5437046091896167
7301.68762295082 0.9225569856906592
7311.697076502733 0.5661465449054434
7321.706530054646 0.627144603437118
7331.715983606558 0.9500970734162651
7341.7254371584695 0.5149349248579852
7351.734890710382 1.178471273459409
7361.744344262295 0.42260012943122166
7371.753797814208 1.1936075357733513
7381.763251366121 1.4545193068239017
7391.772704918034 0.7574602718055654
7401.782158469945 0.9797224419357158
7411.791612021858 1.1227439418997627
7421.801065573771 1.0639246422664845
7431.810519125684 0.8954483353706767
7441.8199726775965 0.6348098080103545
7451.829426229509 0.6602430430718343
7461.8388797814205 0.8994750844898252
7471.848333333333 0.3876393183288991
7481.857786885246 1.2548356942546919
7491.867240437159 1.294240310634932
7501.876693989072 0.9459984180628459
7511.886147540984 1.147407780254548
7521.895601092896 1.511397138131876
7531.905054644809 1.5342633206298986
7541.914508196722 1.2059394549507443
7551.923961748635 1.8979650535701444
7561.9334153005475 0.9858344718487092
7571.9428688524595 1.297619903645646
7581.952322404371 0.9463579492341986
7591.961775956284 1.6205508017545118
7601.971229508197 0.6782771266268786
7611.98068306011 -0.8122528223196951
7621.990136612023 0.8890127274034657
7631.999590163935 0.28522326885740995
7642.009043715847 0.7777378298698496
7652.01849726776 1.0484648018983245
7662.027950819673 0.9480836988566909
7672.037404371586 0.974832818005321
7682.046857923498 1.0095635291579779
7692.0563114754095 0.6012943122168691
7702.065765027322 0.46612497303516215
7712.075218579235 0.678629467174804
7722.084672131148 1.3250161789027108
7732.094125683061 0.13038757460271805
7742.103579234973 1.0287624937082045
7752.113032786885 1.2128424534407134
7762.122486338798 2.0483209894297834
7772.131939890711 0.6182354210110016
7782.141393442624 0.8301574746530525
7792.150846994537 0.9554900409865534
7802.1603005464485 1.294527935572014
7812.1697540983605 1.0240885884806212
7822.179207650273 1.284389156539872
7832.188661202186 0.7622060832674193
7842.198114754099 0.8027611993959877
7852.207568306012 1.166678651039045
7862.217021857924 0.7210038110304162
7872.226475409836 -0.09529733227870857
7882.235928961749 0.8326022866182498
7892.245382513662 0.5383547853598907
7902.254836065575 0.776946861292874
7912.2642896174875 1.5538218163514774
7922.2737431693995 1.2092471417271877
7932.2831967213115 -0.041769612425397284
7942.292650273224 0.5122672035665492
7952.302103825137 0.7696843316315525
7962.31155737705 0.8532393758538865
7972.321010928962 1.2079528295103186
7982.330464480874 0.47171927806140795
7992.339918032787 0.44680376788667575
8002.3493715847 0.3412597972244193
8012.358825136613 0.7543683037319335
8022.368278688526 1.7122312504494142
8032.377732240438 0.7197814050478175
8042.38718579235 0.49392392320414175
8052.396639344262 0.5137340907456677
8062.406092896175 1.0180484648018981
8072.415546448088 0.9793629107643633
8082.425000000001 0.35344071330984395
8092.434453551913 0.8771122456316962
8102.443907103825 0.8300855684187819
8112.453360655738 0.6979794348169986
8122.462814207651 0.050683468756741214
8132.472267759564 0.6384985978284317
8142.481721311477 0.5629970518443949
8152.491174863389 0.9141439562810096
8162.5006284153005 0.1865535341914144
8172.510081967213 1.0
8182.519535519126 1.2740346588049183
8192.52898907104 0.3100021571870281
8202.538442622952 -0.3896598835119005
8212.547896174863 1.7712662687855034
8222.557349726776 0.711116703818221
8232.566803278689 0.5184511397138132
8242.576256830602 0.7652980513410512
8252.585710382515 0.8941540231538074
8262.595163934428 0.4463651398576256
8272.604617486339 0.6197238800604012
8282.614071038251 0.7004673905227583
8292.623524590164 0.983821097289135
8302.632978142077 -0.5511612856834687
8312.64243169399 1.0107859351405766
8322.651885245901 -0.105766879988495
8332.661338797814 0.9761990364564607
8342.670792349727 0.7707629251456102
8352.68024590164 1.0531387071259077
8362.689699453553 -0.22098942978356223
8372.699153005466 0.4426403969224132
8382.708606557379 0.37586107715538936
8392.71806010929 0.8693463723304811
8402.727513661202 0.055264255410944124
8412.736967213115 0.8166391026101962
8422.746420765028 0.9994247501258358
8432.755874316941 1.7398432444092902
8442.765327868852 0.11392823757819802
8452.774781420765 0.641353275328971
8462.784234972678 0.08037678866757748
8472.79368852459 0.8802042137053282
8482.803142076504 0.4278996188969584
8492.812595628417 0.3829726037247429
8502.822049180328 0.4939670669447041
8512.83150273224 0.24864456748400085
8522.840956284153 -0.107312864025311
8532.850409836066 0.3523477385489322
8542.85986338798 0.5305026245775509
8552.86931693989 0.13457970806068886
8562.878770491803 0.5706766376644855
8572.888224043716 0.3486373768605738
8582.897677595629 0.6370964262601567
8592.907131147542 0.33490328611490616
8602.916584699455 0.31714244625008986
8612.926038251368 0.5944056949737543
8622.935491803279 0.797476091177105
8632.944945355192 0.25586395340476015
8642.954398907104 -0.2889336305457683
8652.963852459017 -0.30470266772129145
8662.97330601093 0.595354857266125
8672.982759562841 0.37479686488818575
8682.992213114754 0.1913065362766952
8693.001666666667 0.7700438628029049
8703.01112021858 -0.013378873948371324
8713.020573770493 0.7858632343424174
8723.030027322406 0.6031998274250377
8733.039480874319 0.437412813690947
8743.04893442623 0.29462141367656575
8753.058387978142 1.395052851082189
8763.067841530055 0.3540806787948515
8773.077295081968 1.3085496512547639
8783.08674863388 1.121809160854246
8793.096202185792 0.39155101747321486
8803.105655737705 0.14225929388077946
8813.115109289618 0.5936075357733516
8823.12456284153 0.524045444740059
8833.134016393444 0.08766808082260731
8843.143469945357 0.3917595455525994
8853.152923497268 0.37939167325807144
8863.16237704918 0.10084849356439204
8873.171830601093 0.5778025454806931
8883.181284153006 0.7394118070036672
8893.19073770492 0.5266915941612137
8903.20019125683 0.4008556841878191
8913.209644808743 0.7132667002229094
8923.219098360656 1.2756885021931401
8933.228551912569 0.1636585891996836
8943.238005464482 0.26050190551520813
8953.247459016395 0.37381894010210687
8963.256912568308 -0.4177608398648163
8973.266366120219 1.139498094484792
8983.275819672132 0.9044366146544905
8993.285273224044 -0.07399151506435608
