3509.6545446265936 0.5778940940416993
3519.6636338797816 0.21025909447788535
3529.6727231329687 -0.0760446654453459
3539.6818123861567 -0.015846637006019366
3549.6909016393447 0.45218529180842704
3559.699990892532 0.6320160516444211
3569.70908014572 0.5572973916077815
3579.718169398907 0.3116636133647387
3589.727258652095 0.5434354008549245
3599.7363479052824 0.27435226380528654
3609.74543715847 0.15751548460263456
3619.754526411658 0.36132775015266505
3629.763615664845 0.49776672773270514
3639.772704918033 0.7622960830498124
3649.78179417122 0.46683241734275494
3659.790883424408 0.764520631597313
3669.799972677596 0.7685160952630201
3679.809061930783 0.6673907354095786
3689.818151183971 0.9133734624443862
3699.8272404371583 1.0703131815406088
3709.8363296903462 1.1147169152926808
3719.845418943534 1.1677571316409314
3729.8545081967213 1.4708191572886677
3739.8635974499093 1.2666841141062548
3749.8726867030964 1.6580738026694584
3759.8817759562844 1.8726336910058448
3769.8908652094715 1.9065689610049723
3779.8999544626595 1.825351129721713
3789.9090437158475 2.0213731134955943
3799.9181329690346 2.251243130070662
3809.9272222222226 2.264241472563901
3819.9363114754096 2.4532844805024863
3829.9454007285976 2.43034109744395
3839.954489981785 2.350955247317456
3849.9635792349727 2.6044665445345894
3859.9726684881607 2.6274099275931255
3869.981757741348 2.516487830410887
3879.990846994536 2.7054872197505015
3889.999936247723 2.6087411672337084
3900.009025500911 2.6182500218092994
3910.018114754099 2.7853964930646424
3920.027204007286 2.8195934746575935
3930.036293260474 2.69449533280991
3940.045382513661 2.8242170461484775
3950.054471766849 2.764023379569048
3960.063561020036 2.9740033150135217
3970.072650273224 2.950972694757044
3980.081739526412 3.0975311872982636
3990.090828779599 3.1303759923231262
4000.099918032787 3.3032365000436186
4010.1090072859743 3.4992584838174996
4020.1180965391623 3.5413940504231
4030.1271857923502 3.5002180929948525
4040.1362750455373 3.5749803716304625
4050.1453642987253 3.338393090813923
4060.1544535519124 3.6186862077990054
4070.1635428051004 3.5799528919131114
4080.1726320582875 3.5290063683154496
4090.1817213114755 3.4615720143069
4100.1908105646635 3.5179272441769167
4110.199899817851 3.3260926459042133
4120.208989071039 3.4217918520457125
4130.218078324226 3.285789060455378
4140.227167577414 3.0371630463229518
4150.236256830602 2.9632731396667538
4160.245346083789 2.672860507720492
4170.254435336976 2.4724766640495504
4180.263524590164 2.37084532844805
4190.272613843352 2.1126232225420916
4200.28170309654 1.958126144988223
4210.290792349727 1.859373636918782
4220.299881602914 1.7506760882840442
4230.308970856102 1.5426153711942772
4240.31806010929 1.4979499258483815
4250.327149362478 1.4347029573410102
4260.336238615665 1.5112099799354444
4270.345327868852 1.4810259094477884
4280.35441712204 1.5061502224548546
4290.363506375228 1.5203698857192707
4300.372595628416 1.6679752246357846
4310.381684881603 1.7429992148652185
4320.39077413479 1.8908662653755561
4330.399863387978 1.897845241210852
4340.408952641166 2.0252115502050074
4350.418041894353 2.09508854575591
4360.42713114754 2.1627409927593124
4370.436220400728 2.3899502747971733
4380.445309653916 2.509029049986914
4390.454398907104 2.6657942946872546
4400.4634881602915 2.7321818023205093
4410.472577413479 2.779202652010817
4420.481666666667 2.7595742824740466
4430.490755919855 2.7634999563814007
4440.499845173043 2.6515746314228386
4450.50893442623 2.621303323737241
4460.518023679417 2.513390909883974
4470.527112932605 2.470382971298962
4480.536202185793 2.3468550990142196
4490.545291438981 2.354706446828928
4500.554380692168 2.2763674430777283
4510.563469945355 2.193492105033586
4520.572559198543 2.1872110267818194
4530.581648451731 2.0667364564250192
4540.590737704919 2.0547849603070745
4550.599826958105 1.9274186513129197
4560.608916211293 1.9140713600279156
4570.618005464481 1.8810084620082002
4580.627094717669 1.8858065078949664
4590.636183970856 1.7710023554043441
4600.645273224043 1.7420396056878653
4610.654362477231 1.7088894704702082
4620.663451730419 1.6545406961528395
4630.672540983607 1.602634563377824
4640.681630236794 1.5493326354357497
4650.690719489981 1.5379917997033934
4660.699808743169 1.4977754514524992
4670.708897996357 1.5289191311175083
4680.717987249545 1.554130681322516
4690.727076502732 1.545145249934572
4700.7361657559195 1.5363342929425106
4710.7452550091075 1.5536072581348688
4720.7543442622955 1.5136090028788274
4730.7634335154835 1.4706446828927855
4740.772522768671 1.4927156939719095
4750.781612021858 1.3834074849515834
4760.790701275046 1.3078600715345023
4770.799790528234 1.295734101020675
4780.808879781422 1.226206054261537
4790.817969034608 1.2144290325394747
4800.827058287796 1.1742999214865217
4810.836147540984 1.1859024688127016
4820.845236794172 1.1844194364477012
4830.854326047359 1.1705487219750499
4840.863415300546 1.1866003663962312
4850.872504553734 1.1980284393265288
4860.881593806922 1.2205356363953588
4870.89068306011 1.278810084620082
4880.899772313297 1.3127453546192096
4890.908861566484 1.3136177265986215
4900.917950819672 1.3321992497600976
4910.92704007286 1.3797435226380528
4920.936129326048 1.4461310302713077
4930.945218579235 1.4593038471604292
4940.954307832422 1.5438366919654538
4950.96339708561 1.5686120561807555
4960.972486338798 1.683677920265201
4970.981575591986 1.73802669458257
4980.990664845173 1.8079036901334729
4990.99975409836 1.8769083137049636
5001.008843351548 1.901683677920265
5011.017932604736 1.9967722236761754
5021.027021857924 2.029486172904126
5031.036111111111 2.126930123004449
5041.045200364299 2.183285352874466
5051.054289617487 2.195324086190351
5061.063378870675 2.191747361074762
5071.072468123862 2.219401552822123
5081.081557377049 2.212422576986827
5091.090646630237 2.245005670417866
5101.099735883425 2.247230218965367
5111.108825136613 2.2579603943121342
5121.1179143898 2.269126755648608
5131.127003642987 2.288318939195673
5141.136092896175 2.3364738724592167
5151.145182149363 2.3426677135130416
5161.154271402551 2.2822995725377297
5171.163360655738 2.186949315187996
5181.172449908925 2.163133560150048
5191.181539162113 2.137834772747099
5201.190628415301 2.0473697984820727
5211.199717668489 1.9882229782779375
5221.208806921675 1.9928465497688213
5231.217896174863 1.9876995550902903
5241.226985428051 1.9587368053738112
5251.236074681239 1.9109308209020326
5261.245163934426 1.899502747971735
5271.254253187613 1.9282037860943906
5281.263342440801 1.896449446043793
5291.272431693989 1.8588502137311347
5301.281520947177 1.8468114804152491
5311.290610200364 1.8250894181278896
5321.2996994535515 1.8500392567390735
5331.3087887067395 1.8131379220099448
5341.3178779599275 1.7516356974613974
5351.3269672131155 1.7271220448399194
5361.336056466303 1.7097618424496204
5371.34514571949 1.6739945912937275
5381.354234972678 1.6273226903951843
5391.363324225866 1.6083049812440022
5401.372413479054 1.5604117595742824
5411.381502732241 1.596004536334293
5421.390591985428 1.5830934310389948
5431.399681238616 1.6305504667190087
5441.408770491804 1.67198813574108
5451.417859744992 1.6816714647125535
5461.426948998178 1.6884759661519668
5471.436038251366 1.728168891215214
5481.445127504554 1.7081043356887373
5491.454216757742 1.737677745790805
5501.463306010929 1.713076855971386
5511.472395264116 1.7529442554305155
5521.481484517304 1.7338393090813922
5531.490573770492 1.7789409404169936
5541.49966302368 1.7797260751984645
5551.508752276867 1.7920265201081742
5561.517841530054 1.7919392829102327
5571.526930783242 1.8139230567914157
5581.53602003643 1.7986565471517053
5591.545109289618 1.757567826921399
5601.554198542804 1.7744918433219925
5611.563287795992 1.7499781907005145
5621.57237704918 1.7343627322690394
5631.581466302368 1.7486696327313966
5641.590555555556 1.6671028526563725
5651.599644808743 1.6295908575416556
5661.608734061931 1.6038558841490012
5671.617823315119 1.5982727034807642
5681.626912568307 1.5467155194975137
5691.636001821495 1.5092907615807378
5701.645091074681 1.4669371019802844
5711.654180327869 1.4646253162348426
5721.663269581057 1.4513652621477797
5731.672358834245 1.4545930384716041
5741.681448087433 1.4642763674430777
5751.690537340619 1.4437756259268952
5761.699626593807 1.4900985780336733
5771.708715846995 1.440722323998953
5781.717805100183 1.4475268254383669
5791.72689435337 1.4702084969030795
5801.735983606557 1.4382796824565993
5811.745072859745 1.4395010032277764
5821.754162112933 1.3723283608130505
5831.763251366121 1.392741865131292
5841.772340619307 1.3469423362121606
5851.781429872495 1.2385937363691877
5861.790519125683 1.19087498909535
5871.799608378871 1.0925586670156153
5881.808697632059 1.0020936927505888
5891.817786885245 0.9622262932914594
5901.826876138433 0.8500305330192793
5911.835965391621 0.809439064817238
5921.845054644809 0.7118729826397975
5931.854143897997 0.7119340486783564
5941.8632331511835 0.6917429992148652
5951.8723224043715 0.6515659077030445
5961.8814116575595 0.6404082700863648
5971.8905009107475 0.6468202041350432
5981.8995901639355 0.5975486347378522
5991.908679417122 0.6126842885806507
6001.91776867031 0.6145860594957689
6011.926857923498 0.5766640495507284
6021.935947176686 0.6051993369972957
6031.945036429873 0.6162086713774753
6041.95412568306 0.6259966849864782
6051.963214936248 0.6442379830759836
6061.972304189436 0.677501526650964
6071.981393442624 0.7187036552385937
6081.99048269581 0.743758178487307
6091.999571948998 0.7941114891389688
6102.008661202186 0.8041350431824129
6112.017750455374 0.8630550466719008
6122.026839708562 0.9327401203873331
6132.035928961748 0.9760970077641106
6142.045018214936 1.0299223588938322
6152.054107468124 1.0691790979673732
6162.063196721312 1.0883712815144377
6172.0722859745 1.1452499345721014
6182.081375227686 1.2604030358544882
6192.090464480874 1.215170548721975
6202.099553734062 1.2582221059059582
6212.10864298725 1.3357759748756868
6222.117732240437 1.3180668236936228
6232.126821493624 1.3454593038471603
6242.135910746812 1.36212160865393
6252.145 1.373375207188345
6262.154089253188 1.3749454767512865
6272.163178506375 1.3495594521503969
6282.172267759563 1.4314751810171855
6292.181357012751 1.3644770129983423
6302.190446265939 1.4329582133821859
6312.199535519127 1.3806595132164352
6322.208624772313 1.3460699642327487
6332.217714025501 1.3744220535636396
6342.226803278689 1.351391433307162
6352.235892531877 1.3455465410451015
6362.244981785065 1.3793073366483468
6372.254071038251 1.3308034545930385
6382.263160291439 1.3232138183721538
6392.272249544627 1.3107388990665618
6402.281338797815 1.296606473000087
6412.290428051003 1.2863124836430253
6422.299517304189 1.2869231440286137
6432.308606557377 1.2863561022419958
6442.317695810565 1.3139666753903863
6452.326785063753 1.2817761493500828
6462.33587431694 1.274099275931257
6472.344963570127 1.261624356625665
6482.354052823315 1.2675564860856667
6492.363142076503 1.244351391433307
6502.372231329691 1.2686033324609611
6512.381320582877 1.2219314315624181
6522.390409836065 1.1879961615632906
6532.399499089253 1.215475878914769
6542.408588342441 1.2050074151618249
6552.417677595629 1.177876646602111
6562.4267668488155 1.1462531623484253
6572.4358561020035 1.1425455814359242
6582.4449453551915 1.1706359591729913
6592.4540346083795 1.127366308994155
6602.4631238615675 1.1706359591729913
6612.472213114754 1.0948268341620866
6622.481302367942 1.1030271307685597
6632.49039162113 1.0907266858588502
6642.499480874318 1.0506848120038383
6652.508570127506 1.0560935182761928
6662.517659380692 1.0357672511558926
6672.52674863388 1.0213731134955943
6682.535837887068 1.0
6692.544927140256 0.9848207275582307
6702.554016393442 0.9925848381749978
6712.56310564663 0.9800226816714647
6722.572194899818 0.9574282474046932
6732.581284153006 0.9665881531885195
6742.590373406194 0.9503620343714559
6752.59946265938 0.9406787053999824
6762.608551912568 0.9507109831632207
6772.617641165756 0.9183459827270347
6782.626730418944 0.9046497426502659
6792.635819672132 0.9152926807990928
6802.644908925318 0.9023815755037948
6812.653998178506 0.899502747971735
6822.663087431694 0.901160254732618
6832.672176684882 0.9362296083049811
6842.68126593807 0.8940068045014393
6852.6903551912565 0.8844107127279071
6862.699444444444 0.893832330105557
6872.708533697632 1.0554828578906046
6882.71762295082 0.9321294600017447
6892.7267122040075 0.9303847160429205
6902.735801457195 0.8980197156067347
6912.744890710383 0.8695891127976968
6922.753979963571 0.8680275669545494
6932.763069216759 0.8693012300444909
6942.772158469945 0.8961004972520282
6952.781247723133 0.8565122568263106
6962.790336976321 0.8333682282125097
6972.799426229509 0.8611271045974003
6982.808515482697 0.8587717002529878
6992.817604735883 0.8283084707319199
7002.826693989071 0.842964319986042
7012.835783242259 0.8217918520457121
7022.844872495447 0.8286050772049202
7032.853961748635 0.8327139492279508
7042.863051001821 0.8296039431213469
7052.872140255009 0.8297391607781558
7062.881229508197 0.8220797347989183
7072.890318761385 0.8400593212945999
7082.899408014573 0.8585361598185466
7092.908497267759 0.8388903428421878
7102.917586520947 0.8179446916165052
7112.926675774135 0.8321032888423623
7122.935765027323 0.8059931954985605
7132.94485428051 0.7991276280205878
7142.953943533697 0.7955247317456162
7152.963032786885 0.7845939108435837
7162.972122040073 0.7723807031318153
7172.981211293261 0.781645293553171
7182.9903005464475 0.7745005670417865
7192.9993897996355 0.7845764634039954
7203.0084790528235 0.7757218878129634
7213.0175683060115 0.7337782430428335
7223.0266575591995 0.7272703480764198
7233.035746812386 0.7399633603768647
7243.044836065574 0.7909796737328797
7253.053925318762 0.7250545232487131
7263.06301457195 0.6933525255168803
7273.072103825138 0.690351565907703
7283.081193078324 0.6769432085841403
7293.090282331512 0.6701997731832853
7303.0993715847 0.6639535898106952
7313.108460837888 0.6619994765768122
7323.117550091076 0.6673296693710198
7333.126639344262 0.6266422402512432
7343.13572859745 0.6417517229346593
7353.144817850638 0.63584576463404
7363.153907103826 0.6291372241123615
7373.162996357012 0.6067347116810607
7383.1720856102 0.5943383058536159
7393.181174863388 0.6021460350693535
7403.190264116576 0.5748320683939631
7413.199353369764 0.5646994678530926
7423.20844262295 0.556608217744046
7433.217531876138 0.5674692488877257
7443.226621129326 0.5451888685335426
7453.235710382514 0.538105208060717
7463.244799635702 0.5453982378086015
7473.2538888888885 0.5431911367006892
7483.2629781420765 0.5308383494722149
7493.2720673952645 0.5194800663002703
7503.281156648452 0.4953502573497339
7513.29024590164 0.476777457908052
7523.299335154827 0.47263369100584485
7533.308424408015 0.427218005757655
7543.317513661203 0.39067434354008546
7553.326602914391 0.37555613713687513
7563.335692167578 0.36776585536072576
7573.344781420765 0.3289016836779202
7583.353870673953 0.2929250632469685
7593.362959927141 0.26049899677222366
7603.372049180329 0.526633516531449
7613.381138433516 0.3295734101020675
7623.390227686703 0.25631161127104596
7633.399316939891 0.23448486434615717
7643.408406193079 0.1801622611881706
7653.417495446267 0.16431126232225418
7663.426584699454 0.13622088458518714
7673.435673952641 0.11886068219488789
7683.444763205829 0.11797958649568176
7693.453852459017 0.1054784960307075
7703.462941712204 0.10385588414900111
7713.472030965391 0.1015615458431475
7723.481120218579 0.10171857279944167
7733.490209471767 0.08123615109482682
7743.499298724955 0.08359940678705399
7753.508387978142 0.0984471778766466
7763.517477231329 0.0914594783215563
7773.526566484517 0.08563639535898107
7783.535655737705 0.08661606909186076
7793.544744990893 0.09658030184070486
7803.5538342440805 0.08364477012998342
7813.562923497268 0.10777283433656111
7823.5720127504555 0.0979324784087935
7833.5811020036435 0.1012474919305592
7843.5901912568315 0.10002617115938235
7853.599280510019 0.09019453895140887
7863.608369763206 0.08333507807729215
7873.617459016394 0.09769693797435225
7883.626548269582 0.1216697199685946
7893.63563752277 0.12375468899938934
7903.644726775957 0.10369885719270695
7913.653816029144 0.12739248015353746
7923.662905282332 0.12459216609962487
7933.67199453552 0.11900026171159382
7943.681083788707 0.13511297217133383
7953.690173041894 0.1264590421355666
7963.699262295082 0.14921922707842622
7973.70835154827 0.16149350082875336
7983.717440801458 0.14525865829189566
7993.726530054645 0.16956294163831456
8003.735619307832 0.17701299834249323
8013.74470856102 0.18573671813661347
8023.753797814208 0.19953764285091163
8033.762887067396 0.1847683852394661
8043.771976320583 0.20239902294338305
8053.78106557377 0.21153275756782688
8063.790154826958 0.23428421879089242
8073.799244080146 0.2255604989967722
8083.808333333334 0.2321294600017447
8093.817422586521 0.2569920614149873
8103.8265118397085 0.2667015615458431
8113.8356010928965 0.2740643810520806
8123.8446903460845 0.28496030707493675
8133.853779599272 0.3185640757218878
8143.862868852459 0.3232792462706098
8153.871958105647 0.3466282822995725
8163.881047358835 0.3385675652098054
8173.890136612023 0.3653406612579604
8183.89922586521 0.4156241821512693
8193.908315118397 0.4006106603855884
8203.917404371585 0.4370758091250109
8213.926493624773 0.43540957864433394
8223.93558287796 0.47184855622437405
8233.944672131147 0.4929512344063508
8243.953761384335 0.4760184942859635
8253.962850637523 0.500663002704353
8263.971939890711 0.4928509116287184
8273.981029143899 0.5453022768908662
8283.990118397087 0.563569746139754
8293.999207650273 0.604579952891913
8304.008296903461 0.5936229608304981
8314.017386156649 0.5906656198202913
8324.026475409837 0.5932740120387333
8334.035564663023 0.6289365785570967
8344.044653916211 0.6410887202303062
8354.0537431694 0.6361685422664223
8364.062832422587 0.6509814184768384
8374.071921675775 0.6569397190962226
8384.081010928961 0.6648739422489749
8394.09010018215 0.6670243391782255
8404.099189435337 0.6825351129721713
8414.108278688525 0.6807990927331414
8424.117367941712 0.657262496728605
8434.1264571949 0.6927767600104684
8444.135546448088 0.6739596964145511
8454.144635701276 0.6986565471517053
8464.153724954464 0.6934833813137922
8474.162814207652 0.679254994329582
8484.171903460838 0.6523423187647213
8494.180992714026 0.674893134432522
8504.190081967214 0.6676001046846375
8514.199171220402 0.642968681845939
8524.208260473588 0.6379743522638053
8534.217349726776 0.6362993980633341
8544.226438979964 0.603995463665707
8554.235528233152 0.6461135828317194
8564.24461748634 0.6131291982901509
8574.253706739528 0.6225595393875948
8584.262795992714 0.5933612492366745
8594.271885245902 0.6232661606909186
8604.28097449909 0.5931431562418215
8614.290063752276 0.6005146994678531
8624.299153005464 0.6197592253336822
8634.308242258652 0.6290150920352438
8644.31733151184 0.6033062898019715
8654.326420765028 0.6165140015702695
8664.335510018216 0.5906220012213207
8674.344599271402 0.5942161737764983
8684.35368852459 0.574893134432522
8694.362777777778 0.5398848468987175
8704.371867030966 0.5843845415685248
8714.380956284152 0.5443339439937189
8724.39004553734 0.5640408270086364
8734.399134790528 0.5418476838523946
8744.408224043716 0.5244787577423012
8754.417313296904 0.5182194887900201
8764.426402550092 0.5366134519759225
8774.435491803279 0.5523684899241036
8784.444581056467 0.5292331850300968
8794.453670309655 0.5120300095960917
8804.46275956284 0.48377388118293635
8814.471848816029 0.4840094216173776
8824.480938069217 0.4742214080083747
8834.490027322405 0.5057925499432958
8844.499116575593 0.45913809648434084
8854.50820582878 0.4758527436098752
8864.517295081967 0.4818023205094652
8874.526384335155 0.46756084794556396
8884.535473588343 0.5194015528221233
8894.544562841531 0.4908662653755561
8904.553652094717 0.5357410799965105
8914.562741347905 0.48312832591817145
8924.571830601093 0.5378871150658641
8934.580919854281 0.488537032190526
8944.590009107469 0.47894094041699375
8954.599098360657 0.4649393701474308
8964.608187613843 0.457332286486958
8974.617276867031 0.5005321469074413
8984.62636612022 0.4700427462269911
8994.635455373405 0.5520544360115153
