3508.1055100182148 2.0519344458579662
3518.1165300546445 0.8983012796527726
3528.1275500910747 1.8184539399835367
3538.1385701275044 0.7641248222704483
3548.1495901639346 1.4977924118835593
3558.1606102003643 1.3160218513806778
3568.171630236794 1.4249794207887452
3578.1826502732238 1.5831774302177655
3588.193670309654 0.5704707026865224
3598.2046903460837 2.368480131706952
3608.2157103825134 1.8737558931377687
3618.2267304189436 0.5898675447130135
3628.2377504553733 1.2762478485370052
3638.248770491803 1.4190675746464119
3648.2597905282328 1.4717503554591036
3658.270810564663 0.7067275312429845
3668.2818306010927 0.18411284891117266
3678.292850637523 0.4911546808351418
3688.3038706739526 0.6072887824590286
3698.3148907103823 0.44144278979271123
3708.325910746812 0.9209758287809624
3718.336930783242 0.26351118760757314
3728.347950819672 0.6427523759634813
3738.358970856102 0.5122502432088604
3748.369990892532 0.8365262291401632
3758.3810109289616 -0.18813889096759712
3768.3920309653913 0.008944099378881989
3778.4030510018215 0.6601137469131183
3788.414071038251 0.610581456259822
3798.425091074681 1.3517922622165681
3808.436111111111 0.6775649180573224
3818.447131147541 0.7777445184464568
3828.4581511839706 0.5394746688617825
3838.4691712204008 1.23146000149667
3848.4801912568305 0.8203996108658235
3858.49121129326 1.1636608545985183
3868.5022313296904 1.13230561999551
3878.51325136612 0.9371772805507745
3888.52427140255 1.065628975529447
3898.5352914389796 1.2227793160218514
3908.5463114754098 1.3920526827808128
3918.5573315118395 1.7574646411733892
3928.5683515482697 1.8868517548454689
3938.5793715846994 2.0840380154157003
3948.590391621129 1.8302776322682033
3958.601411657559 2.106862231534835
3968.612431693989 1.8651500411584225
3978.6234517304188 2.2060914465314676
3988.6344717668485 2.288333458055826
3998.6454918032787 2.4128189777744518
4008.6565118397084 2.3373493975903616
4018.667531876138 2.648881239242685
4028.6785519125683 2.487989223976652
4038.689571948998 2.336526229140163
4048.7005919854278 2.252338546733518
4058.711612021858 2.3954201900770786
4068.7226320582877 2.3939983536630995
4078.7336520947174 2.266856244855197
4088.744672131147 2.3227568659732096
4098.755692167577 2.4019307041831928
4108.7667122040075 2.3173688542991844
4118.777732240436 2.456633989373644
4128.788752276867 2.388123924268503
4138.799772313297 2.4576816583102596
4148.810792349726 2.6184988400808202
4158.821812386157 2.438898450946644
4168.832832422586 2.522038464416673
4178.8438524590165 2.639527052308613
4188.854872495445 2.657786425203921
4198.865892531876 2.559380378657487
4208.876912568307 2.2934969692434333
4218.887932604735 2.4241562523385465
4228.898952641166 2.2958916410985557
4238.909972677595 2.4018558706877196
4248.9209927140255 2.0342363241787025
4258.932012750455 2.141285639452219
4268.943032786885 2.202798772730674
4278.954052823316 1.905634962209085
4288.965072859744 1.9506098929881015
4298.976092896175 1.735613260495398
4308.987112932604 1.9180573224575321
4318.9981329690345 1.7136122128264613
4329.009153005464 1.5728504078425505
4339.020173041894 1.3469280850108507
4349.031193078325 1.6124373269475418
4359.042213114753 1.3589762777819352
4369.053233151184 1.2394671855122352
4379.064253187613 1.1509765771159173
4389.0752732240435 1.4698795180722892
4399.086293260474 1.6073486492554068
4409.097313296903 1.4466811344757915
4419.108333333334 1.4201152435830278
4429.119353369762 1.4337349397590362
4439.130373406193 1.6117638254882887
4449.141393442623 1.6761954650901745
4459.1524134790525 1.795405223377984
4469.163433515483 1.9411808725585573
4479.174453551912 1.6636234378507821
4489.185473588343 1.451994312654344
4499.196493624771 1.6533712489710395
4509.207513661202 1.412557060540298
4519.218533697632 1.5488288557958543
4529.2295537340615 1.6407243882361746
4539.240573770492 1.8643268727082243
4549.251593806921 1.8548230187832075
4559.262613843352 1.8097732545087182
4569.273633879781 1.937214697298511
4579.284653916211 1.7860510364439124
4589.295673952641 1.898974781112026
4599.3066939890705 1.950535059492629
4609.317714025501 2.0104766893661603
4619.32873406193 1.9293571802738907
4629.339754098361 1.8801915737484098
4639.35077413479 1.9839107984733968
4649.36179417122 2.020579211254958
4659.372814207651 1.7370350969093766
4669.3838342440795 1.9285340118236924
4679.39485428051 1.6092943201376937
4689.405874316939 1.7833570306068998
4699.41689435337 1.6184240065853475
4709.427914389799 1.6574122577265584
4719.438934426229 1.6481329042879593
4729.44995446266 1.6485070717653223
4739.4609744990885 1.7222180648058072
4749.471994535519 1.4615355833270973
4759.483014571949 1.547107685399985
4769.494034608379 1.3889096759709645
4779.505054644808 1.5260046396767193
4789.516074681238 1.3775349846591336
4799.527094717669 1.4629200029933398
4809.5381147540975 1.3015041532589988
4819.549134790528 1.4076928833345805
4829.560154826958 1.2524133802289905
4839.571174863388 1.4479533038988253
4849.582194899818 1.372521140462471
4859.593214936247 1.6303225323654869
4869.604234972678 1.4389732844421164
4879.6152550091065 1.43268727082242
4889.626275045537 1.4607498316246352
4899.637295081967 1.4198159096011373
4909.648315118397 1.3333083888348425
4919.659335154827 1.2515153782833197
4929.670355191256 1.144578313253012
4939.681375227687 1.311831175634214
4949.692395264116 1.1301354486268054
4959.703415300546 1.1650826910124974
4969.714435336976 1.1536331662051935
4979.725455373406 1.0434782608695654
4989.736475409836 1.11195090922697
4999.747495446265 1.0364439122951434
5009.758515482696 1.2337050063608472
5019.769535519125 1.1608920152660331
5029.780555555555 1.1538576666916112
5039.791575591986 1.0889021926214173
5049.802595628415 1.1725660405597547
5059.813615664845 1.0871810222255482
5069.824635701274 1.1727157075506998
5079.835655737705 1.3452817481104542
5089.846675774134 1.3167701863354038
5099.857695810564 1.3396692359500113
5109.868715846995 1.370051635111876
5119.879735883424 1.4460824665120109
5129.890755919854 1.5326274040260421
5139.901775956284 1.432911771308838
5149.912795992714 1.4999625832522638
5159.923816029143 1.3626431190600914
5169.934836065573 1.5907356132604955
5179.945856102004 1.5834767641996559
5189.956876138433 1.6541195839257652
5199.967896174863 1.5878919404325378
5209.978916211293 1.4805058744293946
5219.989936247723 1.555040035920078
5230.000956284153 1.6077228167327697
5240.011976320582 1.5191199580932426
5250.022996357013 1.5559380378657488
5260.034016393442 1.6663922771832673
5270.045036429872 1.6627254359051113
5280.056056466302 1.6351118760757317
5290.067076502732 1.5958242909526303
5300.078096539162 1.4913567312729177
5310.089116575591 1.4698795180722892
5320.100136612022 1.4412931228017662
5330.1111566484515 1.4326124373269475
5340.122176684881 1.3229813664596273
5350.133196721311 1.3803786574870913
5360.144216757741 1.3769363166953528
5370.155236794171 1.2389433510439274
5380.1662568306 1.2560802215071467
5390.177276867031 1.1935942527875476
5400.1882969034605 1.2350520092793535
5410.19931693989 1.0752076629499365
5420.210336976321 1.2438823617451171
5430.22135701275 1.3056199955099903
5440.23237704918 1.2213574796078726
5450.243397085609 1.2494200404100877
5460.25441712204 1.2716455885654419
5470.2654371584695 1.3681059642295892
5480.276457194899 1.3259747062785303
5490.28747723133 1.1920975828780962
5500.298497267759 1.238644017062037
5510.309517304189 1.1390406345880417
5520.320537340619 1.1749607124148769
5530.331557377049 1.2285414951732396
5540.3425774134785 1.1262441068622315
5550.353597449908 1.1627628526528475
5560.364617486339 1.1508643268727081
5570.375637522768 1.115093916036818
5580.386657559198 1.211629125196438
5590.397677595628 1.2744892613933996
5600.408697632058 1.1330539549502359
5610.4197176684875 1.2704482526378809
5620.430737704917 1.2901294619471675
5630.441757741348 1.1977849285340119
5640.452777777778 1.2114794582054929
5650.463797814207 1.2185138067799148
5660.474817850637 1.1387413006061513
5670.485837887067 1.239167851530345
5680.496857923497 1.1878320736361596
5690.507877959926 1.3182668562448552
5700.518897996357 1.1415849734341093
5710.529918032787 1.352166429693931
5720.540938069216 1.3608471151687496
5730.551958105646 1.4071690488662725
5740.562978142076 1.4358302776322684
5750.573998178506 1.3770111501908255
5760.585018214936 1.3260495397740029
5770.596038251366 1.311307341165906
5780.607058287796 1.2789044376262815
5790.618078324225 1.1865599042131258
5800.629098360655 1.284816283768615
5810.640118397085 1.3027763226820324
5820.651138433515 1.221806480580708
5830.662158469945 1.2472498690413831
5840.673178506375 1.1797500561251217
5850.684198542805 1.1738382099827884
5860.695218579234 1.2125271271421088
5870.706238615665 1.1917234154007335
5880.717258652094 1.257988475641697
5890.728278688524 1.1590960113746913
5900.739298724954 1.1006510514106114
5910.750318761384 1.1515378283319615
5920.761338797814 1.151238494350071
5930.772358834243 1.2234528174811046
5940.783378870674 1.2057172790541046
5950.794398907104 1.1579735089426029
5960.805418943533 1.1736137094963706
5970.816438979963 1.1860360697448178
5980.827459016393 1.1432313103345058
5990.838479052823 1.2411883559081045
6000.849499089252 1.3132530120481927
6010.860519125683 1.2708972536107161
6020.871539162113 1.1306592830951134
6030.882559198542 1.251141210805957
6040.893579234972 1.143006809848088
6050.904599271402 1.171593205118611
6060.9156193078325 1.110379405822046
6070.926639344261 1.1201077602334806
6080.937659380692 1.0799221731647084
6090.948679417122 1.067948813889097
6100.959699453551 1.063533637656215
6110.970719489981 0.9946868218214473
6120.981739526411 0.9134176457382325
6130.9927595628415 0.7941704707026866
6141.003779599271 0.8651500411584225
6151.014799635701 0.8389583177430219
6161.025819672131 0.7834318641023722
6171.03683970856 0.7504302925989673
6181.04785974499 0.7004864177205717
6191.05887978142 0.6237521514629949
6201.0698998178505 0.6111950909226971
6211.08091985428 0.6201975604280475
6221.09193989071 0.6826161790017212
6231.10295992714 0.6978896954276735
6241.113979963569 0.6871660555264537
6251.125 0.7496295741974107
6261.136020036429 0.7381126992441818
6271.147040072859 0.7397291027463893
6281.158060109289 0.8394821522113298
6291.169080145719 0.8242909526303974
6301.180100182149 0.8179301055152286
6311.191120218578 0.9130434782608696
6321.202140255009 0.8936616029334731
6331.213160291439 0.9761281149442491
6341.224180327868 1.0011225024320887
6351.235200364298 0.9636309212003293
6361.246220400728 1.0578462920002993
6371.257240437158 1.0915213649629574
6381.268260473587 1.070567986230637
6391.279280510018 1.0908478635037042
6401.290300546448 1.1983835964977925
6411.301320582877 1.1195839257651725
6421.312340619307 1.1493676569632567
6431.323360655737 1.2317593354785603
6441.3343806921675 1.1465988176307715
6451.345400728596 1.1778043852428348
6461.356420765027 1.1876824066452145
6471.367440801457 1.1926214173464043
6481.378460837886 1.1097807378582654
6491.389480874316 1.1715183716231385
6501.400500910746 1.1548679188804911
6511.4115209471765 1.152136496295742
6521.422540983606 1.1820698944847714
6531.433561020036 1.1591708448701639
6541.444581056466 1.1546060016463369
6551.455601092895 1.1788520541794507
6561.466621129326 1.0963855421686748
6571.477641165755 1.0992292149966325
6581.4886612021855 1.1436803113073413
6591.499681238615 1.045274264760907
6601.510701275045 1.102297388311008
6611.521721311475 1.103868891715932
6621.532741347904 1.0603532140986305
6631.543761384335 1.090548529521814
6641.554781420764 1.056499289081793
6651.5658014571945 1.0
6661.576821493624 1.0872558557210208
6671.587841530054 0.9786724537903165
6681.598861566484 0.9898974781112025
6691.609881602913 0.9827134625458355
6701.620901639344 1.0160892015266032
6711.631921675774 1.1100052383446832
6721.6429417122035 1.011075357329941
6731.653961748633 1.09421537079997
6741.664981785063 0.998428496595076
6751.676001821494 0.970253685549652
6761.687021857922 0.9684950984060466
6771.698041894353 1.011075357329941
6781.709061930783 0.9506847264835742
6791.7200819672125 0.9094514704781861
6801.731102003642 0.903315123849435
6811.742122040072 0.9200778268352915
6821.753142076503 0.969842101324553
6831.764162112931 0.9363915288483126
6841.775182149362 0.8977774451844646
6851.786202185792 0.9793459552495697
6861.7972222222215 0.8828107460899499
6871.808242258651 0.9555489036892914
6881.819262295081 0.9473920526827808
6891.830282331512 0.837012646860735
6901.841302367941 0.9091521364962957
6911.852322404371 0.8566190226745491
6921.863342440801 0.9021177879218738
6931.8743624772305 0.8414278230936167
6941.885382513661 0.9039137918132156
6951.89640255009 0.8826610790990047
6961.907422586521 0.8885729252413381
6971.91844262295 0.8817630771533338
6981.92946265938 0.7972760607647984
6991.94048269581 0.8175559380378659
7001.9515027322395 0.8074534161490683
7011.96252276867 0.8453939983536631
7021.973542805099 0.8636533712489711
7031.98456284153 0.8400059866796378
7041.995582877959 0.7963032253236549
7052.006602914389 0.8074534161490683
7062.017622950819 0.8184539399835367
7072.0286429872485 0.8241412856394522
7082.039663023679 0.8465165007857517
7092.050683060109 0.8800419067574646
7102.061703096539 0.8319988026640724
7112.072723132968 0.8123175933547857
7122.083743169398 0.7970515602783806
7132.094763205829 0.828930629349697
7142.1057832422575 0.817855272019756
7152.116803278688 0.7182518895457608
7162.127823315118 0.731811718925391
7172.138843351548 0.7556686372820475
7182.149863387977 0.7614308164334357
7192.160883424407 0.8041607423482752
7202.171903460838 0.8484621716680386
7212.1829234972665 0.8206989448477139
7222.193943533697 0.8005687345655916
7232.204963570127 0.7754246800868069
7242.215983606557 0.869265883409414
7252.227003642986 0.7377722068397815
7262.238023679416 0.8170321035695577
7272.249043715847 0.7760233480505874
7282.260063752276 0.77609818154606
7292.271083788706 0.7827583626431192
7302.282103825136 0.7452218813140762
7312.293123861566 0.758736810596423
7322.304143897996 0.7477886702087854
7332.315163934425 0.7008306517997456
7342.326183970856 0.8103719224724988
7352.337204007285 0.7517024620220011
7362.348224043715 0.7181995060989299
7372.359244080145 0.7738157599341464
7382.370264116575 0.7309885504751927
7392.381284153005 0.743178926887675
7402.392304189434 0.7671929955848238
7412.403324225865 0.6817930105515229
7422.414344262294 0.7508792935718028
7432.425364298724 0.6937364364289457
7442.436384335154 0.7083214846965501
7452.447404371584 0.7087405522711966
7462.458424408014 0.7434782608695653
7472.469444444444 0.7444959964079922
7482.480464480874 0.7475716530719151
7492.491484517303 0.6933024021552047
7502.502504553733 0.7674923295667141
7512.513524590164 0.7754995135822794
7522.524544626593 1.0428795929057846
7532.535564663023 0.9221731647085236
7542.546584699453 0.6905709795704558
7552.557604735883 0.7437850782010028
7562.568624772312 0.6550849360173614
7572.579644808742 0.7432163436354112
7582.590664845173 0.6973883110080072
7592.601684881602 0.6992741150939161
7602.612704918032 0.780663024769887
7612.623724954462 0.7623288183791065
7622.634744990892 0.6618760757314975
7632.645765027321 0.6519419292075133
7642.656785063751 0.6516351118760758
7652.667805100181 0.5782908029634064
7662.6788251366115 0.6357255107386066
7672.689845173041 0.569438000449001
7682.700865209471 0.631953902566789
7692.711885245901 0.6382174661378432
7702.72290528233 0.6497343410910723
7712.733925318761 0.7077228167327696
7722.744945355191 0.6456858489860061
7732.7559653916205 0.6893586769438
7742.76698542805 0.6257502057921126
7752.77800546448 0.6537454164484023
7762.78902550091 0.6588939609369154
7772.800045537339 0.6045049764274489
7782.81106557377 0.62829454463818
7792.8220856102 0.6622240514854448
7802.8331056466295 0.6229439497118912
7812.844125683059 0.6511935942527876
7822.855145719489 0.7119359425278755
7832.86616575592 0.6617002170171369
7842.877185792349 0.6553543366010627
7852.888205828779 0.622854149517324
7862.899225865209 0.7032328070044152
7872.9102459016385 0.6141210805956746
7882.921265938068 0.6247549203023273
7892.932285974498 0.62791289381127
7902.943306010929 0.5618049839107985
7912.954326047358 0.6590810446755968
7922.965346083788 0.5889695427673427
7932.976366120218 0.5859313028511561
7942.9873861566475 0.5963032253236549
7952.998406193077 0.566616777669685
7963.009426229507 0.5620743844944998
7973.020446265938 0.5066751477961535
7983.031466302367 0.5020205043777595
7993.042486338797 0.5582878096235875
8003.053506375227 0.4582765845992667
8013.0645264116565 0.4423931751852129
8023.075546448087 0.38131407618049845
8033.086566484517 0.4332036219411809
8043.097586520947 0.38959066077976506
8053.108606557376 0.44863428870762556
8063.119626593806 0.384531916485819
8073.130646630236 0.3858040859088528
8083.1416666666655 0.38778717353887604
8093.152686703096 0.33818753273965424
8103.163706739526 0.32885579585422436
8113.174726775956 0.3796901893287436
8123.185746812385 0.35671630621866346
8133.196766848815 0.33503704258025896
8143.207786885245 0.35011599191798254
8153.2188069216745 0.37710843373493974
8163.229826958105 0.4011748858789194
8173.240846994535 0.43554591034947243
8183.251867030965 0.3599790466212677
8193.262887067394 0.430008231684502
8203.273907103823 0.41908254134550627
8213.284927140256 0.3902940956372072
8223.295947176684 0.4553618199506099
8233.306967213113 0.42753872633390705
8243.317987249544 0.49467185512235273
8253.329007285975 0.44774002843672833
8263.340027322403 0.5075282496445409
8273.351047358832 0.42368480131706954
8283.362067395265 0.5125645438898451
8293.373087431693 0.48532515153782835
8303.384107468122 0.4929581680760308
8313.395127504553 0.5148619322008531
8323.406147540984 0.4521589463443838
8333.417167577412 0.4811943425877423
8343.428187613841 0.5037117413754396
8353.439207650274 0.48848312504677094
8363.450227686702 0.44091895532440323
8373.461247723131 0.5448589388610342
8383.472267759562 0.5345730749083291
8393.483287795993 0.498428496595076
8403.494307832421 0.5669535283993116
8413.505327868852 0.5909975304946494
8423.516347905283 0.5482077377834319
8433.527367941711 0.5118985257801392
8443.53838797814 0.49313776846516505
8453.54940801457 0.5260345730749083
8463.560428051002 0.5176307715333384
8473.57144808743 0.48361146449150644
8483.582468123861 0.5507296265808576
8493.593488160292 0.5270223752151463
8503.60450819672 0.6023011299857816
8513.61552823315 0.6112100576217916
8523.62654826958 0.5640350220758812
8533.63756830601 0.5589313776846517
8543.64858834244 0.5433959440245454
8553.65960837887 0.62567537229664
8563.6706284153 0.5776472349023423
8573.68164845173 0.6032028736062263
8583.692668488158 0.6299333981890294
8593.70368852459 0.5949861558033376
8603.71470856102 0.5770785003367508
8613.725728597448 0.6577714585048268
8623.736748633879 0.6310820923445334
8633.74776867031 0.6854299184314899
8643.758788706738 0.6172940208037119
8653.769808743167 0.6311307341165906
8663.7808287796 0.6272543590511113
8673.791848816029 0.67833570306069
8683.802868852457 0.6845019830876301
8693.813888888888 0.563331587218439
8703.824908925319 0.6265209907954801
8713.835928961747 0.6038913417645739
8723.846948998176 0.644458579660256
8733.857969034609 0.612938711367208
8743.868989071038 0.6510139938636534
8753.880009107466 0.6351118760757314
8763.891029143897 0.7265434408441218
8773.902049180328 0.6003442340791738
8783.913069216756 0.6467634513208111
8793.924089253187 0.602529372146973
8803.935109289618 0.6105590062111801
8813.946129326047 0.6110529072812991
8823.957149362475 0.6048043104093392
8833.968169398906 0.6266781411359724
8843.979189435337 0.6236473845693332
8853.990209471765 0.5969093766369827
8864.001229508196 0.5546359350445259
8874.012249544627 0.6072139489635562
8884.023269581056 0.670253685549652
8894.034289617484 0.6375215146299483
8904.045309653915 0.5878994237820848
8914.056329690346 0.6315572850407843
8924.067349726774 0.5542842176158048
8934.078369763205 0.5837461647833571
8944.089389799636 0.5738157599341466
8954.100409836065 0.570949637057547
8964.111429872493 0.5444959964079922
8974.122449908926 0.5237895682107311
8984.133469945355 0.542834692808501
8994.144489981783 0.5307266332410387
