3508.105901639344 -1.8783424995258868
3518.117704918033 -4.343542575384032
3528.129508196721 -0.8168499905177319
3538.1413114754096 0.02089986724824578
3548.153114754098 0.17203679120045515
3558.1649180327868 1.03593779632088
3568.1767213114754 2.932675896074341
3578.188524590164 1.322207472027309
3588.2003278688526 -1.5927365825905557
3598.2121311475407 0.12789683292243506
3608.2239344262293 -0.7707187559264176
3618.235737704918 -1.0579366584487009
3628.2475409836065 -0.21822491940072067
3638.259344262295 0.6616631898350086
3648.2711475409833 1.838374739237626
3658.282950819672 3.808932296605348
3668.2947540983605 1.1595865731082877
3678.306557377049 0.9357860800303432
3688.3183606557377 2.1688791959036604
3698.3301639344263 0.8682723307415134
3708.341967213115 3.2090840128958846
3718.353770491803 -0.070293002086099
3728.3655737704917 -0.07107244452873128
3738.3773770491803 3.327517542196093
3748.389180327869 1.059738289398824
3758.400983606557 -0.08508818509387445
3768.4127868852456 1.5445666603451547
3778.424590163934 1.9150388772994502
3788.436393442623 0.8052199886212782
3798.4481967213114 1.8080788924710791
3808.46 0.45342309880523424
3818.4718032786886 2.042006447942348
3828.483606557377 0.3044282192300398
3838.4954098360654 1.103736013654466
3848.507213114754 0.519590366015551
3858.5190163934426 3.074720273089323
3868.5308196721307 0.6900341361653708
3878.5426229508194 -0.3402806751374929
3888.554426229508 1.273658259055566
3898.5662295081966 -0.29310639104873887
3908.578032786885 0.8849231936279158
3918.5898360655738 0.5943106391048739
3928.6016393442624 0.1908458183197421
3938.613442622951 0.20341361653707565
3948.625245901639 -0.19902332637967002
3958.6370491803277 0.8893134837853215
3968.6488524590163 0.2290631519059359
3978.6606557377045 0.526133131044946
3988.672459016393 1.0586952399013845
3998.6842622950817 0.603157595296795
4008.6960655737703 0.6969182628484734
4018.707868852459 0.8103072254883369
4028.7196721311475 0.5388867817181869
4038.731475409836 1.2558315949175043
4048.7432786885247 1.2673999620709273
4058.755081967213 1.0655224729755357
4068.7668852459014 0.5179309690878058
4078.77868852459 1.8779632087995448
4088.7904918032787 1.8279916556040205
4098.802295081967 1.001327517542196
4108.814098360655 1.2655035084392188
4118.825901639344 1.3778683861179595
4128.837704918033 1.1273468613692397
4138.849508196721 2.415892281433719
4148.86131147541 2.217807699601745
4158.873114754098 2.9946899298312157
4168.884918032787 2.19609330551868
4178.896721311476 2.3026739996207093
4188.908524590164 2.2920538592831403
4198.920327868852 2.888014413047601
4208.9321311475405 2.1556988431632846
4218.943934426229 2.116916366394842
4228.955737704918 2.0282571591124596
4238.967540983606 2.6153992034894746
4248.979344262295 2.7528920917883557
4258.991147540984 1.990138441115115
4269.002950819672 1.7430305329034705
4279.014754098361 2.310828750237057
4289.026557377048 2.099563815664707
4299.038360655737 1.815000948226816
4309.050163934426 1.8528351981794045
4319.061967213114 2.1052531765598332
4329.073770491803 2.5076806372084204
4339.0855737704915 2.4827422719514507
4349.09737704918 3.0751943864972504
4359.109180327869 2.732694860610658
4369.120983606557 2.3388962639863458
4379.132786885246 2.6939123838422154
4389.1445901639345 2.948795751943865
4399.156393442623 2.3307415133699982
4409.168196721312 2.4728807130665653
4419.18 2.4371325621088564
4429.191803278688 2.089891902142993
4439.203606557377 1.9202541247866491
4449.215409836065 2.130191541816803
4459.227213114754 2.7905366963777736
4469.239016393442 1.9543902901574057
4479.250819672131 1.8425943485681775
4489.26262295082 2.1263512232125925
4499.274426229508 2.240565143182249
4509.286229508197 2.1856628105442826
4519.2980327868845 1.8092167646501043
4529.309836065573 0.9588469561919212
4539.321639344262 1.1907832353498957
4549.33344262295 1.6328465769011948
4559.345245901639 1.9852076616726722
4569.3570491803275 1.2035842973639295
4579.368852459016 1.2514697515645743
4589.380655737705 1.198463872558316
4599.392459016393 1.245685567987863
4609.404262295082 1.3862127820974777
4619.4160655737705 1.4009102977432202
4629.427868852459 1.1546557936658446
4639.439672131148 1.1404323914280297
4649.451475409836 1.459890005689361
4659.463278688525 1.6434667172387636
4669.475081967213 1.7272899677602884
4679.486885245901 1.6143561539920348
4689.49868852459 1.5253176559833113
4699.5104918032785 1.1364498388014412
4709.522295081967 1.7611416650862886
4719.534098360656 1.793950312914849
4729.545901639344 1.5018016309501234
4739.557704918032 1.7631329413995827
4749.569508196721 1.5859093495164045
4759.581311475409 1.4432960364119098
4769.593114754098 1.823914280295847
4779.604918032786 1.5649535368860232
4789.616721311475 1.9123838422150579
4799.628524590164 2.021998862127821
4809.640327868852 1.8590934951640432
4819.652131147541 1.8440166887919591
4829.663934426229 1.932201782666414
4839.675737704918 1.8072254883368102
4849.687540983607 1.757917693912384
4859.699344262295 1.7846576901194766
4869.711147540984 2.021050635311967
4879.722950819672 2.0556609140906503
4889.73475409836 1.847904418736962
4899.746557377049 1.8715152664517354
4909.758360655737 2.0791295277830457
4919.770163934426 2.0992793476199507
4929.7819672131145 1.5719704153233454
4939.793770491803 1.9490802199886212
4949.805573770492 1.4665275934003414
4959.81737704918 1.4623553954105823
4969.829180327868 1.5223781528541627
4979.840983606557 1.3602313673430686
4989.852786885245 1.353783424995259
4999.864590163934 1.72766925848663
5009.876393442622 1.516593969277451
5019.888196721311 1.3109235729186421
5029.9 1.876635691257349
5039.911803278688 1.6209937417030154
5049.923606557377 1.1634268917124977
5059.935409836065 1.3396548454390291
5069.947213114754 1.391238384221506
5079.959016393443 1.3242935710221886
5089.970819672131 1.7554523041911625
5099.98262295082 1.389531575952968
5109.9944262295085 1.2158164232884505
5120.006229508196 1.2978380428598522
5130.018032786885 1.3403186042101272
5140.029836065573 1.3395600227574436
5150.041639344262 1.2215057841835768
5160.053442622951 1.0441873696188129
5170.065245901639 1.2447373411720084
5180.077049180328 1.0840128958846957
5190.088852459016 1.0159302105063532
5200.100655737704 0.7926227953726531
5210.112459016393 0.8649250900815475
5220.124262295081 1.026360705480751
5230.13606557377 0.9060970984259435
5240.1478688524585 1.4179783804285986
5250.159672131147 1.1865162146785513
5260.171475409836 1.0149819836904987
5270.183278688524 1.1549402617106013
5280.195081967213 1.1253555850559456
5290.2068852459015 1.3259055566091411
5300.21868852459 1.303242935710222
5310.230491803279 1.0153612744168405
5320.242295081967 1.2081357860800304
5330.254098360656 1.277498577659776
5340.2659016393445 1.1953347240659966
5350.277704918032 1.1881282002655034
5360.289508196721 1.0209558126303813
5370.301311475409 1.2225488336810164
5380.313114754098 1.0522472975535748
5390.324918032787 1.228996776028826
5400.336721311475 1.2893040015171628
5410.348524590164 1.2166698274227195
5420.3603278688515 1.390195334724066
5430.37213114754 1.2113597572539352
5440.383934426229 1.4557178076996016
5450.395737704917 1.4461407168594727
5460.407540983606 1.3461027877868386
5470.4193442622945 1.1235539541058222
5480.431147540983 1.4338137682533663
5490.442950819672 1.3582400910297743
5500.45475409836 1.333965484543903
5510.466557377049 1.3442063341551298
5520.478360655738 1.3585245590745307
5530.490163934426 1.2907263417409445
5540.501967213115 1.6033567229281245
5550.513770491803 1.2100322397117391
5560.525573770492 1.4558126303811874
5570.537377049181 1.2519438649725014
5580.549180327869 0.8423193627915798
5590.560983606557 0.7320974777166699
5600.5727868852455 0.9099943106391049
5610.584590163934 1.0766167267210316
5620.596393442623 1.102076616726721
5630.608196721311 0.8856817750805993
5640.619999999999 1.0386876540868575
5650.631803278688 1.0578418357671155
5660.643606557376 1.2112649345723498
5670.655409836065 1.305234212023516
5680.667213114753 1.1360705480750994
5690.679016393442 1.063626019343827
5700.690819672131 1.4072634174094443
5710.702622950819 1.2846576901194766
5720.714426229508 0.9923193627915797
5730.726229508196 1.1445097667362034
5740.738032786885 1.1983690498767305
5750.749836065574 1.229850180163095
5760.761639344262 0.9495021809216766
5770.773442622951 1.078418357671155
5780.785245901639 0.8548264744926987
5790.797049180328 0.9441684050824958
5800.808852459017 1.0672292812440736
5810.820655737705 0.6426986535179215
5820.832459016393 0.9126019343827043
5830.8442622950815 0.7723117769770529
5840.85606557377 1.3012516593969279
5850.867868852459 1.197420823060876
5860.879672131147 1.1641380618243884
5870.891475409835 1.383842215057842
5880.903278688524 1.2930020860989948
5890.915081967212 1.3800493077944245
5900.926885245901 1.3786743789114355
5910.938688524589 1.546178645932107
5920.950491803278 1.362317466337948
5930.962295081967 1.3656362601934382
5940.974098360655 1.4666224160819268
5950.985901639344 1.2801062014033757
5960.9977049180325 1.2918642139199696
5971.009508196721 1.2771666982742271
5981.02131147541 1.3717049118149063
5991.033114754098 1.4817940451355964
6001.044918032787 1.3133889626398634
6011.0567213114755 1.4155129907073771
6021.068524590164 1.2607623743599468
6031.080327868853 1.1911625260762375
6041.092131147541 1.424473734117201
6051.103934426229 1.3190783235349897
6061.115737704918 1.291484923193628
6071.127540983606 1.3877299450028446
6081.139344262295 1.483216385359378
6091.1511475409825 1.3007775459890005
6101.162950819671 1.5479802768822304
6111.17475409836 1.3426891712497628
6121.186557377048 1.159681395789873
6131.198360655737 1.2511852835198178
6141.2101639344255 1.381471648018206
6151.221967213114 1.0026550350843921
6161.233770491803 1.2007396169163664
6171.245573770491 1.3006827233074152
6181.25737704918 1.1409065048359566
6191.2691803278685 0.9752512801062014
6201.280983606557 1.1899298312156268
6211.292786885246 1.357481509577091
6221.304590163934 1.268158543523611
6231.316393442623 1.2301346482078512
6241.3281967213115 1.0464631139768632
6251.34 1.1674568556798788
6261.351803278689 1.2125924521145457
6271.363606557376 1.1727669258486628
6281.375409836065 1.134174094443391
6291.387213114754 1.184999051773184
6301.399016393442 1.2030153612744168
6311.410819672131 1.262943296036412
6321.422622950819 1.1596339844490802
6331.434426229507 1.311113218281813
6341.446229508196 1.1682154371325622
6351.458032786884 0.9711739047980277
6361.469836065573 1.0558505594538212
6371.481639344262 1.0663758771098046
6381.49344262295 1.147923383273279
6391.505245901639 1.0435236108477148
6401.517049180327 0.9542954674758202
6411.528852459016 0.8654371325621089
6421.540655737705 1.0135596434667171
6431.552459016393 1.0
6441.564262295082 1.0510146026929643
6451.57606557377 0.9056135027498577
6461.587868852459 0.8551678361464062
6471.599672131148 0.8862601934382704
6481.611475409836 0.7393040015171629
6491.623278688525 0.7516499146595866
6501.6350819672125 0.7444149440546178
6511.646885245901 0.8296320879954485
6521.65868852459 0.6714963019154182
6531.670491803278 0.7405651431822492
6541.682295081967 0.5267494784752512
6551.694098360655 0.8090271192869334
6561.705901639343 0.6402522283330172
6571.717704918032 0.7192490043618434
6581.72950819672 0.7796700170680827
6591.741311475409 0.8517068082685378
6601.753114754098 0.8463113976863266
6611.764918032786 0.8413616537075669
6621.776721311475 0.9574246159681397
6631.788524590163 1.1272520386876541
6641.800327868852 0.9351981794045136
6651.812131147541 1.2181869903280864
6661.823934426229 0.979518300777546
6671.835737704918 1.2608571970415325
6681.847540983606 1.11217523231557
6691.859344262295 1.1600606865162146
6701.871147540984 1.2437891143561541
6711.882950819672 1.2778304570453252
6721.894754098361 1.0245590745306277
6731.906557377049 1.1192869334344775
6741.918360655737 1.21406220367912
6751.930163934426 1.2369618812820027
6761.941967213114 1.2227384790441875
6771.953770491803 1.1179594158922814
6781.965573770491 1.043333965484544
6791.977377049179 1.4204437701498198
6801.989180327868 1.1343637398065616
6812.0009836065565 1.2472027308932296
6822.012786885245 1.3223971173904798
6832.024590163934 1.136165370756685
6842.036393442622 1.3014413047600988
6852.048196721311 1.111701118907643
6862.0599999999995 1.063626019343827
6872.071803278688 1.1623364308742652
6882.083606557377 1.0660439977242557
6892.095409836065 1.1706808268537834
6902.107213114754 0.8725298691446994
6912.1190163934425 1.0398255262658829
6922.130819672131 0.9512611416650864
6932.14262295082 1.1373980656172957
6942.154426229508 0.981035463682913
6952.166229508197 1.0198179404513559
6962.178032786885 0.9821733358619382
6972.189836065573 1.049687085150768
6982.201639344262 1.0870472216954297
6992.21344262295 1.0712118338706618
7002.225245901638 1.0086288640242747
7012.237049180327 0.9444623553954106
7022.248852459015 0.9633036222264364
7032.260655737704 1.076427081357861
7042.2724590163925 1.010051204248056
7052.284262295081 1.0091029774322018
7062.29606557377 1.0028446804475633
7072.307868852458 0.8967949933624123
7082.319672131147 0.8443864972501423
7092.331475409836 0.8513749288829888
7102.343278688524 0.9943106391048738
7112.355081967213 0.9487009292622794
7122.366885245901 0.8939218661103736
7132.37868852459 0.9435994689929832
7142.390491803279 0.8525317655983311
7152.402295081967 0.9062772615209559
7162.414098360656 0.9060212402806751
7172.425901639344 0.7850749099184525
7182.437704918032 0.7854067893040015
7192.449508196721 0.7749952588659207
7202.461311475409 0.849004361843353
7212.473114754098 0.8472691067703395
7222.4849180327865 0.9422814337189456
7232.496721311474 0.828105442821923
7242.508524590163 0.82721410961502
7252.520327868851 0.8002749857765977
7262.53213114754 0.8393419305897971
7272.543934426229 0.7702256779821733
7282.555737704917 0.8326664138061824
7292.567540983606 0.767428408875403
7302.579344262294 0.708600417219799
7312.591147540983 0.8378674378911436
7322.602950819672 0.8169732600037929
7332.61475409836 0.7451545609709842
7342.626557377049 0.6746444149440546
7352.638360655737 0.818300777545989
7362.650163934426 0.7726246918262849
7372.661967213115 0.9294803717049118
7382.673770491803 0.6531101839560023
7392.685573770492 0.7891238384221506
7402.69737704918 0.8748056135027499
7412.709180327868 0.6933529300208611
7422.720983606557 0.8524274606485872
7432.732786885245 0.7463113976863266
7442.744590163934 0.8261426133131045
7452.7563934426225 0.7279395031291485
7462.76819672131 0.7711359757253935
7472.779999999999 0.8463398444908021
7482.791803278687 0.7610468424047032
7492.803606557376 0.7900056893608951
7502.815409836065 0.8175232315569885
7512.827213114753 0.6762089891902143
7522.839016393442 0.743352930020861
7532.8508196721305 0.6306561729565712
7542.862622950819 0.7488526455528163
7552.874426229508 0.777233074151337
7562.886229508196 0.8764081168215437
7572.898032786885 0.7059453821354068
7582.9098360655735 0.9411245970036033
7592.921639344262 0.8394320121373032
7602.933442622951 0.713834629243315
7612.945245901639 0.6550730134648208
7622.957049180328 0.5765503508439218
7632.9688524590165 0.728958846956192
7642.980655737705 0.7454769580883748
7652.992459016394 0.7830836336051584
7663.004262295081 0.6935994689929831
7673.016065573769 0.6824862507111701
7683.027868852458 0.6175232315569885
7693.039672131146 0.6702446425184905
7703.051475409835 0.5605347999241419
7713.0632786885235 0.6914754409254694
7723.075081967212 0.7187938554902333
7733.086885245901 0.4932438839370378
7743.098688524589 0.6684050824957329
7753.110491803278 0.690546178645932
7763.1222950819665 0.804257538403186
7773.134098360655 0.8558505594538214
7783.145901639344 0.6733263796700171
7793.157704918032 0.5968139578987294
7803.169508196721 0.6402427460648588
7813.1813114754095 0.7772994500284468
7823.193114754098 0.698710411530438
7833.204918032787 0.6192110752892093
7843.216721311475 0.7648302673999621
7853.228524590164 0.7941209937417031
7863.240327868853 0.6159776218471459
7873.252131147541 0.6482600037929072
7883.26393442623 0.5479518300777546
7893.275737704917 0.7203205006637589
7903.287540983605 0.6390859093495165
7913.299344262294 0.723952209368481
7923.311147540982 0.4453347240659966
7933.322950819671 0.633880144130476
7943.33475409836 0.666328465769012
7953.346557377048 0.6259624502180922
7963.358360655737 0.6464536317087047
7973.370163934425 0.5617106011758013
7983.381967213114 0.7075952967949933
7993.393770491803 0.6681585435236109
8003.405573770491 0.6820974777166698
8013.41737704918 0.6062488147164803
8023.429180327868 0.6312820026550351
8033.440983606557 0.5661862317466337
8043.452786885246 0.5717523231556989
8053.464590163934 0.46564574246159685
8063.476393442623 0.6704911814906125
8073.488196721311 0.5984164612175232
8083.5 0.6286648966432771
8093.511803278689 0.6172577280485492
8103.523606557377 0.7011947657879766
8113.535409836065 0.5140337568746445
8123.547213114753 0.5064858714204438
8133.559016393441 0.7275744358050446
8143.57081967213 0.6346861369239523
8153.582622950818 0.6428029584676654
8163.594426229507 0.7189076427081358
8173.606229508196 0.6973639294519249
8183.618032786884 0.6977337379101081
8193.629836065573 0.6291010809785701
8203.641639344261 0.6076332258676276
8213.65344262295 0.48384221505784186
8223.665245901639 0.7047695808837474
8233.677049180327 0.649668120614451
8243.688852459016 0.6341930589797079
8253.700655737704 0.6012801062014034
8263.712459016393 0.6552816233643087
8273.724262295082 0.6274322017826665
8283.73606557377 0.6393798596624312
8293.747868852459 0.7028446804475631
8303.759672131147 0.7588754029963967
8313.771475409836 0.6039635880902712
8323.783278688525 0.581803527403755
8333.795081967213 0.6580694102029205
8343.8068852459 0.6494310639104874
8353.818688524589 0.6486819647259625
8363.830491803277 0.618613692395221
8373.842295081966 0.6460933055186802
8383.854098360654 0.6324957329793287
8393.865901639343 0.7228996776028827
8403.877704918032 0.5444813199317277
8413.88950819672 0.5390384980087237
8423.901311475409 0.545552816233643
8433.913114754097 0.4384126683102599
8443.924918032786 0.5901574056514318
8453.936721311475 0.49844490802199887
8463.948524590163 0.6164801820595487
8473.960327868852 0.5766546557936658
8483.97213114754 0.5898729376066755
8493.98393442623 0.5134458562488147
8503.995737704918 0.54270813578608
8514.007540983606 0.5470794614071686
8524.019344262295 0.42185662810544283
8534.031147540984 0.5355300587900625
8544.042950819672 0.5206523800493078
8554.05475409836 0.28674378911435616
8564.06655737705 0.5378816612933814
8574.078360655738 0.5301773184145647
8584.090163934425 0.46953347240659965
8594.101967213113 0.40016119855869525
8604.113770491802 0.5565143182249194
8614.12557377049 0.47044377014981986
8624.13737704918 0.4661388204058411
8634.149180327868 0.26100891333206905
8644.160983606556 0.5368196472596245
8654.172786885245 0.4179214868196473
8664.184590163934 0.3518774890953916
8674.196393442622 0.3363644983880144
8684.20819672131 0.3720652380049308
8694.22 0.4326190024653897
8704.231803278688 0.46104684240470317
8714.243606557377 0.5033756874644415
8724.255409836065 0.4949838801441305
8734.267213114754 0.5218092167646501
8744.279016393442 0.3988052342120235
8754.290819672131 0.5042480561350275
8764.30262295082 0.20115683671534232
8774.314426229508 0.43758771098046656
8784.326229508197 0.4809596055376446
8794.338032786885 0.5307320311018396
8804.349836065572 0.4755831594917505
8814.36163934426 0.44534420633415517
8824.37344262295 0.5976863265693154
8834.385245901638 0.45085340413426894
8844.397049180327 0.4670301536127442
8854.408852459015 0.46318983500853406
8864.420655737704 0.46446045894177884
8874.432459016392 0.37821923003982555
8884.444262295081 0.48557747013085534
8894.45606557377 0.47802958467665463
8904.467868852458 0.5234780959605537
8914.479672131147 0.4428977811492509
8924.491475409835 0.366887919590366
8934.503278688524 0.45512990707377204
8944.515081967213 0.5673715152664518
8954.526885245901 0.49754409254693727
8964.53868852459 0.3521335103356723
8974.550491803278 0.5338327327896834
8984.562295081967 0.5782476768443012
8994.574098360656 0.5084866300018964
