3507.325928961749 -3.023073373327181
3517.337786885246 0.40807568066451316
3527.3496448087435 2.547577295800646
3537.3615027322403 1.729026303645593
3547.373360655738 1.8139363174896173
3557.385218579235 -0.3387078910936779
3567.3970765027325 -0.7946746654360868
3577.4089344262293 1.456114443931703
3587.420792349727 -2.546931241347485
3597.432650273224 0.1737794185509922
3607.4445081967215 0.17369635440701434
3617.456366120219 1.6670973696354408
3627.468224043716 -0.43313336409783115
3637.4800819672137 1.208020304568528
3647.4919398907105 0.5211813567143516
3657.503797814208 -1.4866635902168899
3667.515655737705 1.2192893401015228
3677.5275136612026 0.6597508075680666
3687.5393715846994 -1.797415782187356
3697.551229508197 -0.5009598523304107
3707.563087431694 -1.6763267189663131
3717.5749453551916 0.6454545454545455
3727.5868032786884 -0.31818181818181823
3737.598661202186 1.193724042455007
3747.610519125683 1.5156437471158286
3757.6223770491806 0.41503461005999076
3767.6342349726774 -0.11560682971850486
3777.646092896175 0.3842455006922012
3787.6579508196724 -0.7413474850023074
3797.6698087431696 -0.17695431472081222
3807.681666666667 1.1620673742501155
3817.693524590164 -0.2673373327180434
3827.705382513662 1.6928472542685742
3837.7172404371586 0.7054730041532072
3847.7290983606563 -0.49994462390401484
3857.740956284153 -0.5741024457775727
3867.7528142076508 0.8286848177203507
3877.7646721311476 0.46872173511767423
3887.7765300546453 0.07630641439778496
3897.788387978142 0.43597138901707433
3907.8002459016398 -0.3950438394093217
3917.8121038251365 0.7491093677895709
3927.8239617486342 0.7109367789570836
3937.835819672131 -0.28936778957083525
3947.8476775956287 0.8409967697277343
3957.8595355191255 -0.3261744347023535
3967.8713934426232 -0.5198431010613752
3977.8832513661205 0.20368251038301802
3987.8951092896177 0.22025842178126445
3997.906967213115 -0.17673281033687127
4007.918825136612 -0.14024919243193357
4017.93068306011 0.8086294416243656
4027.9425409836067 1.1280572219658516
4037.9543989071044 0.1824365482233503
4047.966256830601 0.3367881864328565
4057.978114754099 1.0
4067.9899726775957 0.6137332718043379
4078.0018306010934 0.5638855560682973
4088.01368852459 0.5318043377941856
4098.025546448088 0.19939086294416247
4108.037404371585 0.7049653899400093
4118.049262295082 0.042441162898015694
4128.061120218579 0.6280018458698663
4138.072978142077 0.6328934010152285
4148.084836065575 0.6104291647438856
4158.096693989071 0.6139270881402861
4168.108551912568 0.74433779418551
4178.120409836066 0.8935486848177204
4188.132267759564 0.35127826488232583
4198.14412568306 1.116474388555607
4208.155983606557 0.6489247808029535
4218.167841530055 1.0583294877711122
4228.1796994535525 0.32500230733733276
4238.191557377049 1.0098754037840334
4248.203415300546 0.834157821873558
4258.215273224044 0.7952284263959392
4268.2271311475415 0.586497461928934
4278.238989071038 1.0021227503461008
4288.250846994536 0.7591001384402399
4298.262704918033 0.8731056760498386
4308.2745628415305 1.0151361329026305
4318.286420765027 0.8030549146285189
4328.298278688525 0.8883710198431012
4338.310136612023 1.1189663128749423
4348.3219945355195 0.9791416705122289
4358.333852459016 1.3104753114905399
4368.345710382514 0.6605537609598523
4378.357568306012 0.7595846792801109
4388.3694262295085 0.45544993077988005
4398.381284153005 0.5120535302261191
4408.393142076503 0.4680110752191971
4418.405000000001 0.724656206737425
4428.416857923497 1.014951545916013
4438.428715846994 0.7959113982464237
4448.440573770492 0.34835256114443935
4458.45243169399 0.5912782648823259
4468.464289617486 0.708167974157822
4478.476147540984 0.9657591139824643
4488.488005464481 0.9107429626211352
4498.499863387979 0.7985694508537149
4508.511721311475 0.7219381633594832
4518.523579234973 1.0323027226580528
4528.53543715847 0.6694231656668205
4538.547295081968 0.9326257498846332
4548.559153005464 0.6740009229349332
4558.571010928962 0.8532441162898017
4568.58286885246 0.979418550992155
4578.594726775957 0.5419289340101524
4588.606584699453 0.8378126442085834
4598.618442622951 0.8774250115366867
4608.630300546449 0.7086479003230273
4618.642158469946 0.6673004153207199
4628.654016393442 0.6447900323027227
4638.66587431694 0.8907891093677897
4648.677732240438 0.8657591139824643
4658.689590163935 0.3543331795108445
4668.701448087432 0.801596677434241
4678.713306010929 0.9850946008306416
4688.725163934427 0.7904660821412091
4698.7370218579235 0.8033687125057684
4708.748879781421 1.1801568989386249
4718.760737704918 0.8882971850484542
4728.772595628416 1.2032302722658055
4738.7844535519125 1.071988924780803
4748.79631147541 1.2612828795569915
4758.808169398908 1.1856022150438394
4768.820027322405 1.1544993077988002
4778.8318852459015 1.1838486386709737
4788.843743169399 1.2058144900784495
4798.855601092897 1.2042455006922013
4808.867459016394 1.121965851407476
4818.8793169398905 1.2747577295800647
4828.891174863388 1.2082141209044763
4838.903032786886 1.27005076142132
4848.914890710383 1.0141209044762345
4858.92674863388 1.115828334102446
4868.938606557377 1.1112136594370097
4878.950464480875 1.0038763267189663
4888.962322404372 1.0217812644208584
4898.974180327869 1.1401015228426397
4908.986038251366 0.8114997692662669
4918.997896174864 0.8714536225196124
4929.009754098361 0.9100692201199817
4939.021612021858 0.9348407937240425
4949.033469945356 0.7665805260729119
4959.045327868853 0.5483341024457776
4969.05718579235 0.618707891093678
4979.069043715847 0.9197784956160592
4989.080901639345 0.9446239040147671
4999.092759562842 1.1142593447161977
5009.104617486339 1.2196585140747578
5019.116475409836 1.0550069220119982
5029.128333333334 1.1409321642824182
5039.140191256831 1.0036917397323488
5049.1520491803285 1.2593447161975082
5059.163907103825 1.0942316566682049
5069.175765027323 1.1370096908167975
5079.18762295082 1.197415782187356
5089.1994808743175 1.0396862021227504
5099.211338797814 1.1528380249192434
5109.223196721312 1.182464236271343
5119.235054644809 1.0327641901245963
5129.2469125683065 1.0118135671435164
5139.258770491804 1.2185509921550532
5149.270628415301 1.2502999538532535
5159.282486338798 1.244854637748039
5169.294344262295 1.1999077065066914
5179.306202185793 1.3329026303645592
5189.31806010929 1.197046608214121
5199.329918032787 1.2693585602215045
5209.341775956284 1.27798800184587
5219.353633879782 0.9895708352561146
5229.365491803279 1.3129672358098756
5239.377349726777 1.2028610982925705
5249.389207650273 1.1629903091832028
5259.401065573771 1.2868481772035074
5269.412923497268 0.9526534379326258
5279.424781420766 0.8465066912782649
5289.436639344262 0.8037286571296723
5299.44849726776 0.8264974619289341
5309.460355191257 0.8125057683433319
5319.472213114755 0.9399169358560222
5329.484071038252 0.7750161513613291
5339.495928961749 1.027734194739271
5349.507786885246 1.0850023073373327
5359.519644808744 1.0359021688970929
5369.531502732241 0.857046608214121
5379.543360655738 1.0672819566220584
5389.555218579235 1.247438855560683
5399.567076502733 1.1028149515459162
5409.57893442623 0.2739824642362714
5419.590792349727 1.1822796492847254
5429.602650273225 0.993724042455007
5439.6145081967215 0.9556991232118137
5449.626366120219 1.1367789570835258
5459.638224043716 1.0632210429164743
5469.650081967214 1.0581910475311491
5479.6619398907105 1.179418550992155
5489.673797814208 1.2935856022150438
5499.685655737705 1.2860175357637287
5509.697513661203 1.0554683894785417
5519.7093715847 1.27798800184587
5529.721229508197 1.2870327641901247
5539.733087431694 1.0898015689893865
5549.744945355192 1.1431472081218275
5559.7568032786885 1.23248730964467
5569.768661202186 1.2352561144439318
5579.780519125684 1.3093677895708353
5589.792377049181 1.2100599907706506
5599.804234972678 1.1993539455468392
5609.816092896175 1.012921089063221
5619.827950819673 1.1059529303184126
5629.83980874317 1.119427780341486
5639.851666666667 1.0794646977388094
5649.863524590164 1.1789570835256116
5659.875382513662 0.8919335486848178
5669.887240437159 1.084910013844024
5679.899098360656 1.0924780802953393
5689.910956284153 1.2302722658052607
5699.922814207651 1.2770650669127828
5709.934672131148 1.1832948777111214
5719.946530054645 1.1982464236271344
5729.958387978142 1.1903553299492386
5739.97024590164 1.0583294877711122
5749.982103825137 1.2911859713890173
5759.993961748634 1.190770650669128
5770.005819672131 1.2439317028149517
5780.017677595629 1.2489155514536225
5790.0295355191265 1.1216428241808953
5800.041393442623 1.2158744808491002
5810.053251366121 1.0711582833410247
5820.065109289618 1.1649284725426858
5830.0769672131155 1.1227503461005999
5840.088825136612 1.2131979695431474
5850.10068306011 1.0678357175819106
5860.112540983607 1.1483617904937704
5870.1243989071045 1.1006922011998157
5880.136256830601 1.243839409321643
5890.148114754099 1.162898015689894
5900.159972677596 1.227318874019382
5910.1718306010935 1.0
5920.18368852459 1.2553760959852331
5930.195546448088 1.1481310567604985
5940.207404371585 1.0105214582371944
5950.219262295082 1.2673742501153669
5960.231120218579 1.1225657591139826
5970.242978142077 1.0337794185509923
5980.254836065575 1.163820950622981
5990.266693989071 1.0587448084910014
6000.278551912569 1.0493770189201663
6010.290409836066 1.1537609598523304
6020.302267759564 1.1334563913244118
6030.31412568306 1.0712505768343332
6040.325983606558 1.1126903553299494
6050.337841530055 1.0692201199815414
6060.349699453553 1.1643747115828336
6070.361557377049 1.14370096908168
6080.373415300547 1.2482694970004615
6090.385273224044 1.0841716658975544
6100.397131147542 1.2452238117212737
6110.408989071038 1.2077526534379328
6120.420846994536 1.0152745731425936
6130.432704918033 1.2431010613751732
6140.444562841531 1.0215043839409323
6150.456420765027 1.1269958467928012
6160.468278688525 1.0406091370558377
6170.480136612023 1.2435625288417167
6180.49199453552 1.1110290724503924
6190.503852459017 1.1739732348869405
6200.515710382514 1.2651592062759576
6210.527568306012 1.1315182279649285
6220.5394262295085 1.131702814951546
6230.551284153006 1.2225196123673283
6240.563142076503 1.1785879095523766
6250.575000000001 1.046285186894324
6260.5868579234975 1.0430087678818645
6270.598715846995 1.1819104753114906
6280.610573770492 1.1438855560682972
6290.62243169399 1.217258883248731
6300.6342896174865 1.185417628057222
6310.646147540984 1.2754960775265345
6320.658005464481 1.0425473004153207
6330.669863387979 1.0359944623904016
6340.6817213114755 1.0929395477618828
6350.693579234973 1.1179510844485465
6360.705437158471 1.177480387632672
6370.717295081968 1.120719889247808
6380.729153005465 1.1308721735117673
6390.741010928962 1.129118597138902
6400.75286885246 0.948961698200277
6410.764726775957 1.0493770189201663
6420.776584699454 1.0653437932625751
6430.788442622951 0.9956622058144902
6440.800300546449 1.1044762344254733
6450.812158469946 1.1365020766035996
6460.824016393443 0.9486848177203508
6470.83587431694 1.131702814951546
6480.847732240438 1.1005999077065067
6490.859590163935 0.9677895708352562
6500.871448087432 1.0685740655283802
6510.883306010929 1.0249653899400093
6520.895163934427 1.0791878172588834
6530.907021857924 1.0130133825565297
6540.918879781421 1.1798800184586988
6550.930737704918 0.9458237194277803
6560.942595628416 0.9459160129210891
6570.9544535519135 1.0334102445777573
6580.96631147541 1.0227964928472544
6590.978169398908 0.9531149053991694
6600.990027322405 0.9959390862944163
6611.0018852459025 0.9223257960313799
6621.013743169399 1.0284263959390865
6631.025601092897 0.9134933087217353
6641.037459016394 0.9446239040147669
6651.0493169398915 0.783396400553761
6661.061174863388 0.8938809413936318
6671.073032786886 0.8818735579141671
6681.084890710383 1.0017535763728658
6691.09674863388 0.7852514997692663
6701.108606557377 0.8680387632671898
6711.120464480875 1.0306414397784958
6721.132322404372 1.0866635902168897
6731.144180327869 1.1324411628980158
6741.156038251366 1.3952007383479466
6751.167896174864 1.4000000000000001
6761.179754098362 1.3341947392708815
6771.191612021858 1.4571758191047532
6781.203469945356 1.4421781264420859
6791.215327868853 1.4898938624826952
6801.227185792351 1.6497461928934012
6811.239043715847 1.3173050299953855
6821.250901639345 1.6251038301799723
6831.262759562842 1.5401015228426398
6841.27461748634 1.2677434240886019
6851.286475409836 1.2969081679741579
6861.298333333334 1.2598984771573605
6871.310191256831 1.241532071988925
6881.322049180329 1.1809875403784036
6891.333907103825 1.4011998154130134
6901.345765027323 1.1966774342408861
6911.35762295082 1.2934933087217353
6921.369480874318 1.136686663590217
6931.381338797814 1.134656206737425
6941.393196721312 0.9978772496538995
6951.405054644809 1.0653437932625751
6961.4169125683065 1.035809875403784
6971.428770491804 1.3064143977849563
6981.440628415301 1.033871712044301
6991.452486338799 1.2712505768343332
7001.4643442622955 1.0400553760959854
7011.476202185793 1.054822335025381
7021.48806010929 0.998431010613752
7031.499918032788 1.1632210429164744
7041.5117759562845 1.066728195662206
7051.523633879782 0.9807106598984773
7061.535491803279 1.0549146285186894
7071.547349726777 1.1029995385325335
7081.5592076502735 0.9938163359483158
7091.571065573771 1.02095062298108
7101.582923497268 0.962528841716659
7111.594781420766 1.1940009229349333
7121.6066393442625 1.1323488694047072
7131.61849726776 0.9813567143516382
7141.630355191257 0.9155237655745271
7151.642213114755 0.9933548684817721
7161.654071038252 0.9497923396400554
7171.665928961749 1.1546377480387633
7181.677786885247 0.9716658975542225
7191.689644808744 0.9485002307337334
7201.701502732241 1.0510383017997234
7211.713360655738 1.0894323950161513
7221.725218579236 1.0539916935856022
7231.737076502733 1.0431010613751732
7241.74893442623 0.9997231195200739
7251.760792349727 0.9121089063221044
7261.772650273225 0.9253345639132441
7271.784508196722 1.0709736963544072
7281.796366120219 1.060083064143978
7291.808224043716 1.0735579141670513
7301.820081967214 0.9603599446239042
7311.831939890711 1.1847715736040612
7321.843797814208 0.9728657129672359
7331.855655737705 0.8791601292108907
7341.867513661203 0.867808029533918
7351.8793715847005 1.030549146285187
7361.891229508197 0.9087401938163361
7371.903087431695 0.9183571758191048
7381.914945355192 1.0468850946008308
7391.9268032786895 0.8403137978772497
7401.938661202186 0.857111213659437
7411.950519125684 1.0631287494231656
7421.962377049181 0.9322565759113983
7431.9742349726785 0.9558375634517767
7441.986092896175 0.9485002307337334
7451.997950819673 1.0980156898938627
7462.00980874317 0.9636363636363637
7472.021666666667 0.9505306875865253
7482.033524590164 0.9450853714813107
7492.045382513662 0.9440701430549147
7502.057240437159 0.9033871712044302
7512.069098360656 0.925703737886479
7522.080956284153 0.8193908629441625
7532.092814207651 1.0708814028610985
7542.104672131149 1.0116289801568992
7552.116530054645 1.0577757268112598
7562.128387978143 0.8664559298569452
7572.14024590164 0.8491093677895709
7582.152103825138 0.9892016612828797
7592.163961748634 1.1002307337332717
7602.175819672132 0.7057683433317952
7612.187677595629 0.9928011075219199
7622.199535519126 0.8193447161975081
7632.211393442623 1.067005076142132
7642.223251366121 1.1789570835256116
7652.235109289618 0.9540378403322567
7662.246967213116 1.0204891555145361
7672.258825136613 0.8824088601753577
7682.27068306011 1.0190124596215968
7692.282540983607 1.0388094139363175
7702.294398907105 0.9061098292570375
7712.306256830602 0.994739270881403
7722.318114754099 0.7632395016151362
7732.329972677596 0.9873557914167053
7742.3418306010935 0.9785879095523766
7752.353688524591 1.026949700046147
7762.365546448088 1.0409783110290725
7772.377404371585 1.011998154130134
7782.3892622950825 1.043193354868482
7792.40112021858 0.9033041070604523
7802.412978142077 1.0729118597138902
7812.424836065574 1.0360867558837104
7822.4366939890715 1.0591601292108908
7832.448551912569 0.9402861098292571
7842.460409836066 1.005629903091832
7852.472267759564 0.8965851407475774
7862.484125683061 0.9782187355791419
7872.495983606558 0.9351176742039687
7882.507841530055 0.9029072450392248
7892.519699453553 1.0578680203045687
7902.53155737705 0.8105860636825104
7912.543415300547 1.0558375634517767
7922.555273224044 0.8380249192431934
7932.567131147542 1.0526072911859716
7942.578989071039 1.034794646977388
7952.590846994536 0.833142593447162
7962.602704918033 0.8635809875403785
7972.614562841531 0.8711490539916936
7982.626420765028 1.1380710659898479
7992.638278688525 0.8645039224734657
8002.650136612022 0.8017535763728658
8012.66199453552 0.9563451776649747
8022.673852459017 0.9959390862944163
8032.685710382514 0.8569912321181358
8042.697568306012 0.9187078910936779
8052.7094262295095 0.9274573142593447
8062.721284153006 0.8200184586986619
8072.733142076503 0.8163544070143055
8082.745000000001 0.9404706968158747
8092.7568579234985 1.0399630826026767
8102.768715846995 1.0864790032302725
8112.780573770492 1.059344716197508
8122.79243169399 1.0833410244577757
8132.8042896174875 1.0
8142.816147540984 0.994370096908168
8152.828005464481 0.9844023996308261
8162.839863387979 0.9923396400553761
8172.8517213114765 1.054453161052146
8182.863579234973 0.8874942316566683
8192.87543715847 0.944254730041532
8202.887295081968 1.0323950161513615
8212.899153005466 0.8922888786340564
8222.911010928961 0.8486571296723582
8232.92286885246 1.0437471158283342
8242.934726775959 1.0130133825565297
8252.946584699454 0.9897554222427319
8262.958442622952 0.8967789570835256
8272.970300546449 1.0035071527457315
8282.982158469946 1.0922934933087218
8292.994016393444 0.9640055376095986
8303.00587431694 0.9047992616520537
8313.017732240438 0.8680018458698663
8323.029590163937 0.7787909552376558
8333.041448087431 1.0124596215966775
8343.05330601093 0.9998154130133826
8353.065163934427 1.0606368251038303
8363.077021857924 0.7866635902168898
8373.088879781422 0.7961329026303646
8383.100737704917 0.8358006460544533
8393.112595628416 0.9061190586063683
8403.124453551914 0.8080387632671897
8413.13631147541 1.078264882325796
8423.148169398908 1.058698661744347
8433.160027322405 0.7683341024457776
8443.171885245902 0.8678357175819106
8453.1837431694 1.0233502538071066
8463.195601092897 0.750613751730503
8473.207459016394 0.8963313336409784
8483.219316939892 0.998431010613752
8493.231174863387 0.6637378864790033
8503.243032786886 0.912496538994001
8513.254890710385 0.9738809413936318
8523.26674863388 0.7638578680203046
8533.278606557378 0.9168435625288417
8543.290464480875 0.9166958929395479
8553.302322404372 1.0649746192893401
8563.31418032787 1.004983848638671
8573.326038251365 0.8784125519150902
8583.337896174864 0.7916935856022151
8593.349754098363 0.767660359944624
8603.361612021858 0.7292108906322106
8613.373469945356 0.8844762344254731
8623.385327868853 0.840581449007845
8633.39718579235 0.8788463313336411
8643.409043715848 0.9184033225657592
8653.420901639345 0.9141393631748962
8663.432759562842 0.8206922011998155
8673.44461748634 0.834296262113521
8683.456475409836 0.8534748500230734
8693.468333333334 0.672422704199354
8703.480191256833 0.5449746192893401
8713.492049180328 0.8203137978772497
8723.503907103826 0.7449284725426858
8733.515765027323 0.6813567143516384
8743.52762295082 0.7952191970466084
8753.539480874319 0.8632025842178127
8763.551338797814 1.273004153207199
8773.563196721312 0.8831841255191509
8783.57505464481 0.8632395016151363
8793.586912568306 0.89343793262575
8803.598770491804 0.7224457775726811
8813.610628415301 0.7081310567604985
8823.622486338798 0.7084356252884172
8833.634344262297 0.8392893401015229
8843.646202185793 0.6400738347946471
8853.65806010929 0.8540193816335949
8863.669918032789 0.855057683433318
8873.681775956284 0.7725611444393171
8883.693633879782 0.9606829718504846
8893.70549180328 0.7750346100599909
8903.717349726776 0.9855099215505309
8913.729207650274 1.0014766958929395
8923.741065573771 0.668592524227042
8933.752923497268 0.9903091832025842
8943.764781420767 0.7966312874942317
8953.776639344262 0.9178957083525612
8963.78849726776 0.8773142593447163
8973.800355191259 1.1059529303184126
8983.812213114754 0.9418550992155054
8993.824071038252 0.5068297185048455
